Name	C0	C1	C2
SNUPN	0.5788753714224563	0.6845193501213519	0.7440944269854677
CRYL1	0.5474101856626511	0.7457569857465892	0.6862347011580726
TPK1	0.30446226310724733	0.32095618932787773	0.43822402445385333
GEM	0.36124660139418013	0.37824240452149716	0.813054878336177
AP000318.2	0.6253435408587021	0.6842727982542033	0.7987404882638923
ERCC1	0.7297682520613464	0.8942233398117309	0.9767077934915978
RSAD1	0.7901394031304296	0.7424594973428055	0.8041025116824192
AEBP1	0.5384532231286627	0.05793357575351131	0.6058954685265342
LEPRE1	0.6594066162819638	0.6142236335885803	1.063891671115297
RP11-127L20.6	0.27790201360249284	0.12799615907685155	0.2589245304401272
NAGS	0.3010243447523873	0.40722905133396287	0.4576065387064796
AGPAT5	0.7971915262077286	0.7679425725113281	0.7827138744032145
CNRIP1	0.38510463545851553	4.0801038067944764e-22	0.7294699006608406
LEPREL2	0.6723203638701657	0.1917468813352353	0.8770185145432147
AC046143.3	0.3949367215673107	0.39101707943130043	0.5358622249516515
TM4SF19	0.13194170167354383	0.4690910732341577	0.5394721669659952
RP1-12G14.7	0.3665215528591847	0.3129980469698947	0.4563918251357175
NOB1	0.7351700132410107	1.0368598899356458	0.9625470636553579
ENG	0.2693147362575831	0.430122313369263	0.9650825803252142
PCOLCE	0.5360244505586665	0.29300659004130425	0.8275661037249615
AC005035.1	0.6688082746525223	0.6728810414900085	0.9320396237054459
STEAP2	0.1837694266725572	0.5279220714193784	0.4668222942728505
DHH	0.2286287416152058	0.029845625913985114	0.14974212496426245
MTAP	0.6347546805640122	0.670693434721415	0.5852771582450789
TWIST2	0.03219751370680867	0.12684749174508783	0.6327451306805395
TNFRSF19	0.5758472561125089	0.25475571874358627	0.6239391986879479
ZNF589	0.6380890895429534	0.4626183945413482	0.5038834032464445
RAB31	0.26133611106365634	0.6334671353170334	1.0696118057603414
DUSP6	0.4980322574067444	0.8826550916407578	0.835117647189534
SLC2A3	0.3027163246359342	0.4112882718702361	0.9496798172014527
TMEM145	0.8010527042060219	0.10862680290474995	0.24604291694758157
EML3	0.6381832365848692	0.8363339135130715	0.8421752806719808
ADAMTSL1	0.21976668039340216	7.507014268415628e-22	0.49942931357242887
SLC20A1	0.750163629246106	0.9332902167403208	1.0012472466622
STX1A	0.6818544368698729	0.6095525375906278	0.7232960019029357
ISG20	0.3401595664573401	0.6204260769462621	0.48062120007861775
CTSL1	0.43603274781414075	0.907706111538297	1.1394702184568517
STARD8	0.20093925935512125	0.14664375128424162	0.594440372240525
TRAP1	0.8042828222691506	0.9965338452645889	0.8832350926529301
FAM216A	0.703379457344739	0.5270412544781404	0.8186804843992709
SLC35E4	0.39643048338922177	0.45714026705634075	0.6868839443526893
EXOSC2	0.7735317573882148	0.8537874618406984	0.8143247564693623
RPLP0P2	0.19111631641875815	0.221813879192075	0.28496145038685977
YBX1	0.8239930766048843	1.0811861065670219	1.0383889078752566
HRH1	1.0880445676325744e-11	0.5873747857643719	0.7074517562988462
TSPAN5	0.4464287219436817	0.5750726918165225	0.7950676048919368
CTD-2033A16.3	0.6948535440800465	1.0058599467322653	0.9280846702613877
DPYSL3	0.6653864782278341	0.3295007681978918	0.9600002591405689
PIP4K2A	0.5641646794742894	0.6331779672840421	0.8672493659660679
AC006111.1	0.6813445828593856	0.7156920553946007	0.6361070326416899
RP11-497D6.4	0.15971630266380804	0.11470853354537804	0.2624478286017339
WDR54	0.7363428764779364	0.7794080630611289	0.9191150721924876
FUT8	0.4828424669764306	0.7392484600186752	0.7822202021671928
GPR3	0.5148150740937042	0.30178823145156397	0.5732144596207175
IL1RL1	6.433407998400975e-22	0.22913183032811862	0.19631324916850038
C2orf89	0.04779125602896848	0.40823119448597783	0.46681211911507114
TOMM34	0.7560984886618284	1.0045276680655773	0.968782597692129
IFFO1	0.28755092983436475	0.0906018514512854	0.7444414081369698
HMGA1	0.8002277638515684	1.07925173495838	1.0022405396295269
KDSR	0.6189152529926627	0.7155782608372074	0.8264971019725725
BMP6	0.3320615137997126	0.2180982962209454	0.38544922321930186
ETV4	0.5196967739539908	0.8818534188213024	0.7391821291782957
PRDM8	0.27636613342122274	0.24148285007157352	0.5617688512285746
TMEM55A	0.5145226742909168	0.4006955393222044	0.8030564500200809
TM4SF19-AS1	0.24508325317362298	0.3979802723307343	0.45689434679567
CACYBP	0.8211719157794176	0.9988075055987528	0.9653330697397788
B4GALT6	0.5902993340787077	0.3723849627543374	0.6041881237218658
RP5-1160K1.6	0.6463380240747715	0.5924708284297173	0.8350061578470803
TPBG	0.26720265307738517	0.7835555581810033	0.7716641877843075
LIX1L	0.6257472055775368	0.2270242376548805	1.0325877484471646
DOCK10	0.33389810796351577	0.0629388348184176	0.7633312307333802
FKBP10	0.6455729744163364	0.7114362569196356	1.0904654843922912
NCBP2-AS1	0.7266404043398687	0.8103935708041156	0.8253976526994514
STC1	0.41980597806861353	0.2766860986613966	0.7991064706612481
ANPEP	0.08006338181551782	0.3406560761348566	0.7825104382263102
ARHGAP4	0.7672934846269668	0.3962117042279749	0.31115311448300653
RP11-82L18.2	0.2603316449935138	0.33897611865490973	0.43274013432174996
PLOD1	0.6196172971860903	0.9350034341203082	1.0501920002135723
MMP16	0.4406367346753684	1.335377619000649e-21	0.5598719656754515
NES	0.6279344188895646	0.3285723962485135	0.7287284458991578
RASA3	0.4318719324976621	0.508607939314384	0.9715552736922877
DYRK2	0.6899060062705261	0.6834030502532016	0.6466945496481618
U47924.11	0.7016498947834471	0.007539842419906594	0.6110705508662668
CMTM3	0.45222634928716343	0.4328822821136424	1.0256220342585125
IFT57	0.597816012626181	0.7660122850634072	0.8244099583395765
GNG11	0.1929247936548111	0.3920917445104821	1.2231139354435168
DOCK4	0.540100005791822	0.21852419567376521	0.5863725688992857
RPIA	0.7795321610917357	0.9022210414135067	0.8257648105308965
SRPX	0.21933721572773945	0.2798863345893578	1.03523187801305
PODXL	0.5238170837308346	0.8115978786113424	0.7715471498187823
MME	0.1618169449949994	0.3009957997966504	0.7423062342612297
RP11-443A13.3	0.3617850701666436	1.1647884509468805e-07	0.6412996330413785
KCNMA1	0.40964252299760673	0.06083528565161285	0.7347703642398206
PKIA	0.5428150548139289	0.15121061033544675	0.533085782312054
SYT7	0.679647960458136	0.6272051180955109	0.2069944679291299
KATNB1	0.7476627652616726	0.745742120041904	0.8031353869150335
SLC9A5	0.44015146073032513	0.2894464435532837	0.5141323061741463
CCDC69	0.20238147054920871	0.5330429851889735	0.45233136578269206
RPL5	0.8196932369531321	1.0788004448419133	1.0301975448756129
RP13-516M14.1	0.542065158316514	0.5214890169757876	0.5373896989994867
ARHGAP22	0.21965726598775814	0.1834675986974902	0.6488375171861449
ADAM19	0.27109572521797004	0.4031971337711809	0.8798241097932827
GPR162	0.6514771879461325	1.3364539915579893e-21	0.39869437535469615
RP11-736K20.5	0.210585772157803	0.18019865222703932	0.3166149591782443
SERPINA1	0.11303387583598033	0.6571131758506785	0.42849460212301455
RP11-1299A16.3	0.16682241183597274	0.15635552076295522	0.2429014077352229
PTGER1	0.2237674188380163	0.11276012985356548	0.24851547999973334
RP11-221N13.3	1.7039311808269088e-21	0.2018568002318282	0.6234840997623967
NAV3	0.1317769380292954	0.20959267367964685	0.738517131898189
DAP	0.7562039131360261	1.035577929042741	1.0058985908514715
ELTD1	0.03433573677340585	0.038352447140443405	0.28136725400464285
ARC	0.5067880007288268	0.14899364868250858	0.29387941196721745
MME-AS1	0.10621770136280095	0.21799608337063328	0.6289365936480795
EEF1A1P5	0.8254479907702547	1.0878627912549519	1.0447195892741763
JAK3	0.24453935386856293	0.28008038304622185	0.31086465456040185
RP11-169D4.1	0.10559698929923673	0.08385346222449322	0.1899521271729201
PFAS	0.7664791258288702	0.7188655636521842	0.8376768942812508
TMEM158	0.327735476942032	0.2873514884521439	0.900620464799134
INSC	0.16027778959206113	0.0932112692345331	0.21512950534061034
ARSJ	0.1698171747160192	0.5240702778823859	0.861704543133935
GNL3	0.8084352605069383	1.0223186716083135	0.9819291561144113
GLUD1	0.7476465787689998	1.0359713891871773	0.9761820584363521
C11orf68	0.5844005394940136	0.9075427650938712	1.004592039665584
GPR4	0.20769992366417472	0.013530795069941214	0.21980170250661007
DUSP22	0.6406421429209463	0.6194106263460972	0.6876262396072699
RP11-153M7.3	0.07123821525623376	0.04830623787409371	0.06017407437222643
PITX3	0.1880974929416732	0.08578104139393278	0.14421339935569924
KRAS	0.6195803435187028	0.6521934123766222	0.6216038939561748
NPR2	0.4125622928918793	0.31369324007416793	0.6468409480202215
PREX1	0.5962083561444159	0.23190237437641215	0.6334974674196822
ABCC4	0.5108926859588285	0.5305502930586494	0.7805423414761402
SPRED3	0.3263696002711659	0.18691834533384075	0.43653658968792164
ANTXR2	0.2924100749416211	0.45582558216385854	0.815021988642357
CDH5	0.09513982389653507	0.23936630371104525	0.1511504544105495
SSBP3	0.8261788961318597	0.6174004782794035	0.6791428416924655
CDCP1	0.17454769242592166	1.1804668002884715	0.5749890773933336
GLRX	0.3471836740402743	0.6170398351276979	0.8659162771284699
EFHD2	0.6306865363540045	1.0319931240573113	0.9822317840342204
CHGB	0.8014319098861116	0.0667924981883284	0.2068744901106964
UNC13A	0.7673941446971781	0.0508940762839935	0.2425482562876631
PLAT	0.137170687625875	0.5904977722896637	1.0350779102466645
ANXA2R	0.40344181088065195	0.35892917636969485	0.4313736598925604
AC112721.1	0.07000864417114064	0.005201277814921919	0.24672365576465793
FLT1	0.16258273301332526	0.03215020662771785	0.2896924260147416
AC016683.6	0.26640323565307783	0.6307708039474971	0.5486734133015815
ELK3	0.314848730716778	0.7668279024426751	1.042582860024281
HGF	0.23828514891671734	1.5675572021389716e-18	0.3216773131452984
SPTLC1P3	0.03156933383311619	0.02771648760407282	0.03405929402080884
PYGB	0.7654924741987685	1.0019133408642842	1.0034976996891765
NELF	0.7713362479503258	0.8591422702487241	0.8129110902667179
RAB13	0.6891293449838363	0.9723278016198544	1.0147072176214773
SATB2	0.5523857594304556	0.3259011049406142	0.5862329144555565
RHOH	0.29376498147668473	0.08122316210037564	0.08338728877867797
C6orf1	0.5897250369225916	0.6893415470617535	0.8861754193561288
FAM92A1	0.5798564910267502	0.38989137057864365	0.7677456105100916
TRBC2	0.13471224452844793	0.38628796701296836	0.4416516399636
MPG	0.6380180189008356	0.8912892790771623	0.9406852916976898
SRD5A1	0.6745011059548244	0.8226339674407994	0.760358260337347
IL27RA	0.47203455209850065	0.6194027422983778	0.6513895360223441
B3GALT1	0.4062875676307839	8.77270426322379e-22	0.23056406025371579
SLC6A15	0.5003123827663291	0.07545426021706933	0.4080768962605893
CALCRL	0.23352861798330177	0.10794723472952285	0.3039053064970927
PLEKHO2	0.43534694502879334	0.44035518362212706	0.8448055124959443
RP11-549B18.1	0.4990541802590492	0.27557066961620563	0.3673044425418986
GEMIN5	0.6997588096932016	0.7307653953412547	0.789565849548501
YBX1P1	0.8010264469040125	1.015875147210132	1.0016852905373228
SYP	0.8841328471924211	0.15215951534183214	0.2684199047217816
IL21R	0.2152094466272406	0.059053937967710905	0.34046188455236603
ITGA5	0.12834864503203536	0.658656234086916	1.1976464530468265
CHST2	0.3902916890673758	0.10044612622654216	0.671551328519391
CTHRC1	0.4265358556172927	0.3700058966917729	0.8187197432767435
EEF1A1P19	0.6733786360517268	0.9181820297682882	0.907438177794769
RP11-567J20.2	0.053041767898381595	0.0032649021309138155	0.14348963295344364
CNIH3	0.3351138810135834	0.16522690176207888	0.5507067484295824
COPS8	0.7468704048350346	0.8377431498947442	0.9500951345103448
RPL4	0.8225975578987587	1.0838497072331115	1.037677331249864
EIF3E	0.8048483362321571	1.0614424730621799	0.997370818427695
FRMD4A	0.4127164101913159	0.32016732202894643	0.7133350051804076
TEX10	0.6243359924739608	0.6504235635360949	0.7228038218797359
LINC00460	2.096686735429995e-21	0.3086047488892363	0.4689428569534846
FAM43A	0.4871520630407521	0.449382911153293	0.6319661722437937
CTA-221G9.10	0.7503194072930108	0.32074886736733993	0.544170717804552
AC002303.5	0.2526503308781989	0.048409735533835305	0.303761007187064
LRWD1	0.7507864713000562	0.7556132655259264	0.8450936437099129
TMEM231	0.5803193082961918	0.5060083637450512	0.6623358091239344
CENPV	0.8396364901322487	0.7003989603602553	0.6254749185326045
SPRY4	0.4811570680496282	0.6028623511185377	0.7677827304080586
CLDN14	0.03211987066196817	0.08619428262544643	0.2623310745981541
SHANK1	0.3263609636403598	2.1697046108017368e-21	0.3336208125151958
EEF1A1P6	0.8231716419054695	1.0850622830623753	1.0412332854339033
CACNG8	0.17098080244914765	0.19321546661273345	0.3989991111882557
SLC9A3R2	0.5250873335799812	0.8318738652127439	0.7942623688866737
TMTC4	0.7866703050417186	0.5961343357135588	0.5754512616230224
ZNF883	0.43860548158157553	0.16117931531070476	0.46436077300670403
RP5-1120P11.1	0.32540973393309097	0.34768731532356006	0.3193890692969265
LRRC73	0.42111501600248286	0.2590300211699926	0.31043917239020585
RFX8	0.0206773799174786	0.11609346578304616	0.38533820836453486
GOLIM4	0.7345060057869517	0.8592055450949797	0.9625767880914501
CDH13	0.09377129386472036	0.1839642985588114	0.6726643985532536
RP11-318K12.1	3.229443686988599e-15	0.36602519178897097	0.24563975793959344
TGFB1	0.37035894631463423	0.8097922388126834	1.1202852595086683
SPRED1	0.42524868907742464	0.6156147097239947	0.8159058175770931
ARHGAP31	0.24685377146541096	0.20005407075621368	0.7580675747545458
RP11-17M16.1	0.3374426407043997	0.12990915646041074	0.2199578734140909
TNFAIP6	0.019100950877678633	0.06103013477641732	0.5826952842463606
FZD8	0.4922053881458488	0.2514205362877755	0.5760707791023861
GLUD2	0.44869565674720985	0.5430736877779143	0.6122158732968318
GFPT2	0.17508308681058146	0.2646144513702103	0.8755974871362902
ZADH2	0.6868989165135415	0.5247253061179662	0.5940262639998121
SNAI1	0.5198712485517444	0.3520301396079596	0.6437222297614072
MAN1A1	0.47895043982224217	0.4826562690044378	0.6251459075946436
RP1-101K10.6	0.6119523556355367	0.5758772291772732	0.7007582891415757
KHDRBS3	0.7052165480204335	0.18346341441348693	0.5924270649705196
RP3-497J21.1	0.14150203173100082	0.11397113056285908	0.13814214250770326
ALAS1	0.742792637950545	0.9570792845304746	0.9148526189191355
PPM1F	0.560023146465872	0.6189753782797899	0.8801706068052625
TRPA1	0.2629186472482875	0.022386402312295082	0.2998853983237017
CCDC28B	0.666079131824609	0.33399719285307944	0.5733330509423177
HHIP	0.20454156605353943	0.024215634545059237	0.3447568863989119
SLC4A8	0.5807554285801856	0.09556567517304389	0.365017060689429
C20orf197	0.15780457169690437	0.10845290673881018	0.11911437177190644
DVL1	0.7312164943412344	0.9931127918966646	0.9271451261461598
KCTD17	0.6441665662867413	0.44621748359052693	0.7760087451019488
PDLIM4	0.13585148944727612	0.36107756763728194	0.8786088952069492
SPRY2	0.4983771826053271	0.680789862805425	0.8740393647676715
STEAP1	0.19395502103107504	0.831813262944506	0.8346786579152814
LINC00094	0.6633433127996381	0.6158272291318079	0.792165771424373
EEF1A1	0.82460179160164	1.0866143183101984	1.0431685102345973
FERMT3	0.34437985319343545	0.2985012304575165	0.4566627477540121
LIPT2	0.4941523507325787	0.45807972470884184	0.41676055444477894
GLT8D1	0.6667186217647653	0.7726635551315424	0.9184858727587054
VGF	0.8263141158338019	0.21342252022411765	0.3966906216253301
GALNT1	0.6909982658862209	0.9300891103371365	0.9326030491931069
CCDC74A	0.6169994076031052	0.23489031932877238	0.510374985875828
RP4-765A10.1	0.7190593722862891	0.9495108147080621	0.8956337615889712
PPAT	0.8034370373040123	0.7999530777612214	0.7558504306976477
HAS2	0.03992430118021112	0.2910168156661663	0.6728968882457484
AC112721.2	0.06547320699714708	3.633492161877952e-21	0.3105966080192435
MAP4K4	0.7164882622152169	0.9149255599777049	1.032384542378154
AGPAT9	0.2390189571469406	0.7844353474177931	0.7499500586130413
TSPYL2	0.8124171869648529	0.6495715038883817	0.7891260890182455
NRP1	0.27090677860126433	0.666685425739955	0.9879135053861605
ACN9	0.7067196118926473	0.686255464409578	0.6838297073033279
DNAJB5	0.4994210833543016	0.23166516045703606	0.6458033633990375
ACSS3	0.3776909733366224	0.04696077811188402	0.40174008751007234
CTD-3199J23.2	0.3206629642347168	0.16150298976571317	0.1603573231090539
FXC1	0.729603327276485	0.7961204508414007	0.7957394491721044
IRF4	0.2526464312620717	0.09248190219202315	0.2736553715394246
RP11-40H20.2	0.5940880913061692	0.8532959550203888	0.8808518991753783
CPSF3L	0.740357301582872	0.9150071081646095	0.8776200505424242
RP11-210M15.1	0.15249541914094758	0.021677107463587784	0.11677555701746466
CAPRIN2	0.5759158572801992	0.5927977528720554	0.7693165894688753
PDE2A	0.3672607788753158	0.15209261770448598	0.280997732865119
E2F4	0.7595616967293503	1.0199827791744172	0.9523950055439036
CDH11	0.16719062307109794	0.09785560677130267	0.6632726267697777
RP11-291L15.2	0.2842325647964614	0.09767831980184714	0.4297523422146775
RP11-77K12.4	0.25773258599230486	0.18656802159914218	0.25011546802822393
ITGAX	0.0584991307342937	0.15297361731412726	0.30526594925244266
CCDC147	0.12714904384128953	0.15510110923200332	0.35119069007011355
STK10	0.3869490393971414	0.6656107996418972	0.8674963750484826
C17orf79	0.7524455940317988	0.8995285016202229	0.9558644610660504
CDCA5	0.8121417816709328	0.950438640871962	0.8864595094739893
RARA	0.5771441216966421	0.6565885749835652	0.7562762462180433
HAS2-AS1	0.00022111349873405405	0.2081834880308139	0.4654493585535858
TLE3	0.7387078378104073	0.7191882502328024	0.6086528412824133
FKBP7	0.5635748267340506	0.24606036433053116	0.7307831802143511
PDLIM3	0.457710618192696	0.07076315515884275	0.5647020968580798
PAX8	0.14373671186507198	0.4230356585446452	0.4806050985790284
GTF2H2C	0.6198502240791123	0.5308552216709992	0.6912210378384297
NLK	0.6702459458862539	0.6297692444461399	0.678003084440226
RP11-122A3.2	0.6211440781470515	3.6308860786432576e-05	0.8672466241691734
FMNL1	0.38426060225945585	0.5095027767703242	0.6920510481451757
TTL	0.7797089165728393	0.6499525040232464	0.8963614469967226
ZNF736P9Y	4.908082159828616e-07	0.09481346515122532	0.07500477373954174
MMP1	0.13063130706704235	0.5267967069697845	0.8148586760167693
EIF3H	0.7930576718261771	1.0431172754166618	0.9642246628106643
RP1-224A6.3	0.1801989528809286	0.1246334092887134	0.20257571453727394
RP11-1136L8.1	0.15881040166431667	0.14529299290624187	0.10319216170718656
CCDC74B	0.6213252941157797	0.20678506954223605	0.483716631261582
SLC25A6	0.8222583116048771	1.057188906732438	1.0213542165122067
SNHG10	0.6246745176336616	0.6317477928039613	0.5745144639567848
METTL9	0.7891469369368193	0.921605562561624	0.9299659928689901
TIMP1	0.3249440778718977	1.0247062558288305	1.1567045082162406
SYT1	0.6706929423537664	0.2835077805975204	0.41422077254825973
CYP2C9	0.0673377885628797	0.16748074341471555	0.05095129862951835
STAMBPL1	0.3418736585076929	0.5250889270259416	0.6740206476416605
RTN2	0.7176752697792879	0.4144929508010945	0.5742508858775519
RPL6	0.8223820148047944	1.0807834142634882	1.0334850346144306
PNPLA3	0.47807094375820747	0.33474496863825004	0.5938644864370154
STMN3	0.8485730993084641	0.5948217647928008	0.7769669621382995
SFR1	0.4603998228049058	0.6192288664779133	0.6038723293033431
CBLN1	0.5825353242539608	0.04449333083093767	0.04887925267845796
NT5E	6.042871794705753e-10	0.9278543303093797	1.0993440834552672
CALB2	0.27845226507178156	0.5847470813008334	0.49186296986708133
CDYL2	0.23811988676871496	0.36158653916722333	0.4356065106597987
PITPNC1	0.6623138298350408	0.5514821747590953	0.6173227229168947
CTD-2165H16.1	0.7063828641198476	0.9878533758013729	0.9640748428570239
NUDT6	0.47881415309028147	0.4631762173998993	0.5921856729300984
TRAC	0.17904117110915957	0.11152236081731946	0.36726596305715603
HS3ST3B1	0.2579904349690593	0.17220645361922854	0.49606277162858003
ZG16B	0.12499374206399122	0.5901517520178332	0.20396630216424438
RP11-394J1.2	0.26603243683049205	0.6435752320004587	0.9684325039624258
RP11-124N14.4	0.17481779079207177	0.21131715618661853	0.644582470950735
STXBP1	0.8223252116119184	0.5328409597470715	0.8242357669682843
STRADB	0.6568143234483848	0.637095217011102	0.8593947908383657
MCL1	0.8007178657000986	1.05737538785494	1.0107031075868427
RENBP	0.4721293989510372	0.1587461382687475	0.3447359870806214
ACO1	0.6057627088762941	0.849692701718142	0.9696056642834338
IFNGR2	0.6646342367598383	0.8055496995875708	0.8972424120618413
CHRNA9	0.219060954489446	0.023260471300778605	0.22104517769355958
ITPRIP	0.22283023233998014	0.6083055108969256	0.9384309034121213
NOVA2	0.4403672430037484	7.103742968459778e-22	0.16018222007364485
MTHFD2L	0.4938991174421681	0.42723504121031297	0.461618641620822
CHPT1	0.6474369015561812	0.647749005133219	0.8334371271673684
SH2D2A	0.3523261687076734	0.40122848763836505	0.21805981924396522
FAR2	0.45376298065515436	0.41628533544210367	0.4834704989306559
SHC3	0.23103848549429462	0.24535365823924382	0.4317289143577407
HMGA2	0.061068061714963984	0.6210229957503015	0.8374855546073159
TEAD2	0.4242043134264807	0.6677911923988644	0.8524229332150454
PPP1R14A	0.3645835539557817	0.2221665990947987	0.43291743077042744
CD99	0.4215100378807665	0.7729568607120714	1.01042024157124
RGL2	0.7045489043300367	0.8640262742762628	0.8019836766191457
RNF175	0.16114628043748488	0.034213876829948	0.23529489804312156
RP11-629O1.2	0.218175428376324	0.4025026027197426	0.45483280449733926
KCTD14	0.21935651778720752	0.35025593021917256	0.38293928107893865
TRMT5	0.5909995717122373	0.648458363776109	0.6483555126121322
AC010091.1	0.10863217684441137	2.2803101810704867e-17	0.13449780002354736
RP11-46H11.12	0.32011010894054726	0.17342618133916238	0.23334992969611693
RP11-18F14.2	0.2379808992896787	0.36610650500360425	0.4255398990325665
AP000783.1	0.3008801716392307	0.024427422093983568	0.4009599071564307
FOXL1	8.811372263011965e-22	0.37429528988488076	0.5731428036207097
FAM131C	0.36424976269111037	0.35306150103354106	0.34807003416703264
TBX3	0.6672428521668066	0.41674142556476323	0.6074218915429204
VIM	0.4856347433271864	0.48624150827920914	1.2997079815856916
SKA3	0.7083184241419174	0.780889550511275	0.7900891280898401
AC012379.1	0.8125099154330945	1.015145515950921	1.0314897076543175
FLI1	0.20978017495514564	0.09680830538587286	0.5508729083561691
CXXC1	0.8284365293920993	0.7594260833925646	0.8175099535868215
RP11-169D4.2	0.25931661826883684	0.09893998858586078	0.25879151349334784
BCL6B	0.22457722752537201	0.08207317081126021	0.08556413331939504
VAT1	0.7678687982959929	0.9811996062184982	1.029294563324433
CUBN	0.21496504749360043	0.03921844340002123	0.372782162910453
GLT25D1	0.7642156029940381	1.0195488427651345	1.020990223521975
CTD-2323K18.1	0.5541252932814451	0.6422450869932064	0.7056577125947634
IRAK2	0.14429141592947042	0.6518401345423438	0.7221808452849969
GDF11	0.7197586014601903	0.42761869711328565	0.7164181133401606
IPO5	0.8009294924109823	0.9627076529044551	0.9672480448790118
AC003092.1	0.03674069702001836	0.10059176197812834	0.5268553223575154
ARL2	0.7746217991506208	0.9954577183697747	1.0000582149732968
PSD	0.6283302710675615	0.11802820874665519	0.18365210750738703
TSPAN18	0.35390929079008365	0.0989512633462854	0.3523934914327769
FMNL3	0.564012562450797	0.2989480974853534	0.8090891318112571
GLCE	0.6045493314419509	0.6564735154504485	0.6819909528938674
FXYD2	0.2698121597993793	0.2079053581372113	0.17128853300553099
LTBP1	0.3407329612077334	0.5593939824482917	0.8100318466247355
HJURP	0.7723183130048631	0.9247517942901492	0.9319849011776392
PCDH12	0.349646476320901	0.2153115010343784	0.27770890617550054
ARMC9	0.5110261497128651	0.3974380922661925	0.7482457902967167
DLX1	0.6328283925853745	0.16630013343170177	0.6345223924794771
RP11-158I13.2	0.7693935815435534	0.7869448049539453	0.8786519796006999
IGFBP4	0.4508268185248949	0.9502056402147308	0.9703219662389461
RP11-124N14.3	0.4908197798582657	0.4862992211797549	1.2970916181062526
PHLDA1	0.3624481152789786	0.9417643013231549	1.0230702249338592
RP11-101E7.2	0.38910704630462933	0.35480436870961696	0.48288951113431555
AFAP1L1	0.16612277269786058	0.43257143156759736	0.8312136363229733
RPSAP52	9.189155636334167e-12	0.31209490987430805	0.5707115791625833
U2AF2	0.8211868164587559	1.0525514100454882	1.003498960565843
ARAP3	0.18059730163885876	0.568180439649043	0.6719769902346359
AMPD2	0.6947927435660992	0.7016487225316348	0.907392785375489
RBM19	0.6768825309225384	0.7304987456911455	0.7641300409999473
ANO7	0.3650148970440743	0.24499343953935715	0.31284797804832415
TRPV3	0.13078303589218676	0.27759824915496695	0.16680961043808937
CAPN5	0.5170410354354863	0.5464925733031563	0.7025192799631407
CCDC110	0.34917408890351415	0.16998594982702134	0.22290091229851686
PRSS3	0.2219469556675298	0.5800120237135241	0.375773503131207
RP11-87M1.1	0.505446320323568	0.6038424681034283	0.611010786754189
PAQR3	0.6598610839278747	0.5137492519424508	0.6977676713145593
CDKN2AIPNL	0.7664647092736967	0.8406616482823	0.8851007350935894
RP5-1142A6.3	0.3680273432646008	0.22273164810938403	0.3650270656934961
CCDC85B	0.637349610968501	0.9589521946592929	1.022218765770179
MT1E	0.16219679922359279	0.8033215043425787	0.8955370653009569
KCNIP4	0.3994847424583107	0.20821001827952065	0.2932893303048761
NTRK1	0.3958281706152629	1.5975675983709644e-14	0.20270898804903817
PRMT3	0.6942901503499556	0.8335411656215072	0.7922100155444314
PTPN22	0.07105412279011931	0.19828581064383494	0.36717068310384166
RP11-72M17.1	0.1947839896803257	0.1803004338192518	0.11173371657927417
RP11-544I20.2	0.3831365149072779	0.24063785963503334	0.21993635432614606
RNMTL1	0.696216470269411	0.7533404900295109	0.7765318556136926
RP11-867G2.8	0.357274121633005	0.5715874462584107	0.4657228152926197
STK16	0.7135689478695969	0.9004175915525017	0.8837081894254238
PIH1D1	0.8048270009445478	1.0246555172213583	0.9549786898036339
IL31RA	1.7410993963532757e-21	0.1772657022206156	0.48588173557256115
EFCAB4B	0.2896262287591587	0.2780028291950084	0.2827304488311824
JARID2	0.6773189765926332	0.6450735223819105	0.6809403088325484
SULT1B1	0.0553875289944829	0.16728546668311434	0.1012270356168214
GCK	0.2898125654208476	0.01573050173278148	0.15329501497050912
TSHZ1	0.7219102223400573	0.4110441947387105	0.598201252638221
FAM65A	0.6018148521256451	0.7644614964135569	0.923893502302962
TFB1M	0.5377894574662252	0.6115989155194107	0.6998108291766366
KRT79	0.01711923047577884	0.10019507526114328	0.2228477397286754
ANKRD20A1	0.3567293116908371	0.09702643957391309	0.2205172876666598
RCOR2	0.8151051782384439	0.2575841387807691	0.3245155026649946
AIG1	0.4387419226358856	0.8368193076588127	0.724539292194639
LYAR	0.699736838457534	0.9166468664205194	0.8826192581993397
CCDC78	0.5526359183641262	0.4139621857043275	0.4135571938938353
MTRF1L	0.6231211181290653	0.6426952063063718	0.7676178199773179
POLR3GL	0.7417994332142526	0.8204599275301351	0.9154909533706287
ACOX2	0.2411382553435164	0.22638492728275725	0.42965459244487036
ARHGEF1	0.6804172821571806	0.9180080509588591	0.9145032629926076
FOXP1	0.4304810223380631	0.4401518631438106	0.5257317758332358
C21orf119	0.6033079959258136	0.594235799089302	0.6332199683682053
LRRC33	0.3765992085336996	0.15049583066912955	0.4009518403911874
DNER	0.47868549251111525	0.16075089486679411	0.6350782756860358
ARPC3P5	0.07194784933776519	0.06363338322829787	0.04655335003446956
HMGB1	0.823603138684773	1.054655388363038	0.9995871217483088
RP11-352D13.6	0.17935242874176574	0.06245543397416414	0.08283222913564439
SMAGP	0.3083544803213758	1.0057176211955412	0.852485865177426
SLC39A10	0.6696706328234184	0.6875405771579314	0.7890176714980046
MAML3	0.6593858148270002	0.2773192874073207	0.3246611935643208
GLYCTK	0.5045499192640422	0.4429057812761781	0.5012781631258957
HPCAL1	0.5597258956551885	0.6926878766318271	0.8849634878770906
PCDH10	0.3514777246811234	1.6755393343705469e-21	0.4971317251990183
RPGRIP1L	0.472522155911094	0.38166723867201496	0.5364583445101825
ITPKA	0.4579439888517299	0.4656103385265383	0.5067180288332293
DGAT2	0.6195956754537039	0.6159911912927024	0.4746794953460318
RP13-530H6.2	0.3240552276882604	0.05881203089750367	0.5770631813793661
RP11-94I2.1	0.2148411909583164	0.10131365247832448	0.25904427448073725
ID1	0.7475931220565886	1.0544640229456494	0.9656079355326947
AGPAT6	0.7797648982979306	0.8001204101088369	0.8991004456047795
ANGEL1	0.6905951333847786	0.711184861937064	0.589701828876884
RP11-342D11.2	0.2956895170029186	0.7218568864770081	1.024582799560333
RP11-689N19.3	0.4917614548165713	0.5106295691492969	0.6539421004855178
HMGA1P2	0.36478499393506725	0.3299215867825934	0.3310050802544221
RP11-603J24.7	0.4675466666765708	0.6227838801676308	0.8310655773392959
BEGAIN	0.4327904177833789	0.1256958379808687	0.19103390641292806
GLYCTK-AS1	0.471804756687667	0.3544085528794748	0.43599644115380404
BATF	0.02829278781651922	0.5695379756058014	0.20803766311493854
DBF4	0.750300901760053	0.7833288515369806	0.7592200719858166
C11orf41	0.2964345806908509	0.18316922370110983	0.6443818855385892
ANKRD26P1	0.08401139619034498	0.046720053219949355	0.10833788525269844
SLC17A9	0.16534582140632945	0.44110119315820895	0.4176872654783861
NPM1P6	0.43224072972630484	0.4817798681453479	0.5594346132249166
AJ239321.3	0.01752568346520264	0.10564291762442289	0.03699392086402389
PRPF19	0.8212803419642923	1.0536308599094435	0.993044603192652
HABP4	0.5562816657104748	0.5333612508178455	0.8451671402550242
CPNE7	0.4730176999586479	0.6156069425603502	0.6216244055504585
CAMKMT	0.48846696466017764	0.4247920749347039	0.4199824227005342
IVNS1ABP	0.8192233103869277	0.9036769968500883	0.8750715697814934
AC021218.2	4.153934498374372e-17	0.3927936167252746	0.23499992365091185
CTD-2012K14.2	0.4938153768405146	0.5618389161350165	0.7622552627949168
ZNF385D	0.12121068287709579	7.23694415244713e-22	0.30908080328931964
HIST1H4H	0.46672863522216806	0.5987636889074632	0.5713226860178017
ENTPD6	0.7288592705396691	0.9229531952019564	0.8787914251296682
MPP6	0.6216959047240026	0.5346756519423679	0.7093388930958127
AC138150.4	0.3477257207424675	0.49534983190020304	0.6703261931815309
RPS24	0.8122234794281508	1.077601446470332	1.0228423266882245
RP5-885L7.10	0.3355674768327781	0.345142942040695	0.08677112368520389
RP11-114H23.1	0.10855517578351344	0.316941845218991	0.28401628831580195
DNMBP-AS1	0.2912426872320793	0.29502850654836604	0.49576962808770536
TRIM65	0.6819107185924845	0.758438788132328	0.7791271857525125
CHST11	0.350425735382333	0.43644253578579695	0.8158686454973614
RP11-3L21.2	0.23019537233147314	0.02696047865795628	0.42477683031598384
RP11-133O22.6	0.2333530846895077	0.4931669043961615	0.33025548538350086
RP11-396F22.1	0.11132666679587526	0.21179554205750337	0.4384288398305764
GART	0.7905322472169054	0.9763833195623454	0.9200305520101776
AC114788.2	0.003545598399397843	0.07647116076270981	0.12851169571698848
GPX8	0.07289047735392537	0.7612835750323119	1.1848975160799715
STON1	0.40989766668631705	0.17648869210181958	0.5056637134809938
ROBO4	1.8439116781389822e-13	0.07658134308794821	0.3866913464504879
FNDC4	0.33704960334793943	0.23933230137061243	0.7301686223808608
LYRM2	0.6703339827375331	0.6254071195010892	0.7470466218030297
RP11-434O22.1	0.2824818144152347	0.2840450796387892	0.3199698262568651
AC137932.6	0.1476945945412712	0.1520833231196673	0.35265623676125585
PAK3	0.30760366604633166	7.659840810375409e-15	0.34759567226285387
CD320	0.8346317206687066	0.9279974710536659	0.9866312459252866
FAM40B	0.45601621514266166	0.5147367955065855	0.6547332276419172
LTK	0.43999127121177867	0.16804170127481355	0.2271213415495436
AC010170.1	0.24178349076901062	0.18154026371824147	0.7422316290480944
SPARC	0.40220963683372696	0.3616228373398033	1.2123231093447115
AC016738.4	0.16075427646184748	0.46492883701415993	0.5322204299693972
RP11-335I12.2	0.09186538057731439	0.10275227862491469	0.17258935629206976
ATP11C	0.5890874846269541	0.5523162691470382	0.7682649409209934
AC079922.3	0.4269926404048724	0.29370172115151755	0.5326881015273665
RP1-89D4.1	0.23721182199149754	0.134820820272952	0.23296952031634674
MAPRE2	0.7508920242460848	0.3862445195108649	0.7385818802692814
C20orf20	0.7430588193482012	1.0025506359376266	0.9477929801542757
CTU2	0.6260844553275543	0.7022679749938633	0.7581307473886051
GLI1	0.3222250753206171	0.11504887446038062	0.4285753820240506
C11orf21	0.12386506701877452	0.10724541036819404	0.12869149309534253
ENTPD1	0.5973502961738224	0.3663001226386838	0.5017872997125689
GRAP	0.18020258036217146	0.10933309478907885	0.11516342405391658
NFATC2	0.35267212570030426	0.3122046704418725	0.4234596572899954
RP1-1J6.2	0.6002459215848731	0.5973820634363116	0.6229203888650787
PPM1N	0.455464539287038	0.3376478473228389	0.3725196077426014
RAP2A	0.7831617998974849	0.6429090985064034	0.7738063244547326
NPW	0.5305489739712792	0.24609305231762904	0.26359569107423614
ZNF512	0.7393225720526285	0.6490608123197498	0.8169004847799758
LINC00313	0.11875277907691903	0.26092680839025867	0.32185425274432256
NOP56	0.8257408884467774	1.0260818608552995	0.9707219797483172
PEX5L	0.5179274898654601	0.048223614586235225	0.20221270281284487
MAP3K8	0.1999390116839492	0.656445844453059	0.5022915067971874
KRT5	0.16888756102933256	0.7036989387630319	0.40659618744409676
KREMEN1	0.656033362331422	0.534783360408003	0.5558072244301866
TYMP	0.18756225013438535	0.8042984769961357	0.6532171890159084
PEX14	0.6246532490231532	0.7494203316477155	0.7813051752927047
GPR87	1.5090482443832457e-14	0.8394920282896351	0.25913394268485335
LINC00086	0.39267546790437313	0.2128282299948871	0.16720045386461233
CTSH	0.37385233650169586	1.0604890156569038	0.5716988860478592
CCDC85C	0.5502533987106495	0.672734974651454	0.5740338637327201
DSG2	0.4394734505688249	1.2439123358350919	0.6890957887854406
FBLN1	0.49859265261216107	0.6020384070984943	0.7710360841980785
LINC00365	0.15315364836337556	0.22319017592428927	0.028555081335856613
MLLT3	0.5001265435449186	0.4067949837551662	0.44905866076479123
RDM1	0.49919728270636604	0.41655638706604126	0.34203553016584376
DST	0.47974408137576835	0.7082337502509719	0.937461717684917
MFSD9	0.6519197402176937	0.678290561918414	0.5341748046129742
CD93	0.060122158477747475	0.07193129922361811	0.13761824035187306
ITPK1	0.6966576348345878	0.9078210477635904	0.7404557518234494
ALOX12P2	0.14859811493037337	0.33898997779749346	0.15777316338588726
DLG1	0.6355887486622596	0.9331552245668333	0.8703145302587617
PPP1R16B	0.43276314770820085	0.06588839498365652	0.0991737427296933
TNK1	0.3309100689569114	0.7577648932092642	0.2760485667452568
DHTKD1	0.7346316905867217	0.8046874255479058	0.6728204737138964
GAB2	0.7575940559665915	0.4555438516729103	0.5626754598280442
MAP7D2	0.596165258066055	0.2693767196464073	0.282085674868034
SH2D3A	0.2589666586368582	1.1946893952249558	0.2848315925640414
PPP2R2C	0.5006112733451163	0.5191391400753486	0.29941904832492955
RP11-54F2.1	0.21498233018955448	0.3520938959145229	0.6811282315805866
GLS2	0.5993373948469978	0.48207229595801443	0.13465192760373942
AIFM2	0.414039661710671	0.8045337142064781	0.7611737206146497
RP11-774O3.3	0.315835428744893	0.24539540330102205	0.3252946396337593
PTPRJ	0.4567495154351742	0.7174688193674922	0.8079196798128221
GPC1	0.5278194892795592	0.9577308891712866	0.9978792030870532
EPB41L4A	0.4950561976455805	0.5363164269096489	0.43272216046245976
RP11-404P21.2	0.10430385737451309	0.44965752848409535	0.40329647285252523
CDKL2	0.3422817701021867	0.18235903900712094	0.20348436042726584
FAT2	0.14557742616693223	0.4807481510170826	0.24871946193974684
PARP12	0.36618465789359284	0.8312245265257882	0.6882150805188831
LRRC1	0.49561552103839956	0.8256526285635277	0.4987276128096445
AL391137.1	4.383807881287442e-22	0.6085074727005978	0.19395496304847437
KIAA0284	0.5713519614318647	0.960142691335912	0.7555509065273123
GRB7	0.3939537890534856	1.1256991886730838	0.16646675902926608
SRGAP3	0.40264181329215504	0.34577131560343943	0.22224849918987272
MSLN	0.03201548957431615	0.8576712753701686	0.3334793663107307
NDST1	0.5968632424585236	0.8253420295337028	0.9995486271509167
RAB30	0.4970737559602767	0.3116926176165192	0.5135252760432588
RP11-688G15.3	0.7037887810631207	0.9296016328242985	0.7301023720207337
RP11-290L7.3	0.1510400581285232	0.12935464532318808	0.2583588067479582
RIMS3	0.7510034470537456	0.28204219621197757	0.32600184306112334
MTSS1L	0.6919025641015544	0.8515054930296284	0.86521548712915
MYO5B	0.431314599252749	0.9325280553112975	0.23802446865749505
FAM189A2	0.32167848064082166	0.2553400535850015	0.19456880392582565
LITAF	0.5092209565096606	1.0270717508621656	0.9112710377580429
DUSP14	0.618968402645571	0.9202042509147165	0.966500969767178
GPR37L1	0.20039262602162308	0.25635350073446567	0.035164899468685513
RP1-71H24.1	0.030118284115902637	0.08651193115517125	0.060036827292510093
SEMA3B	0.32196286954611114	0.7738526953210767	0.6569063530646977
FIGN	0.35876257950048857	0.2854909639372109	0.5808238658487486
EPB49	0.578052754073124	0.7089712417091528	0.39906765756679907
RP11-388P9.2	0.4717591421307286	0.5071081116112035	0.28970781950386143
GMPR	0.4927280525433505	0.3146244988078146	0.6120472352282488
PITPNM3	0.2025427291891625	0.49304511570227916	0.35614380115277744
GFOD1	0.43083071986522603	0.4793349392688756	0.4447505364580624
TMEM63B	0.6983652458002084	0.8828444759093135	0.8432702404165656
SEMA5B	0.2765798968748516	0.08689139589377472	0.15143568285573453
SCIN	0.4156872852775262	0.39354482456856743	0.22924357890716845
CUEDC1	0.6595871015896407	0.7629485325046017	0.8719307176405426
WNT4	0.3516096345884739	0.424068577674808	0.11997319026899093
TMCC1	0.5167776862931074	0.6026968471268986	0.5627663703713263
RP1-313L4.3	0.035093445161991275	0.19462417173060445	0.2848166289075193
C4orf49	0.11480636482452641	0.018642926105581367	0.399735983654719
C8orf47	0.365510336361255	0.342711378782257	0.21129417137539572
C1QTNF2	0.19943320826201238	0.12342369510787612	0.4246975998877691
KLC3	0.3250901388634258	0.7687684266602177	0.3129913697668163
TP53I3	0.5584505430094517	0.7091790302858206	0.8261795524902091
LLGL2	0.6598887241539794	1.1743732786461232	0.27657594733216945
SLC40A1	0.474569520049217	0.5662807680915898	0.29472263534576787
CHMP4C	0.3990573231972098	1.221718465390115	0.24559773856521705
DDAH1	0.6028488759931855	0.7815359058604906	0.7629173438400358
LHX6	0.43453306625260973	0.24255542072323671	0.1686465591162592
RABGGTA	0.6410020228194956	0.7946881157074622	0.7152094415132167
SPINT2	0.6247500603492873	1.3063616436898178	0.5110419437372675
GOLGA2	0.7234454272094618	0.9878253030353413	0.9457140856379896
MARK2	0.6927015054445356	0.8921812379906803	0.678355400150006
CYP4F3	0.17668409754793657	0.603638393008607	0.07419168558003691
GNAI1	0.5655685792051763	0.6078929331874999	0.8429954022946424
SGMS1	0.4331607917534892	0.7314297098653876	0.7283420779452086
MX2	0.14411017888093078	0.44853582471333797	0.4746237376273157
USP18	0.5924708252025396	0.6431724292895118	0.5185949922385422
FBXL18	0.511595343874144	0.5974309147230591	0.6475201493187843
CNTNAP2	0.5777015217843886	0.1633595718273427	0.05818776901907691
CELSR1	0.32773649602547017	0.8785189280397971	0.6267281124290677
RP11-407N17.5	0.2830721890489302	0.29153759047124084	0.27840767197665606
ALDH2	0.6758120820841289	0.8932303317391325	0.6997675393389416
AP001615.9	0.2696196877303577	0.8365747990999673	0.4172983613839868
COL16A1	0.18824021956851028	0.36930805095571734	0.755543875381439
GSTZ1	0.6801895076902443	0.7597098851517745	0.6818818515401699
AP001610.5	0.11062420112581571	0.6959616960980723	0.5240009349112532
SUSD1	0.43043890594470174	0.65418958211551	0.6350465683840302
CHDH	0.5608566179843864	0.5679258817283611	0.13776725163669257
CASK	0.6050023275614308	0.7054018216487636	0.6384313106674633
ISM2	0.3362658341304973	0.14421466505168332	0.13664502200639106
ANXA3	0.07168804615027165	1.3074178662638811	0.6153313725622583
RASGRP3	0.1381292134801377	0.26396828666444366	0.38213745524524645
PHLDA3	0.2972450126727952	0.9132753711873055	0.9502858835792695
LEPROT	0.5984488370416671	0.8882840557388474	0.9505325436088955
TXNDC11	0.5770187542686356	0.8186068883307305	0.7857770132097228
RP4-724E13.2	0.5094683883753832	0.48730595253198045	0.01803417232283127
ERBB3	0.5214335172647028	1.036487483366414	0.2916134274990328
SYTL2	0.2729074915056881	0.5832409138521244	0.6180617494302167
ARTN	0.2947729144985738	0.4949473438628267	0.3519692269576205
HGSNAT	0.5936051552228888	0.7180299777738244	0.8175532481524673
C19orf21	0.2822171974985155	1.2619992727874378	0.19817157210550954
CUX2	0.34986170341454015	0.021532215701829983	0.04639840518578528
CTD-2377D24.8	0.09136306836279458	0.296388595271153	0.15324862242190004
DFNA5	0.2370822668745908	0.4185201944487234	1.0151580216635945
DENND1C	0.3031151992457966	0.4899415920335982	0.1056633919205385
RP11-706C16.8	0.03185763678718345	0.42939383494536454	0.08173787049117699
CTD-2544N14.3	0.40224254596577985	0.7537878067646083	0.8137829617777362
CST6	0.028872217691192695	0.8609094250778194	0.35293929417834985
CCDC120	0.5504499491886274	0.7401896862946779	0.34639767509642033
DNAJB2	0.6667429509357026	0.8450395296022226	0.8774141338381739
SLC41A2	0.39676922747193394	0.5546496293383621	0.5730782572888687
C2	0.21632176653354399	0.28293523996298703	0.2955520521575851
MFSD6	0.6257458064233412	0.8194053211508991	0.5411238815545594
SYT15	0.21176174045133028	0.33078120602892885	0.41131920571594877
RNF39	0.15178482430377196	0.5576063666896802	0.06495237245971722
TG	0.10864340592449008	0.11600880062033979	0.15741914440730428
PDGFB	0.18468166726077465	0.8309080842603687	0.4071297564115282
KIAA1324	0.6509443685997125	0.2359068360154658	0.22983314113075703
AIF1L	0.7269085559902525	0.7837145621455227	0.35884868693461713
C2orf15	0.5568720799230628	0.5737991312572019	0.2072755974386767
COBLL1	0.41435331812912163	0.5808911155879113	0.49838593216102367
RP11-74C13.4	0.5737758565978657	0.4696808394759291	0.5675351155727569
GSTT1	0.3420587347263025	0.6334052862122987	0.5457009123807451
NEXN	0.08854943654572718	0.26307318578284744	0.9008498557358798
HEG1	0.31889080705800765	0.48423735747945557	1.0792321355154861
PPP1R14C	0.32226647662654223	0.7366381529699899	0.3643596825271615
RP11-134G8.8	0.1662604169033613	0.45081210260923443	0.5639440848277518
EPS8L1	0.3763060066221819	0.9275573738721532	0.2874636381486389
CLN8	0.5622828283948392	0.520875890935166	0.6231579270640081
PRRG2	0.3496636324946529	0.7771391018992534	0.18825019839324095
C1orf106	0.22707445657450206	1.0398960410173832	0.2778599205432113
RP11-48O20.4	9.31843603695291e-22	0.571892988115133	0.306164494085074
CHST9	0.3505192097959051	0.1069862243898615	0.11076541811769308
DKK3	0.265446930035051	0.4092050075331724	1.0949678071458153
CDC42BPG	0.5095441036732989	0.9793193268819872	0.141859314214274
CDS1	0.3870712813656865	0.9977484685647834	0.23137882263156934
KIF1A	0.988922708083463	0.09154866615963919	0.10566564599369328
PWWP2B	0.548473125435145	0.8580375273850259	0.524851206305495
KIAA1244	0.5966984895762018	0.5966629766535841	0.2836044488631104
MAN2B2	0.41575225702793983	0.687651601638461	0.7641345416113818
IL12RB2	0.3785658987937761	0.16657193426403502	0.17977351150292753
LRSAM1	0.5474090511841321	0.6213813161802398	0.6004771169595784
EIF3EP1	0.38348803821911576	0.2237363188046908	0.4445245430674887
RASSF6	0.33217304161488986	0.5827546745676824	0.04264683742309236
RP11-475N22.4	0.5438691701534455	0.5695347268329168	0.36138406048590377
STK32A	0.3808690425405141	0.10965218318733756	0.2763294173375422
ACOT4	0.225711805175184	0.5206151587194143	0.2404057867523477
CHODL	0.3578002074072773	0.06018338766987285	0.14018279173117992
FAM82A2	0.6389968562406394	0.8505396120625608	0.8530383495655148
GPR1	0.04758715368081223	0.251334395139917	0.5859302689156304
TMEM117	0.4196543156094971	0.41152645853162606	0.5098746219481567
CXADR	0.7574397008015971	0.7927692648270551	0.27264181549194055
GSK3B	0.7437036150223176	0.8379086613913311	0.8197045648754905
SIGIRR	0.5234901308728145	0.9226098552211104	0.4590907606483398
EPHB3	0.5484703338213645	0.6097904546718459	0.36102510214725264
STAC	0.24414135966513886	0.19770404298508018	0.6925199094840285
MPP7	0.33775956857805184	0.6402476308009324	0.2674633954171973
SLC22A23	0.4492606341047484	0.4513773298497102	0.4048728912878629
RALGPS2	0.45309161462133213	0.8024307372273605	0.7466035093919752
RIMS2	0.5074046209886178	0.15668649379614782	0.19979754882899614
ADAP2	0.22423305033492155	0.3644691662639626	0.26646814577648614
GRTP1	0.5024792986220621	0.7955870289855602	0.2975942266944768
HNF1B	0.06836757410406341	0.5742628930735719	0.1839230419807252
CDH16	0.05926701849202095	0.24331226410029144	0.10323913504470852
LACC1	0.25430387679225963	0.5413858939827426	0.5924202849780694
PLEKHA2	0.4142633227175502	0.7673635873621307	0.8355043427060908
C2orf18	0.6255071654577605	0.8908698314486769	0.865857873153445
URGCP	0.580022836167151	0.7677246919070791	0.7315494987250197
MITF	0.21511581774873728	0.427692017164306	0.7033806997567711
CXADRP1	0.25708735304350594	0.1867388095942607	0.07046799696239245
SMO	0.5733204330035375	0.2968195420669023	0.7953191547433465
COL17A1	0.09685774205749281	0.9137456183123936	0.32915633623853857
CDC14B	0.4528421479029767	0.6800971136883877	0.6834115667746555
CTB-11I22.2	0.12487614790348031	0.14146838931955683	0.055326843466942395
CELF2	0.40461839750328527	0.17181488200715966	0.40844424768029697
SLC22A5	0.48791409533513275	0.7840191642147454	0.5886718684253351
RP11-116G8.5	0.14895142980281276	0.35050332212877316	0.058829702212366414
IL28RA	0.3667503184166849	0.5785704265043136	0.2162124567553891
RP11-388M20.2	0.17393549357640148	1.0828882680091203	0.015305546615816921
SLC15A3	0.022882153826729718	0.4073229376306301	0.5483732595452666
RP11-538I12.2	0.5462903181986786	0.6566809907152185	0.6087569257753233
TTLL7	0.6361994043225252	0.15782073938620986	0.538411280838178
FAM59A	0.5146072345263887	0.4756839495125037	0.36147322703458734
RP11-597D13.9	0.15337792252498506	0.3538991734377891	0.4882326072431826
TCF7L1	0.3785616961217527	0.4019391546585643	0.6032851146995323
RAB3B	0.5675369595435822	0.260299022585425	0.6572963227952784
PRKCZ	0.5313823202168497	0.6936617560111852	0.3476495983272545
NHS	0.28084830178553616	0.46867766636109104	0.4864204785432001
MPP5	0.52101256497305	0.8406447211176471	0.8279783494426467
ERP44	0.6181466726064716	0.9078027804974295	0.860196693410749
C1orf198	0.7728390690812095	0.7692237993532276	0.7877987179516346
ZXDB	0.5381672834798381	0.5055360082576396	0.5526671883688048
CTAGE9	0.04814987446622317	0.51111785424363	0.14193606462431824
AC034220.3	0.34422522568390546	0.4712205308328408	0.3755666275731698
SLC44A5	0.5154667283172689	0.3999140059098599	0.1872213414891423
SCAMP2	0.707267538566548	1.0217176463705853	0.9044279808155654
COL5A1	0.13215550813706675	0.32246134663533227	1.0168201804691184
DMD-AS1	0.2494545905058231	0.13643965993548368	0.41498018974428064
HOOK2	0.6963665387867869	0.9779613250328691	0.604484678677772
JPH1	0.6911181314627781	0.571473897819667	0.2635955969756348
C6orf47	0.6543615006020831	0.8286605687551463	0.7848246242786103
MX1	0.14956927534064546	0.7684062643153103	0.5815154565604452
RHOD	0.054119068376983916	1.2846752437143139	0.5030598740232577
SLC16A14	0.4435846971131756	0.46408652747836227	0.23818515641021498
AC004889.2	0.058295571228668346	0.7902626568385501	0.25069672554379857
FAM46B	0.2589864348547308	0.5332715997747572	0.5419537694652518
C1S	0.18075603169038532	0.40762655418210136	0.914797460145712
HOXA10	0.43912172645733566	0.6810454797366636	0.5167721972147351
PVRL4	0.13818981607590256	0.905340218858577	0.18421424817601179
RP11-890B15.3	0.37616718839543634	0.35661477204596037	0.43493811100045227
OVCH2	0.008821135828930049	0.1515690887776541	0.15272782196562973
RHBDD2	0.7915513778996889	0.951371475097548	0.882401061204218
RNF144B	0.28041544918366157	0.6368092731972005	0.4281865077352233
BAIAP2L1	0.59969008164276	1.102945664719335	0.6900736670803874
SLC27A2	0.5430887407361716	0.7861870944778243	0.11354554066619833
DDRGK1	0.7788587189795365	1.004112086601522	0.9305503945906177
ELOVL2	0.7264374658455226	8.897627691065746e-21	0.5030786126242883
MEST	0.6161664023594468	0.9050793931529798	0.603651546324921
CTAGE15P	0.044340799869721316	0.6402106042324445	0.21678831001398705
TSPAN2	0.15438811020448395	0.465305605993705	0.45249117821641166
CTAGE4	0.05909185123523359	0.7926000001265897	0.2518994964584705
GPR56	0.5193830444909917	1.0307054434772238	0.5920299482558666
IRX2	0.2946043696169264	0.45733598168875916	0.18073354895032281
DNAJC6	0.6918807552796071	0.32575522403675256	0.4795224755893703
LRRK2	0.2139229559715964	0.05327311053600982	0.384867497726636
SCN3B	0.4789566562962725	0.03406475315013347	0.1266566247995353
CFLAR-AS1	0.29129623788575887	0.5040160293257503	0.5611652013797891
RGL3	0.41169969176240345	0.6927847863561364	0.3723129319259179
RP11-429J17.6	0.38101740540888085	1.0526666003994072	0.1010600017963891
SLC20A2	0.537805400483616	0.8966381075893997	0.7766628629970223
MYO6	0.604063031703409	0.9630819384019763	0.634715537132137
RP11-713N11.4	0.1831592155668443	0.16632981281854564	0.10520608309801543
PON3	0.1692565737961336	0.581160999707834	0.0804993610185403
DSC3	0.06401588980287379	0.5904941655645575	0.21322960579041683
FGF1	0.08664328403554958	0.12543292366517364	0.5828074065679418
PROC	0.3259198868721469	0.35703201708866833	0.1625388359201168
CDH4	0.2359905583875133	0.09587727471147135	0.48028200395713416
RIC3	0.43272969633606384	0.05007002950171804	0.06838567184001593
LSR	0.6151010629545945	1.2992010301586658	0.4126952330039255
RARG	0.34599433266862695	0.8866666040856904	0.8291233926847336
STXBP2	0.5350040622280718	1.1416449889320028	0.5271628322096061
RP11-44F14.8	0.09486891999441889	0.4150412864102901	4.870803385425475e-22
DUOX2	0.12266066315360231	0.27195285210568027	0.08507318308727194
FGD4	0.4631750530262139	0.520399416175991	0.40643884903854716
SORT1	0.7734402660955827	0.8025596956573089	0.7820407905943167
SHROOM3	0.4755770671186349	0.7595218150384639	0.4320722147113088
RP11-64D22.1	0.05753858583629031	0.08502603772068183	0.03570218656343815
AADACL2	0.05400140056100087	0.07095711557788059	0.029612455923550534
PACSIN3	0.48327996830901343	0.9515171400194635	0.8268347566235408
TMOD3	0.5603741313965214	0.987519224454834	0.8843420699422714
DAB2IP	0.6163481485495671	0.7891430202663512	0.6180572562286293
BACH2	0.3794657929128246	0.17280639691959437	0.27222530619187285
CYTH3	0.507938428020987	0.8172370961916111	0.9226352678107979
RP11-502I4.1	0.3909483891268201	0.352248514353044	0.27814465985269987
HSPG2	0.30300789282273877	0.911067736250891	0.9557176034161498
NXN	0.4270116638375255	0.7740055285759171	0.8284556034874686
RNF223	0.07829111993212788	0.6803471320128135	0.01656307936657218
C10orf54	9.715212716621152e-07	0.7983529123553087	0.6438576407152509
ADPRHL2	0.7192438275184097	0.9099019979424667	0.9254388167870892
CAP2	0.46483926237919654	0.5318297335759045	0.9669501586210981
AP3B2	0.7075509555053212	0.07375780914879598	0.1904054597726401
MAB21L3	0.09579991198920114	0.30107201484864055	0.15067369181354845
CNKSR1	0.3661604981982853	0.9219847588680796	0.19711919224009053
AMOTL1	0.5944691835009547	0.6037743085671964	0.836361924871297
MAP3K9	0.5702736289405452	0.7507483239117341	0.3879304099398603
NT5C2	0.5940832825884436	0.9426017335318025	0.8385899638147843
MUC19	0.1803649319988917	0.033524285764798004	0.04013300913369487
CDX2	0.27607321320452427	0.39196482034215074	0.02775608666672142
FZD5	0.5424419363225169	0.6617241799872708	0.411126007143079
GRHL1	0.468792792236341	0.7477638228431719	0.25365398608837714
TGFBR1	0.6624088738675621	0.6592288370971632	0.8229786286125669
EXOC6B	0.45940275091722865	0.6182235404060265	0.6710565401531652
UBE2H	0.6863605185509959	1.0226657378178907	0.9703093219517593
CMTM4	0.6959564624556093	0.920422972664112	0.633256344820424
GAS6	0.3877479327975532	0.8190156599811054	0.9252467709316264
WWC1	0.49368969562232223	0.9961402814096045	0.5333170834959152
AC008738.2	0.5362789139857836	0.6813877718007342	0.24172867692988645
PLXNB1	0.6777229809657501	0.8984310653819205	0.5475327735569141
C1orf168	0.2307539264145526	0.0878237777978276	0.044274130609974705
FAM160B1	0.48140783647346047	0.5970357931293592	0.7510007693421906
RSAD2	0.19050325350055314	0.4022986887452336	0.27493683089655474
EXPH5	0.3036470679242219	0.6454570129850367	0.17630483390790924
SSH1	0.571549591833669	0.7313902832603668	0.9102927412285211
PHLDB2	0.19373832891457973	0.7625602514384044	0.8344148974375604
TMEM125	0.20794753693683643	0.9778255589313857	1.3317560190562297e-20
CCDC80	0.03598137228084381	0.5822922247647353	1.1016349855856842
CDH3	0.2898974952199792	1.1500203989989277	0.22467435894157944
GBP1	0.022285544009242344	0.5291227127062483	0.8143690310918881
ABAT	0.5032832835675735	0.33132394856728886	0.2530209106193008
LRP11	0.6438363433930719	0.928064068609591	0.8175425150038921
HLA-P	1.0218158679332704e-21	0.4804379367121386	0.1774635775928839
IL18	6.181483519849417e-11	1.2003768633458698	0.5558680920056195
TGM1	0.28127388891076666	0.5028769444051661	0.32751569267683944
ARHGEF10L	0.5106109353350287	0.6088254446875183	0.5372326238701027
GYLTL1B	0.6538241338360922	0.681303525940267	0.05846175406571363
EVPLL	0.11525866305356994	0.3758174795912434	1.444084658305989e-07
GGT6	0.13247275499820155	0.47761243340450593	9.934594257995514e-21
VANGL2	0.7293417798472693	0.3587044622619211	0.313589557586646
DENND2D	0.24244653942836908	0.7279704786713436	0.21476234295250082
DMD	0.29446634322618864	0.14929127555044336	0.4359846772994952
SRCRB4D	0.38300560636131814	0.3209953802984429	0.37614940627463095
CLIC3	0.05498439739544764	0.770440095518362	0.4305748824133348
ARHGEF16	0.46570149271237304	1.0191681277855422	0.20558007162841802
DAAM1	0.5876776575555777	0.7533532911568057	0.5801865803778644
OXSR1	0.6707617162442127	0.8651667171737538	0.9119401301772678
OSBPL2	0.6701302095432203	0.9385953966051858	0.752728762097624
MSRA	0.35442304547622056	0.3460720112186511	0.5701617150603969
EDN2	0.24534559908627915	0.44581576408661444	0.21716947124824565
GAS6-AS1	0.18691394772356282	0.38431366622552954	0.523851037042201
RIPK4	0.3613931474309727	0.9701158665323385	0.5222076900516401
EDAR	0.1198273217831942	0.4149748239643512	0.03698954934554146
KAZN	0.43894557423946373	0.4324300359200453	0.531587962375245
ARHGEF5	0.12134632150730151	1.131566083900491	0.4210227506652953
ZDHHC23	0.600555257319191	0.6226581392245627	0.3737884727399133
VWA2	0.21610198959920743	0.47726328848280597	0.04290015918757426
CELSR2	0.7327096851210866	0.6306293656346889	0.47379255557205724
CTAGE6P	0.04586084002493275	0.6129637005213802	0.21588921347202902
LPCAT2	0.16717183356951293	0.7327909003758818	0.7548490281035012
ZNF503-AS1	0.07670008477997593	0.19986096896970787	0.0880416571326178
GRIP1	0.5301657626118654	0.3303778813760319	0.23708254444887158
MR1	0.1620436792716015	0.5790626830596419	0.6504044603724933
IRF5	0.34659653308556143	0.5497521170035377	0.280231039625056
PRRG4	0.2637345780322282	0.8415043937139548	0.3036965710202006
TMCO4	0.23174231884917113	0.7081963868529763	0.6337352307082826
TPD52L1	0.30947007458603837	1.0127711665422392	0.5389161239199804
TPD52	0.8657535393559839	0.9390371797622102	0.4907659211416789
DUOX1	0.23695473393003622	0.40116456852390536	0.1815776119794426
CCL28	0.1368684123457566	0.5185116012566741	0.3747951206287642
F11R	0.6340240030030878	1.2477739761378448	0.5260180270369483
PLCD1	0.3354996653105786	0.4571765112966483	0.5756663879188914
PDYN	0.09612291194325281	0.01010515924498234	0.03882871538499039
CTDSPL	0.49953496790329643	0.8635335281857482	0.6973396885682926
CEBPA	0.5213118843540824	0.6519260646409144	0.22736585686126376
ETNK2	0.5622200911510884	0.4370541833275886	0.5532748061438053
ELOVL7	0.48224176554518117	0.7737920796956723	0.332236518236391
AC006050.3	0.02934312974833987	0.2406983532195748	0.050977276414085566
ETV7	0.11856468116766801	0.4454817549821641	0.24397280131124777
ATP8B1	0.2973797583228263	0.9990925065393064	0.6651280156531649
CHRNB1	0.4371028350824166	0.6138472573006633	0.6323592161822976
SH3YL1	0.49788691164563087	0.7126667263534308	0.4119022391325655
PRSS8	0.28695412722138625	1.2234175921215849	0.11093365053060517
CABYR	0.5330606508946588	0.48305138478963777	0.5217667858314482
CDH1	0.43782266613297594	1.3323487491157275	0.18213337963807943
PLEKHA1	0.5290468719226111	0.6132623043235783	0.5467177973886145
TMEM40	0.04202414489663799	0.6788065971804501	0.22905611007252064
MFNG	0.32196392120181505	0.45141682804150984	0.28962029257293703
TRIM17	0.3851372996129176	0.3107747755471834	0.27065590315178456
ZBTB4	0.530698706831699	0.8139072935153502	0.8941113951851052
CTD-2319I12.1	0.058366340335494295	0.3720037407725299	0.5438965195255901
FBXO32	0.35169015193550873	0.5425832003570124	0.6844036596246409
FAM160A1	0.2759364324014449	0.6036549688620425	0.32410543228090377
GOLT1A	0.24823198437963132	0.7743398326564205	0.10559715685363821
RHPN2	0.6096346463502158	0.9770125820214927	0.6168099507216147
RASSF9	0.10275942392289486	0.37672959339192097	0.32052484007508775
CREG1	0.6202347974122552	1.0643529100212954	0.8397100032393605
MKL1	0.5412859152432354	0.6598671105584195	0.7522768678845778
ABLIM1	0.6198153808000088	1.005946779543806	0.5341369502286725
GSDMA	0.0933015413024555	0.22770622364327273	0.047302604117427476
RP11-486L19.2	0.06799790130110983	0.17425485117572512	0.0241908862425101
USP2	0.5666894221436101	0.2438421915944194	0.31959805460650287
GALNT3	0.2842019058447987	1.1111091219586684	0.29608366067808034
POU2F3	0.1315238325773885	0.35692619565671074	0.0794451160097105
RP1-124C6.1	0.02342149352255455	0.24031405053445443	0.10815572517830477
FAAH2	0.3819589615538922	0.6466346807454808	0.05647541060002033
UBL3	0.642858908655273	0.793040861210091	0.8117676303466793
SOX6	0.4184611332931677	0.08548031442256344	0.27609996988474733
ANK3	0.46052798559357244	0.4645922866000511	0.2843676133949775
KIF13A	0.4029876723930985	0.658882899095972	0.8385357360096024
SLC30A2	0.19935255610466024	0.15379882419142227	0.07092656372909209
SGPP2	0.570066279149571	0.6247214738954244	0.2884361232566576
C11orf80	0.5661840905882676	0.7202083965565912	0.556626096287596
LYPD6B	0.18164681270223915	0.6108718897027706	0.31972683085241294
MTMR1	0.6664374752579546	0.8244608552072659	0.7362568537124107
CALML3	0.16420310120009643	0.3765466321762169	0.06642194475931153
TP53I11	0.6009260393447041	0.4271406062185447	0.42257978147261593
HOOK1	0.6909121602012201	0.9024082904333083	0.043003360773963786
BCAM	0.5111064884641467	1.0262552897535928	0.7266270478941064
PDP1	0.4613253212976776	0.8232658640163596	0.8881799704595125
EPS8L2	0.2850898818434283	1.2855923825576963	0.6134741577207541
TTC7A	0.39835672103167685	0.8701381882329202	0.7211704160326409
TTTY16	0.017930334586464505	0.03968528545652655	0.04058405611471791
SPAG1	0.44144146398934514	0.7314796985934633	0.560869194789426
LANCL2	0.6323545308054098	0.6281936625902248	0.690726849083113
PALLD	0.4386783212276388	0.7421415352754982	0.928181359490386
KCP	0.1747381660918592	0.3202304542329186	0.1964061294831469
CTAGE8	0.05584276225982002	0.7765347902068018	0.24579830210100967
C6orf132	0.07905312427244077	1.0178141719863614	0.25301651780552015
INSIG2	0.5097212351870201	0.7906428455453696	0.7459957022275857
PDE5A	0.3854663088959136	0.4022070051330506	0.5846763317343927
SMPDL3B	0.46156847734053774	0.7684797033354166	0.14528132444910705
SLC44A2	0.6030205855164377	1.0617145416918246	0.9095763069986846
DSG3	0.04569542470412453	0.5465562824308542	0.10343612555187118
SH3BGRL2	0.6487101257355385	0.7243509775666838	0.35324506781862713
CCDC64	0.8048788759797628	0.663700907454789	0.13009409605310482
LPAR2	0.5799128914856739	0.7822909270587849	0.428175095339792
RAB11FIP1	0.6185153292624662	0.963225789806088	0.5172698988532342
UPK3B	0.22729849685256062	0.7837671604654914	0.36722663874946926
PRSS16	0.3767832926324739	0.7345837767138474	0.16557637167341538
RP11-44F14.2	0.11228900020368757	0.4853333828116946	6.683062167460836e-22
INADL	0.4853370482027661	0.884124057565356	0.4041104366112582
DUOXA1	0.11413096415554908	0.3056693750685893	0.1031229094366653
SAMD12	0.21493833655530079	0.6591373672504599	0.2916771534832284
PTPN3	0.5057898157202848	0.8037492495346389	0.4447255413441532
BAIAP2	0.4863844530676546	0.873353135649492	0.729749405841616
AL353997.5	0.0511139912270106	0.14860050194585	0.052438366757829945
DENND2C	0.1537931425315866	0.35840113692658726	0.3812363712018435
TMEM184A	0.41751188681941176	1.004353317036247	0.25681570933549364
KIAA1217	0.17676306916017773	0.86197302268145	0.5883925135940358
LIMK2	0.6772890004045871	0.875185397798506	0.6746423179222688
TC2N	0.38312437622419987	0.9790197238339043	0.05614587104307801
RASAL1	0.435475387667727	0.49877128701311196	0.04503059096845036
RP4-798C17.5	0.1061972777346488	1.084332107390886	0.40454767756294824
FGFR2	0.39217486275375385	0.6155587646462785	0.19890381401968973
CXCL16	0.3721835321672689	1.0896520334375632	0.4889021401258705
DLL1	0.5391528839241232	0.4295592417700198	0.2523437266162323
FAAH	0.5510555665477171	0.7250039112100358	0.22437974382435652
PRKCH	0.35195376645776805	0.5763850582964307	0.338725032203783
SLC2A9	0.08828392299137115	0.3781092789834742	0.19382390861403723
CRYAB	0.250126960778849	0.2876814678717903	0.6907810153314438
RP11-314P12.2	5.164212065715047e-22	0.38745530947970913	0.37625718015375365
RP11-615I2.2	0.17599281844881717	0.9426504913749045	0.09173206232639153
RP11-354M1.2	0.3031269927061189	1.2453501350817553	0.10244165270775243
SYK	0.4889219987022298	0.8247712666242261	0.07815446412993389
PLCB4	0.6342279965654386	0.3217619636652641	0.6652781114297908
BLNK	0.13296203584414407	0.4214735777098775	0.03960935349969089
CCDC149	0.43816069418877035	0.4129645475291735	0.5062585075393868
DSC2	0.28791892715084144	1.0382228588135656	0.1825709730252188
RP3-406A7.7	0.3642465097676556	0.47778777601891653	2.5374307725235315e-21
CTSL2	0.6468760054076999	0.9540232712352956	0.5289482282665532
CASZ1	0.5830745888056972	0.5313255757221151	0.22333468018763175
RP11-44D15.3	0.1703708371635541	0.22665071551317084	0.06729323821272444
EFEMP1	0.07203287593410589	0.7580026082694022	0.9352287366492927
NPM2	0.4031247399481247	0.3075379882287105	0.16058072216687244
ESRP1	0.5414020614590306	1.1671625971486057	0.077237568039956
OCLN	0.44362091112033686	0.841460238068567	0.30833410860055066
RP11-417L14.1	0.030020753841715653	0.13548867317220747	0.06340733866975923
RP11-517C16.2	0.2498922334039557	0.6415994438370437	0.31791395197696787
DSP	0.5130235236839983	1.2584592197565319	0.48099638906388115
MUC16	0.026526691741030783	0.4867361636260773	0.062052462227596104
ATP2A2	0.8087750953422321	1.035433934522293	0.9780173652913514
MAP7	0.5921321577449703	1.0535423417010246	0.21686249457613432
NEURL1B	0.6894064645361065	0.5243150705572533	0.47706723697184744
EPSTI1	0.004372733713116245	0.5651061503659639	0.43580052668045216
MMP28	0.03036558137465604	0.5325245229245789	0.2285799153503513
KRT17	0.15913266595261163	0.938769579501864	0.47403442253265027
CTB-79E8.2	0.6814211943761721	0.5328094956034268	0.4767609748936587
ARHGEF37	0.31340717578953203	0.5789206446803119	0.34949823302805993
ABCA12	0.1926596849006861	0.45924344364303477	0.09971905414220568
MARVELD2	0.36330883205965986	0.9183660085189135	0.18451354290688526
CRB3	0.32644124421845544	1.2662533136713454	0.03819079313789769
RP11-22C11.2	0.16157689120623478	0.5410883234679877	2.7831222120954817e-22
ST6GALNAC2	0.3614093785796084	0.6844853795556262	0.4266832744271342
NCKAP5	0.29760750059077484	0.15397070323726636	0.3211560726287987
RP11-195E2.1	0.4633270268616694	0.8532141727502085	0.3493945271579038
RCAN1	0.5540402135524242	0.6182869631823995	0.8926119035503457
SHANK2	0.2532819460745663	0.5494878793858123	0.19451998093041023
LIMCH1	0.5539291423622309	0.6032298827111756	0.6868281140841814
USP43	0.23578263971957875	0.7322303823538272	0.25843633391706
OVOL2	0.35533907356138117	0.781831337624109	6.100165382782909e-22
FAM181B	0.2592967567194932	0.17139862084900595	0.10051881245073083
ARHGEF35	0.10384359825506284	1.1092671114148613	0.394343319627513
GLP2R	4.54236607267672e-10	0.16321195106807412	0.25955290239467127
C1orf210	0.2406140457953577	0.8859504009902941	6.396585718463855e-22
TMEM56	0.5203545790505969	0.5348208386813393	0.5200316047192958
CLDN1	0.13324399814569515	1.1492849888690908	0.7211644521479101
LEPREL1	1.4283209796269572e-11	0.7318619019017066	1.0252774416317225
ESRP2	0.3246229920541615	1.1986859392715188	0.1373780004595974
AL162759.1	6.538102480912639e-14	0.46576792120897625	0.1523474978933744
LY6D	0.07007121606733041	0.6009344607278833	0.17268469754919993
KIAA1598	0.7183001809841942	0.8882856453517027	0.6799727072453565
MARVELD3	0.29363983935999965	0.8843841625080435	8.88607288785701e-20
GPRIN2	0.13554827466113206	0.5378536400791684	0.08669273052836451
FBXO2	0.3317641405261696	0.7018852456870199	0.45397935951810736
AC025627.9	0.055338026804398206	0.10264570302398024	0.03399125549072126
SLC7A4	0.31280092657034253	0.11550412307463226	0.13401092247436402
GRAMD2	0.22021918983768204	0.5321807614061631	0.0770464349267292
TMC4	0.39385752845164523	1.0206879236570245	0.14252455639218048
JPH2	9.967105770785346e-22	0.37681128466875696	0.5558677840561258
SUCLA2P3	0.09528064820812802	0.014338318767168448	0.028050362304120578
GRHL2	0.2419158474993015	1.0869896052769579	0.0004183833319786962
COL4A4	0.23797767137370127	0.32337801961415286	0.2605118942340264
ATP2C2	0.22550080126132532	0.80000758976312	0.1780034796296227
TTC9	0.4509363384056552	0.7559654457663946	0.23365894237383283
AC011330.12	0.24613362611568573	0.10100081973831822	1.066379016971313e-21
AJAP1	0.14635964982257604	0.0733813724156576	0.2722513354442574
COBL	0.6350011610890786	0.6243083979020524	0.0529844911525045
CCDC64B	0.13783054516090285	0.8949978674719196	0.03572328891225349
KRT8P30	0.3918429006952653	0.029369758265310224	0.0777327297895492
