	score	0.95 moe	p-value (forward)	p-value (reverse)	p-value	fdr (forward)	fdr (reverse)	fdr
lung.carcinoma.non_small_cell_carcinoma	0.2227836551198899	0.0354105593459371	0.00571428571429	0.994285714286	0.00571428571429	0.28	0.994285714286	0.28
endometrium.carcinoma.adenocarcinoma	0.17433597317645133	0.0282231078995664	0.0142857142857	0.985714285714	0.0142857142857	0.35	0.994285714286	0.35
stomach.carcinoma.signet_ring_adenocarcinoma	0.16354575599638183	0.03590292351694631	0.0334693877551	0.966530612245	0.0334693877551	0.484	0.994285714286	0.484
ovary.carcinoma.endometrioid_carcinoma	0.16354575598890128	0.04285448546635527	0.0444897959184	0.955510204082	0.0444897959184	0.484	0.994285714286	0.484
stomach.carcinoma.undifferentiated_adenocarcinoma	0.16354575598395216	0.05192076232698353	0.049387755102	0.950612244898	0.049387755102	0.484	0.994285714286	0.484
ovary.carcinoma.clear_cell_carcinoma	0.16354575597823456	0.045624177472981024	0.0604081632653	0.939591836735	0.0604081632653	0.493333333333	0.994285714286	0.493333333333
endometrium	0.15446552532791435	0.029215687090058975	0.0820408163265	0.917959183673	0.0820408163265	0.542	0.994285714286	0.542
ovary	0.13711150353906204	0.04091533835362346	0.0930612244898	0.90693877551	0.0930612244898	0.542	0.994285714286	0.542
breast	0.09902121344928222	0.04539592367314744	0.110612244898	0.889387755102	0.110612244898	0.542	0.994285714286	0.542
breast.carcinoma.NS	0.09902121344928222	0.04539592367314744	0.110612244898	0.889387755102	0.110612244898	0.542	0.994285714286	0.542
carcinoma	0.08184351880672687	0.014946905900207488	0.160408163265	0.839591836735	0.160408163265	0.714545454545	0.994285714286	0.714545454545
stomach	0.0658587086661809	0.0385020534376961	0.190612244898	0.809387755102	0.190612244898	0.778333333333	0.994285714286	0.778333333333
ovary.carcinoma.NS	0.04579143193658234	0.03416872080728703	0.225714285714	0.774285714286	0.225714285714	0.850769230769	0.994285714286	0.850769230769
lung	0.011892581162109983	0.0275035872707222	0.258367346939	0.741632653061	0.258367346939	0.904285714286	0.994285714286	0.904285714286
lung.carcinoma.large_cell_carcinoma	0.011500944481409389	0.031143792832253752	0.277551020408	0.722448979592	0.277551020408	0.906666666667	0.994285714286	0.906666666667
pancreas.carcinoma.ductal_carcinoma	-0.0126999316126644	0.03894793367732605	0.305306122449	0.694693877551	0.694693877551	0.935	0.994285714286	0.994285714286
large_intestine.carcinoma.NS	-0.027054190253950804	0.03155696754627162	0.335102040816	0.664897959184	0.664897959184	0.963	0.987272727273	0.987272727273
lung.carcinoma.undifferentiated_carcinoma	-0.04710359751899251	0.04003994167298029	0.391428571429	0.608571428571	0.608571428571	0.963	0.931875	0.931875
carcinoid-endocrine_tumour	-0.04710359751903376	0.03405867483838376	0.39306122449	0.608163265306	0.608163265306	0.963	0.931875	0.931875
lung.carcinoid-endocrine_tumour.NS	-0.04710359751903376	0.03405867483838376	0.39306122449	0.608163265306	0.608163265306	0.963	0.931875	0.931875
urinary_tract.carcinoma.transitional_cell_carcinoma	-0.04710359752304417		0.478367346939	0.521632653061	0.521632653061	0.97829787234	0.881379310345	0.881379310345
urinary_tract	-0.04710359752304417		0.478367346939	0.521632653061	0.521632653061	0.97829787234	0.881379310345	0.881379310345
endometrium.carcinoma.clear_cell_carcinoma	-0.04710359752368173		0.500408163265	0.499591836735	0.499591836735	0.97829787234	0.881379310345	0.881379310345
oesophagus	-0.04710359752616127		0.587346938776	0.412653061224	0.412653061224	0.97829787234	0.777692307692	0.777692307692
oesophagus.carcinoma.squamous_cell_carcinoma	-0.04710359752616127		0.587346938776	0.412653061224	0.412653061224	0.97829787234	0.777692307692	0.777692307692
leiomyosarcoma	-0.04710359752616952		0.589387755102	0.410612244898	0.410612244898	0.97829787234	0.777692307692	0.777692307692
soft_tissue.leiomyosarcoma.NS	-0.04710359752616952		0.589387755102	0.410612244898	0.410612244898	0.97829787234	0.777692307692	0.777692307692
soft_tissue	-0.04710359752616952		0.589387755102	0.410612244898	0.410612244898	0.97829787234	0.777692307692	0.777692307692
thyroid	-0.04710359752773338		0.657551020408	0.342448979592	0.342448979592	0.97829787234	0.777692307692	0.777692307692
thyroid.carcinoma.anaplastic_carcinoma	-0.04710359752773338	0.02753092151183964	0.657551020408	0.342448979592	0.342448979592	0.97829787234	0.777692307692	0.777692307692
autonomic_ganglia	-0.04710359752817649	0.0301050792622818	0.67306122449	0.32693877551	0.32693877551	0.97829787234	0.777692307692	0.777692307692
autonomic_ganglia.neuroblastoma.NS	-0.04710359752817649	0.0301050792622818	0.67306122449	0.32693877551	0.32693877551	0.97829787234	0.777692307692	0.777692307692
neuroblastoma	-0.04710359752817649	0.0301050792622818	0.67306122449	0.32693877551	0.32693877551	0.97829787234	0.777692307692	0.777692307692
upper_aerodigestive_tract.carcinoma.squamous_cell_carcinoma	-0.04710359752901322	0.03651691840993484	0.707755102041	0.292244897959	0.292244897959	0.97829787234	0.777692307692	0.777692307692
upper_aerodigestive_tract	-0.04710359752901322	0.03651691840993484	0.707755102041	0.292244897959	0.292244897959	0.97829787234	0.777692307692	0.777692307692
lung.carcinoma.mixed_adenosquamous_carcinoma	-0.047103597529508184	0.032515252123672386	0.72	0.28	0.28	0.97829787234	0.777692307692	0.777692307692
lung.carcinoma.bronchioloalveolar_adenocarcinoma	-0.06672195757929864	0.014950412857109173	0.774285714286	0.225714285714	0.225714285714	0.97829787234	0.777692307692	0.777692307692
ovary.carcinoma.adenocarcinoma	-0.06672195758700773	0.02234358255447257	0.800816326531	0.199183673469	0.199183673469	0.97829787234	0.777692307692	0.777692307692
biliary_tract	-0.06672195759115347	0.026152788344542925	0.830612244898	0.169387755102	0.169387755102	0.97829787234	0.754545454545	0.754545454545
biliary_tract.carcinoma.NS	-0.06672195759115347	0.026152788344542925	0.830612244898	0.169387755102	0.169387755102	0.97829787234	0.754545454545	0.754545454545
lung.carcinoma.adenocarcinoma	-0.07596126654986318	0.023077999471769514	0.860816326531	0.139183673469	0.139183673469	0.97829787234	0.754545454545	0.754545454545
large_intestine.carcinoma.adenocarcinoma	-0.07804022817812083	0.03670759871169465	0.868979591837	0.131020408163	0.131020408163	0.97829787234	0.754545454545	0.754545454545
lung.carcinoma.small_cell_carcinoma	-0.08184351880596723	0.027868690991982574	0.887346938776	0.112653061224	0.112653061224	0.97829787234	0.754545454545	0.754545454545
stomach.carcinoma.NS	-0.0818435188230051	0.02075831251656511	0.901224489796	0.0987755102041	0.0987755102041	0.97829787234	0.754545454545	0.754545454545
stomach.carcinoma.adenocarcinoma	-0.0818435188270421	0.018222169893800932	0.909795918367	0.0902040816327	0.0902040816327	0.97829787234	0.754545454545	0.754545454545
large_intestine	-0.08351880186008456	0.031153236552818816	0.921224489796	0.0787755102041	0.0787755102041	0.97829787234	0.754545454545	0.754545454545
lung.carcinoma.squamous_cell_carcinoma	-0.0946477104136967	0.01891564860726898	0.938367346939	0.0616326530612	0.0616326530612	0.97829787234	0.754545454545	0.754545454545
pancreas	-0.12653716919320443	0.03485238654558262	0.97387755102	0.0261224489796	0.0261224489796	0.994166666667	0.64	0.64
pancreas.carcinoma.NS	-0.19892485225646409	0.011336196285655922	0.996326530612	0.00367346938776	0.00367346938776	0.996326530612	0.18	0.18
