	score	0.95 moe	p-value (forward)	p-value (reverse)	p-value	fdr (forward)	fdr (reverse)	fdr
isoliquiritigenin	-0.44411483585381967	0.0785353404975232	0.997671517672	0.00232848232848	0.00232848232848	0.997671517672	0.66	0.66
avicin D	-0.43218192227372887	0.039495274141446046	0.997255717256	0.00274428274428	0.00274428274428	0.997671517672	0.66	0.66
CAY10576	-0.3576836797567362	0.04442513184163751	0.990020790021	0.00997920997921	0.00997920997921	0.994154488518	0.987272727273	0.987272727273
BRD-K24690302	-0.35039841166439506	0.0635496301938894	0.988731808732	0.0112681912682	0.0112681912682	0.994154488518	0.987272727273	0.987272727273
OSI-930	-0.3405053124564142	0.040586354013791646	0.985613305613	0.0143866943867	0.0143866943867	0.993878406709	0.987272727273	0.987272727273
SGX-523	-0.3401947799166568	0.08867930772175919	0.98553014553	0.0144698544699	0.0144698544699	0.993878406709	0.987272727273	0.987272727273
BRD-K42260513	-0.33042511965257815	0.07406513781716981	0.982079002079	0.017920997921	0.017920997921	0.993878406709	0.987272727273	0.987272727273
neopeltolide	-0.3224878244225587	0.08583699918644984	0.978918918919	0.0210810810811	0.0210810810811	0.993375527426	0.987272727273	0.987272727273
olaparib	-0.3224148717810276	0.04131340464468581	0.978918918919	0.0210810810811	0.0210810810811	0.993375527426	0.987272727273	0.987272727273
QW-BI-011	-0.32026747833793745	0.08681112167637259	0.977920997921	0.022079002079	0.022079002079	0.993375527426	0.987272727273	0.987272727273
BMS-195614	-0.31913402905613397	0.0850615669635197	0.977422037422	0.022577962578	0.022577962578	0.993375527426	0.987272727273	0.987272727273
BRD-K37390332	-0.30296686830605923	0.037592524824410556	0.968482328482	0.0315176715177	0.0315176715177	0.99114893617	1.0	1.0
staurosporine	-0.30274352000979476	0.09037480717414413	0.968440748441	0.0315592515593	0.0315592515593	0.99114893617	1.0	1.0
ML083	-0.30147550271813617	0.08982063510166938	0.967567567568	0.0324324324324	0.0324324324324	0.99114893617	1.0	1.0
A-804598	-0.2991732360049718	0.08124560194655746	0.966444906445	0.0335550935551	0.0335550935551	0.99114893617	1.0	1.0
ruxolitinib	-0.29577339903875594	0.025665079853753915	0.964158004158	0.035841995842	0.035841995842	0.99114893617	1.0	1.0
ML031	-0.292821166873529	0.020797390582101716	0.961746361746	0.0382536382536	0.0382536382536	0.99114893617	1.0	1.0
CHIR-99021	-0.2864706753489844	0.09278897529786632	0.956632016632	0.043367983368	0.043367983368	0.99114893617	1.0	1.0
BRD-K51831558	-0.28629299757885646	0.05624477665198874	0.956299376299	0.0437006237006	0.0437006237006	0.99114893617	1.0	1.0
myriocin	-0.2850806435731823	0.09704385400643654	0.954844074844	0.0451559251559	0.0451559251559	0.99114893617	1.0	1.0
CCT036477	-0.284022697489718		0.953804573805	0.0461954261954	0.0461954261954	0.99114893617	1.0	1.0
CIL41	-0.2725502735150005		0.94316008316	0.0568399168399	0.0568399168399	0.986217391304	1.0	1.0
BRD-K33514849	-0.26996366384088		0.939501039501	0.060498960499	0.060498960499	0.984531590414	1.0	1.0
BRD-K99006945	-0.26955734834806533		0.93896049896	0.0610395010395	0.0610395010395	0.984531590414	1.0	1.0
dexamethasone	-0.26917401453831735		0.938544698545	0.0614553014553	0.0614553014553	0.984531590414	1.0	1.0
PLX-4720	-0.26585420379401953		0.934553014553	0.065446985447	0.065446985447	0.984531590414	1.0	1.0
BRD-K34099515	-0.2622296149139808		0.930395010395	0.069604989605	0.069604989605	0.98356043956	1.0	1.0
axitinib	-0.2577395534673598		0.924864864865	0.0751351351351	0.0751351351351	0.97986784141	1.0	1.0
pifithrin-alpha	-0.2575019659141488		0.924532224532	0.0754677754678	0.0754677754678	0.97986784141	1.0	1.0
BRD-K35604418	-0.2562211640655467		0.922536382536	0.0774636174636	0.0774636174636	0.97986784141	1.0	1.0
imatinib	-0.25406015684341454		0.918835758836	0.0811642411642	0.0811642411642	0.97986784141	1.0	1.0
IPR-456	-0.25351463939344987		0.91817047817	0.0818295218295	0.0818295218295	0.97986784141	1.0	1.0
fumonisin B1	-0.2518995373345445		0.915135135135	0.0848648648649	0.0848648648649	0.97986784141	1.0	1.0
tipifarnib-P2	-0.2515891821364936		0.914636174636	0.0853638253638	0.0853638253638	0.97986784141	1.0	1.0
ML050	-0.2506157120435455		0.913305613306	0.0866943866944	0.0866943866944	0.97986784141	1.0	1.0
pazopanib	-0.2505144270646857		0.913056133056	0.0869438669439	0.0869438669439	0.97986784141	1.0	1.0
BMS-270394	-0.24715925325121332		0.908274428274	0.0917255717256	0.0917255717256	0.97986784141	1.0	1.0
PRL-3 inhibitor I	-0.24612717855601424		0.906611226611	0.0933887733888	0.0933887733888	0.97986784141	1.0	1.0
vorapaxar	-0.23916337827378026		0.89288981289	0.10711018711	0.10711018711	0.969480812641	1.0	1.0
CIL56	-0.23635186683899773		0.888898128898	0.111101871102	0.111101871102	0.967330316742	1.0	1.0
TG-100-115	-0.2363029098171235		0.888773388773	0.111226611227	0.111226611227	0.967330316742	1.0	1.0
BRD1835	-0.2346909287753418		0.885488565489	0.114511434511	0.114511434511	0.967330316742	1.0	1.0
XL765	-0.233980676467911		0.884241164241	0.115758835759	0.115758835759	0.967330316742	1.0	1.0
BRD-K92856060	-0.23382038261571372		0.884033264033	0.115966735967	0.115966735967	0.967330316742	1.0	1.0
tigecycline	-0.2320429135438685		0.880207900208	0.119792099792	0.119792099792	0.967330316742	1.0	1.0
lomeguatrib	-0.2275741432085296		0.870602910603	0.129397089397	0.129397089397	0.960458715596	1.0	1.0
SR1001	-0.22469691791481008		0.863367983368	0.136632016632	0.136632016632	0.954666666667	1.0	1.0
BRD-K71781559	-0.2228958694523697		0.85920997921	0.14079002079	0.14079002079	0.952258064516	1.0	1.0
ifosfamide	-0.22245035526521056		0.858336798337	0.141663201663	0.141663201663	0.952258064516	1.0	1.0
Mdivi-1	-0.2208340189052349		0.855384615385	0.144615384615	0.144615384615	0.952258064516	1.0	1.0
PF-184	-0.22061462357528752		0.854927234927	0.145072765073	0.145072765073	0.952258064516	1.0	1.0
BRD-K14844214	-0.21973527132745022		0.852681912682	0.147318087318	0.147318087318	0.952258064516	1.0	1.0
lovastatin	-0.21966130194468989		0.852432432432	0.147567567568	0.147567567568	0.952258064516	1.0	1.0
ML239	-0.21093364734366257		0.831101871102	0.168898128898	0.168898128898	0.934018691589	1.0	1.0
BRD8899	-0.2101162300532418		0.829438669439	0.170561330561	0.170561330561	0.934018691589	1.0	1.0
SR8278	-0.20988211851163657		0.828773388773	0.171226611227	0.171226611227	0.934018691589	1.0	1.0
ML312	-0.20815695913716561		0.824282744283	0.175717255717	0.175717255717	0.932894117647	1.0	1.0
ML203	-0.2074194563992234		0.822494802495	0.177505197505	0.177505197505	0.932894117647	1.0	1.0
AC55649	-0.20649169698092693		0.819625779626	0.180374220374	0.180374220374	0.932009456265	1.0	1.0
QS-11	-0.20638128606886932		0.819334719335	0.180665280665	0.180665280665	0.932009456265	1.0	1.0
tretinoin	-0.20570033291655854		0.817546777547	0.182453222453	0.182453222453	0.932009456265	1.0	1.0
BRD4132	-0.20538996901288362		0.816673596674	0.183326403326	0.183326403326	0.932009456265	1.0	1.0
PF-750	-0.20214916586739778		0.8079002079	0.1920997921	0.1920997921	0.927446300716	1.0	1.0
zebularine	-0.20197909332998193		0.80735966736	0.19264033264	0.19264033264	0.927446300716	1.0	1.0
manumycin A	-0.20162977898566126		0.806195426195	0.193804573805	0.193804573805	0.927446300716	1.0	1.0
necrostatin-1	-0.20093736497838738		0.804074844075	0.195925155925	0.195925155925	0.927446300716	1.0	1.0
PLX-4032	-0.2006858889815432		0.80316008316	0.19683991684	0.19683991684	0.927446300716	1.0	1.0
JW-55	-0.2000896807342081		0.801912681913	0.198087318087	0.198087318087	0.927446300716	1.0	1.0
simvastatin	-0.19892521337811836		0.797796257796	0.202203742204	0.202203742204	0.927446300716	1.0	1.0
BRD-A05715709	-0.19765099142946405		0.79446985447	0.20553014553	0.20553014553	0.927446300716	1.0	1.0
LE-135	-0.1973091533867032		0.793347193347	0.206652806653	0.206652806653	0.927446300716	1.0	1.0
BRD-K28456706	-0.1972761681793173		0.793347193347	0.206652806653	0.206652806653	0.927446300716	1.0	1.0
ML210	-0.19621692135170304		0.790103950104	0.209896049896	0.209896049896	0.927446300716	1.0	1.0
AZD1480	-0.19578555659203348		0.788773388773	0.211226611227	0.211226611227	0.927446300716	1.0	1.0
dabrafenib	-0.1942382981341253		0.783659043659	0.216340956341	0.216340956341	0.926142506143	1.0	1.0
AGK-2	-0.19347559205314752		0.780997920998	0.219002079002	0.219002079002	0.925270935961	1.0	1.0
BRD8958	-0.19138911796476887		0.774802494802	0.225197505198	0.225197505198	0.920197530864	1.0	1.0
azacitidine	-0.1905612649479723		0.772432432432	0.227567567568	0.227567567568	0.919653465347	1.0	1.0
tacrolimus	-0.19010882643677643		0.771101871102	0.228898128898	0.228898128898	0.919653465347	1.0	1.0
bendamustine	-0.1888774069803353		0.767068607069	0.232931392931	0.232931392931	0.917810945274	1.0	1.0
GSK2636771	-0.18742317936319947		0.762869022869	0.237130977131	0.237130977131	0.91506234414	1.0	1.0
IU1	-0.18689212916781978		0.76158004158	0.23841995842	0.23841995842	0.91506234414	1.0	1.0
sorafenib	-0.18643362162625696		0.760207900208	0.239792099792	0.239792099792	0.91506234414	1.0	1.0
TGX-221	-0.18606683250459755		0.759168399168	0.240831600832	0.240831600832	0.91506234414	1.0	1.0
NVP-231	-0.18559890221668476		0.75762993763	0.24237006237	0.24237006237	0.91506234414	1.0	1.0
linsitinib	-0.18542925494266668		0.757255717256	0.242744282744	0.242744282744	0.91506234414	1.0	1.0
SCH-79797	-0.1836204558936022		0.751933471933	0.248066528067	0.248066528067	0.91506234414	1.0	1.0
AZD7545	-0.1830105293458338		0.749937629938	0.250062370062	0.250062370062	0.91506234414	1.0	1.0
cabozantinib	-0.18201732672961182		0.746694386694	0.253305613306	0.253305613306	0.913893129771	1.0	1.0
CAL-101	-0.18156416014076063		0.744948024948	0.255051975052	0.255051975052	0.913893129771	1.0	1.0
ML334 diastereomer	-0.18100645236966648		0.743451143451	0.256548856549	0.256548856549	0.913893129771	1.0	1.0
pluripotin	-0.18093105929880068		0.743284823285	0.256715176715	0.256715176715	0.913893129771	1.0	1.0
PYR-41	-0.18064423760574558		0.74237006237	0.25762993763	0.25762993763	0.913893129771	1.0	1.0
BRD-A02303741	-0.17810479575687632		0.734137214137	0.265862785863	0.265862785863	0.910103092784	1.0	1.0
SJ-172550	-0.17637125701687706		0.728523908524	0.271476091476	0.271476091476	0.905478036176	1.0	1.0
purmorphamine	-0.17564252436261338		0.726237006237	0.273762993763	0.273762993763	0.904974093264	1.0	1.0
SNX-2112	-0.17532441156367473		0.72498960499	0.27501039501	0.27501039501	0.904974093264	1.0	1.0
dacarbazine	-0.17497552678427228		0.72395010395	0.27604989605	0.27604989605	0.904974093264	1.0	1.0
NSC48300	-0.17374887154413243		0.719708939709	0.280291060291	0.280291060291	0.903864229765	1.0	1.0
1S,3R-RSL-3	-0.17336232916669328		0.718711018711	0.281288981289	0.281288981289	0.903864229765	1.0	1.0
BRD-K49290616	-0.17183510380889844		0.713638253638	0.286361746362	0.286361746362	0.90094488189	1.0	1.0
AT7867	-0.17055787217763352		0.709979209979	0.290020790021	0.290020790021	0.898684210526	1.0	1.0
BCL-LZH-4	-0.16974901731551081		0.707151767152	0.292848232848	0.292848232848	0.89746701847	1.0	1.0
ML258	-0.16848102963331527		0.702869022869	0.297130977131	0.297130977131	0.894391534392	1.0	1.0
KW-2449	-0.16812461245492688		0.702079002079	0.297920997921	0.297920997921	0.894391534392	1.0	1.0
ML320	-0.16613532128850114		0.696424116424	0.303575883576	0.303575883576	0.890904255319	1.0	1.0
CIL55A	-0.16579784272463166		0.695176715177	0.304823284823	0.304823284823	0.890904255319	1.0	1.0
ML162	-0.16383324166877725		0.689313929314	0.310686070686	0.310686070686	0.886524064171	1.0	1.0
pyrazolanthrone	-0.1609260813336031		0.681081081081	0.318918918919	0.318918918919	0.878284182306	1.0	1.0
CD-1530	-0.1604412361844162		0.67920997921	0.32079002079	0.32079002079	0.878225806452	1.0	1.0
niclosamide	-0.16026525419822962		0.678627858628	0.321372141372	0.321372141372	0.878225806452	1.0	1.0
erastin	-0.1574716831710437		0.669563409563	0.330436590437	0.330436590437	0.870432432432	1.0	1.0
darinaparsin	-0.15724454477636884		0.668440748441	0.331559251559	0.331559251559	0.870432432432	1.0	1.0
CID-5951923	-0.1567055458450322		0.666985446985	0.333014553015	0.333014553015	0.870432432432	1.0	1.0
oligomycin A	-0.1561324469896492		0.665571725572	0.334428274428	0.334428274428	0.870432432432	1.0	1.0
methotrexate	-0.15506433596724503		0.663367983368	0.336632016632	0.336632016632	0.870432432432	1.0	1.0
spautin-1	-0.15301385516326838		0.657713097713	0.342286902287	0.342286902287	0.866739726027	1.0	1.0
temsirolimus	-0.1511296291074471		0.650686070686	0.349313929314	0.349313929314	0.859835164835	1.0	1.0
CI-976	-0.14922059597592138		0.645114345114	0.354885654886	0.354885654886	0.854820936639	1.0	1.0
BRD-K02492147	-0.14825168625171184		0.642453222453	0.357546777547	0.357546777547	0.85364640884	1.0	1.0
parbendazole	-0.14816580944604874		0.642286902287	0.357713097713	0.357713097713	0.85364640884	1.0	1.0
regorafenib	-0.14789147525511714		0.64158004158	0.35841995842	0.35841995842	0.85364640884	1.0	1.0
PI-103	-0.1464656118509184		0.637255717256	0.362744282744	0.362744282744	0.85364640884	1.0	1.0
LY-2183240	-0.14538325196217242		0.634345114345	0.365654885655	0.365654885655	0.852290502793	1.0	1.0
BRD-K97651142	-0.14434534956992548		0.631101871102	0.368898128898	0.368898128898	0.850308123249	1.0	1.0
MG-132	-0.14399398335693747		0.630228690229	0.369771309771	0.369771309771	0.850308123249	1.0	1.0
tubastatin A	-0.14127592578446557		0.621954261954	0.378045738046	0.378045738046	0.842704225352	1.0	1.0
BRD9647	-0.14093997968094796		0.620831600832	0.379168399168	0.379168399168	0.842704225352	1.0	1.0
AT13387	-0.1400197990911425		0.618794178794	0.381205821206	0.381205821206	0.842704225352	1.0	1.0
B02	-0.13822142674470073		0.613014553015	0.386985446985	0.386985446985	0.837670454545	1.0	1.0
birinapant	-0.135167823612559		0.604365904366	0.395634095634	0.395634095634	0.828205128205	1.0	1.0
fluvastatin	-0.13123625250400822		0.59446985447	0.40553014553	0.40553014553	0.816971428571	1.0	1.0
BRD-K64610608	-0.1303782497126639		0.592474012474	0.407525987526	0.407525987526	0.816561604585	1.0	1.0
Ki8751	-0.12819721022590058		0.587484407484	0.412515592516	0.412515592516	0.812011494253	1.0	1.0
BIBR-1532	-0.12500389025098382		0.579293139293	0.420706860707	0.420706860707	0.802997118156	1.0	1.0
GSK-3 inhibitor IX	-0.12465712077008259		0.578461538462	0.421538461538	0.421538461538	0.802997118156	1.0	1.0
AZD8055	-0.12409535333388938		0.576881496881	0.423118503119	0.423118503119	0.802997118156	1.0	1.0
dasatinib	-0.12395510640019737		0.576465696466	0.423534303534	0.423534303534	0.802997118156	1.0	1.0
fingolimod	-0.12261249229601251		0.573097713098	0.426902286902	0.426902286902	0.802997118156	1.0	1.0
LY-2157299	-0.12249528018478774		0.572806652807	0.427193347193	0.427193347193	0.802997118156	1.0	1.0
ML006	-0.1212555849439254		0.57027027027	0.42972972973	0.42972972973	0.802997118156	1.0	1.0
YM-155	-0.12064389950412951		0.568523908524	0.431476091476	0.431476091476	0.802997118156	1.0	1.0
isoevodiamine	-0.11841180752589378		0.563700623701	0.436299376299	0.436299376299	0.79982300885	1.0	1.0
BRD-K33199242	-0.11731604367417615		0.56158004158	0.43841995842	0.43841995842	0.799171597633	1.0	1.0
FQI-1	-0.11676625244671969		0.560665280665	0.439334719335	0.439334719335	0.799171597633	1.0	1.0
KX2-391	-0.1142750964128966		0.556465696466	0.443534303534	0.443534303534	0.796607142857	1.0	1.0
SB-225002	-0.11390024727649586		0.555841995842	0.444158004158	0.444158004158	0.796607142857	1.0	1.0
BIRB-796	-0.112983535550584		0.553596673597	0.446403326403	0.446403326403	0.796607142857	1.0	1.0
nintedanib	-0.11219037666311535		0.5520997921	0.4479002079	0.4479002079	0.796607142857	1.0	1.0
decitabine	-0.11213247742699822		0.551933471933	0.448066528067	0.448066528067	0.796607142857	1.0	1.0
pevonedistat	-0.10974766544271734		0.548357588358	0.451642411642	0.451642411642	0.796607142857	1.0	1.0
AM-580	-0.10951812667800397		0.547733887734	0.452266112266	0.452266112266	0.796607142857	1.0	1.0
MK-0752	-0.10569936545956296		0.540997920998	0.459002079002	0.459002079002	0.79094224924	1.0	1.0
rigosertib	-0.10288519106449408		0.536424116424	0.463575883576	0.463575883576	0.786646341463	1.0	1.0
STF-31	-0.10014559275249042		0.5320997921	0.4679002079	0.4679002079	0.782691131498	1.0	1.0
BRD-K09344309	-0.0996347306253428		0.531392931393	0.468607068607	0.468607068607	0.782691131498	1.0	1.0
teniposide	-0.09537321792531941		0.526153846154	0.473846153846	0.473846153846	0.778707692308	1.0	1.0
968	-0.09368334227402168		0.524241164241	0.475758835759	0.475758835759	0.778271604938	1.0	1.0
SN-38	-0.09309955909692838		0.523534303534	0.476465696466	0.476465696466	0.778271604938	1.0	1.0
bexarotene	-0.06441474710765517		0.501704781705	0.498295218295	0.498295218295	0.749440993789	1.0	1.0
isonicotinohydroxamic acid	-0.05970826429784824		0.500332640333	0.499667359667	0.499667359667	0.749440993789	1.0	1.0
SID 26681509	-0.04552781589952368		0.497920997921	0.502079002079	0.502079002079	0.7484375	1.0	1.0
GSK461364	0.05403750158103524		0.494345114345	0.505654885655	0.494345114345	0.74539184953	1.0	0.74539184953
sitagliptin	0.06469832711591926		0.491725571726	0.508274428274	0.491725571726	0.743773584906	1.0	0.743773584906
BI-2536	0.06745701513609925		0.490644490644	0.509355509356	0.490644490644	0.743773584906	1.0	0.743773584906
CAY10618	0.07043277200855383		0.489313929314	0.510686070686	0.489313929314	0.743773584906	1.0	0.743773584906
clofarabine	0.07142596055009014		0.488856548857	0.511143451143	0.488856548857	0.743773584906	1.0	0.743773584906
PRIMA-1	0.07641686605813551		0.485654885655	0.514345114345	0.485654885655	0.743773584906	1.0	0.743773584906
FQI-2	0.08100275536730897		0.481621621622	0.518378378378	0.481621621622	0.740127795527	1.0	0.740127795527
BRD-K55116708	0.08463781846490143		0.478711018711	0.521288981289	0.478711018711	0.738012820513	1.0	0.738012820513
salermide	0.08737576618301583		0.475384615385	0.524615384615	0.475384615385	0.735241157556	1.0	0.735241157556
BRD-K84807411	0.08850123068273258		0.47422037422	0.52577962578	0.47422037422	0.735241157556	1.0	0.735241157556
paclitaxel	0.08871186163973285		0.474012474012	0.525987525988	0.474012474012	0.735241157556	1.0	0.735241157556
OSI-027	0.09099761963349826		0.471600831601	0.528399168399	0.471600831601	0.735241157556	1.0	0.735241157556
C6-ceramide	0.09331339562321633		0.469272349272	0.530727650728	0.469272349272	0.735241157556	1.0	0.735241157556
marinopyrrole A	0.09430047513227469		0.46814968815	0.53185031185	0.46814968815	0.735241157556	1.0	0.735241157556
BRD-M00053801	0.09625174999293135		0.465821205821	0.534178794179	0.465821205821	0.73462295082	1.0	0.73462295082
tanespimycin	0.09693222356618383		0.464698544699	0.535301455301	0.464698544699	0.73462295082	1.0	0.73462295082
brefeldin A	0.09908594642693914		0.461746361746	0.538253638254	0.461746361746	0.73300330033	1.0	0.73300330033
vincristine	0.0996627480703557		0.461081081081	0.538918918919	0.461081081081	0.73300330033	1.0	0.73300330033
MI-1	0.09995879683113641		0.460665280665	0.539334719335	0.460665280665	0.73300330033	1.0	0.73300330033
hyperforin	0.10031413822649991		0.460249480249	0.539750519751	0.460249480249	0.73300330033	1.0	0.73300330033
KU-55933	0.10187634455731169		0.458128898129	0.541871101871	0.458128898129	0.73300330033	1.0	0.73300330033
GMX-1778	0.10268996834803304		0.456798336798	0.543201663202	0.456798336798	0.73300330033	1.0	0.73300330033
ceranib-2	0.10382243272019928		0.45501039501	0.54498960499	0.45501039501	0.73300330033	1.0	0.73300330033
Compound 7d-cis	0.10561480773853484		0.452224532225	0.547775467775	0.452224532225	0.73300330033	1.0	0.73300330033
sirolimus	0.10763812372391211		0.44869022869	0.55130977131	0.44869022869	0.731593220339	1.0	0.731593220339
bosutinib	0.10894258104430975		0.446860706861	0.553139293139	0.446860706861	0.731088435374	1.0	0.731088435374
obatoclax	0.1098377866609892		0.445322245322	0.554677754678	0.445322245322	0.731058020478	1.0	0.731058020478
nakiterpiosin	0.11011134359890289		0.444656964657	0.555343035343	0.444656964657	0.731058020478	1.0	0.731058020478
sunitinib	0.11156945184379512		0.441871101871	0.558128898129	0.441871101871	0.730378006873	1.0	0.730378006873
valdecoxib	0.11309295778697825		0.439126819127	0.560873180873	0.439126819127	0.728344827586	1.0	0.728344827586
gemcitabine	0.11311484476470314		0.439043659044	0.560956340956	0.439043659044	0.728344827586	1.0	0.728344827586
doxorubicin	0.11699602940833764		0.431185031185	0.568814968815	0.431185031185	0.720138888889	1.0	0.720138888889
3-Cl-AHPC	0.11783988318373084		0.429313929314	0.570686070686	0.429313929314	0.719512195122	1.0	0.719512195122
topotecan	0.11787095939188173		0.429313929314	0.570686070686	0.429313929314	0.719512195122	1.0	0.719512195122
ZSTK474	0.11942639415180001		0.425945945946	0.574054054054	0.425945945946	0.718877192982	1.0	0.718877192982
BRD-K50799972	0.11950302391001817		0.425821205821	0.574178794179	0.425821205821	0.718877192982	1.0	0.718877192982
AA-COCF3	0.11950941738959917		0.42577962578	0.57422037422	0.42577962578	0.718877192982	1.0	0.718877192982
KU-0063794	0.12113007934644386		0.422079002079	0.577920997921	0.422079002079	0.718877192982	1.0	0.718877192982
BRD9876	0.12357158749959998		0.416340956341	0.583659043659	0.416340956341	0.712669039146	1.0	0.712669039146
parthenolide	0.12467530515468044		0.413970893971	0.586029106029	0.413970893971	0.711142857143	1.0	0.711142857143
BRD-K48477130	0.12472015918923628		0.413929313929	0.586070686071	0.413929313929	0.711142857143	1.0	0.711142857143
AZD6482	0.12521562674360373		0.412806652807	0.587193347193	0.412806652807	0.711142857143	1.0	0.711142857143
BRD-K01737880	0.12542127319996518		0.412349272349	0.587650727651	0.412349272349	0.711142857143	1.0	0.711142857143
daporinad	0.1255170197423121		0.411891891892	0.588108108108	0.411891891892	0.711142857143	1.0	0.711142857143
nelarabine	0.12598387722273643		0.410686070686	0.589313929314	0.410686070686	0.711142857143	1.0	0.711142857143
myricetin	0.12695511621858394		0.407983367983	0.592016632017	0.407983367983	0.711142857143	1.0	0.711142857143
WAY-362450	0.12730329736335147		0.406652806653	0.593347193347	0.406652806653	0.711142857143	1.0	0.711142857143
NSC23766	0.12853097297471294		0.403492723493	0.596507276507	0.403492723493	0.711142857143	1.0	0.711142857143
NSC95397	0.13022567470418975		0.398794178794	0.601205821206	0.398794178794	0.707822878229	1.0	0.707822878229
BRD-K86535717	0.13141533432718452		0.395051975052	0.604948024948	0.395051975052	0.703777777778	1.0	0.703777777778
JW-74	0.13148903345795623		0.394844074844	0.605155925156	0.394844074844	0.703777777778	1.0	0.703777777778
RAF265	0.13170092403857692		0.393846153846	0.606153846154	0.393846153846	0.703777777778	1.0	0.703777777778
BRD-K78574327	0.1323102615952006		0.3920997921	0.6079002079	0.3920997921	0.703777777778	1.0	0.703777777778
PIK-93	0.1329446194392524		0.390727650728	0.609272349272	0.390727650728	0.703777777778	1.0	0.703777777778
VAF-347	0.13298544604287393		0.390602910603	0.609397089397	0.390602910603	0.703777777778	1.0	0.703777777778
ETP-46464	0.13315536970000674		0.389979209979	0.610020790021	0.389979209979	0.703777777778	1.0	0.703777777778
etoposide	0.1339289643816043		0.388108108108	0.611891891892	0.388108108108	0.703777777778	1.0	0.703777777778
gossypol	0.1339796550011585		0.388066528067	0.611933471933	0.388066528067	0.703777777778	1.0	0.703777777778
I-BET151	0.1350318867168086		0.384407484407	0.615592515593	0.384407484407	0.703777777778	1.0	0.703777777778
JW-480	0.13513053679824555		0.384158004158	0.615841995842	0.384158004158	0.703777777778	1.0	0.703777777778
BRD-K70511574	0.13655956317577406		0.379708939709	0.620291060291	0.379708939709	0.703777777778	1.0	0.703777777778
alisertib	0.13700929496011252		0.378586278586	0.621413721414	0.378586278586	0.703777777778	1.0	0.703777777778
temozolomide	0.138059091083727		0.375634095634	0.624365904366	0.375634095634	0.703035019455	1.0	0.703035019455
R428	0.13850734896952985		0.373721413721	0.626278586279	0.373721413721	0.7021875	1.0	0.7021875
KU-60019	0.13888159956121904		0.372765072765	0.627234927235	0.372765072765	0.7021875	1.0	0.7021875
SB-743921	0.13910836125873857		0.372224532225	0.627775467775	0.372224532225	0.7021875	1.0	0.7021875
avrainvillamide	0.13958029119406565		0.371226611227	0.628773388773	0.371226611227	0.7021875	1.0	0.7021875
MK-2206	0.13981007205833929		0.37027027027	0.62972972973	0.37027027027	0.7021875	1.0	0.7021875
omacetaxine mepesuccinate	0.14113479527493264		0.36553014553	0.63446985447	0.36553014553	0.700478087649	1.0	0.700478087649
etomoxir	0.14132883708826366		0.365031185031	0.634968814969	0.365031185031	0.700478087649	1.0	0.700478087649
BRD-K41334119	0.14214379204987512		0.36261954262	0.63738045738	0.36261954262	0.700478087649	1.0	0.700478087649
silmitasertib	0.14227950442049792		0.362120582121	0.637879417879	0.362120582121	0.700478087649	1.0	0.700478087649
CD-437	0.14231738717716536		0.361995841996	0.638004158004	0.361995841996	0.700478087649	1.0	0.700478087649
importazole	0.14354757743236118		0.358336798337	0.641663201663	0.358336798337	0.700478087649	1.0	0.700478087649
ELCPK	0.14363946906623004		0.358128898129	0.641871101871	0.358128898129	0.700478087649	1.0	0.700478087649
triazolothiadiazine	0.14386586666356282		0.357713097713	0.642286902287	0.357713097713	0.700478087649	1.0	0.700478087649
GSK4112	0.14449789904079383		0.356091476091	0.643908523909	0.356091476091	0.700478087649	1.0	0.700478087649
NSC632839	0.14482798062008384		0.354719334719	0.645280665281	0.354719334719	0.700478087649	1.0	0.700478087649
SB-525334	0.14533204506157166		0.352806652807	0.647193347193	0.352806652807	0.700478087649	1.0	0.700478087649
BRD-K48334597	0.14678665324839948		0.348814968815	0.651185031185	0.348814968815	0.699083333333	1.0	0.699083333333
EX-527	0.14774329355489413		0.346444906445	0.653555093555	0.346444906445	0.697238493724	1.0	0.697238493724
bortezomib	0.14799042218251665		0.345446985447	0.654553014553	0.345446985447	0.697238493724	1.0	0.697238493724
veliparib	0.14895708319383968		0.342536382536	0.657463617464	0.342536382536	0.695189873418	1.0	0.695189873418
ML311	0.14903340132807846		0.342162162162	0.657837837838	0.342162162162	0.695189873418	1.0	0.695189873418
N9-isopropylolomoucine	0.14914745612886993		0.341871101871	0.658128898129	0.341871101871	0.695189873418	1.0	0.695189873418
BRD-K26531177	0.1498167849630452		0.339750519751	0.660249480249	0.339750519751	0.695189873418	1.0	0.695189873418
VU0155056	0.15004364223650296		0.339168399168	0.660831600832	0.339168399168	0.695189873418	1.0	0.695189873418
Compound 1541A	0.15089537517642618		0.336715176715	0.663284823285	0.336715176715	0.695189873418	1.0	0.695189873418
mitomycin	0.15125221128013025		0.335426195426	0.664573804574	0.335426195426	0.695189873418	1.0	0.695189873418
BRD-K66453893	0.1517730995722921		0.333846153846	0.666153846154	0.333846153846	0.695189873418	1.0	0.695189873418
YK 4-279	0.15272688453941816		0.330561330561	0.669438669439	0.330561330561	0.694323144105	1.0	0.694323144105
neuronal differentiation inducer III	0.15302397522274		0.329979209979	0.670020790021	0.329979209979	0.694323144105	1.0	0.694323144105
VER-155008	0.15398122735816822		0.326237006237	0.673762993763	0.326237006237	0.69127753304	1.0	0.69127753304
MLN2480	0.15555796477982736		0.321621621622	0.678378378378	0.321621621622	0.684513274336	1.0	0.684513274336
ABT-199	0.1586201794863937		0.311559251559	0.688440748441	0.311559251559	0.666044444444	1.0	0.666044444444
pandacostat	0.15873337650821645		0.31106029106	0.68893970894	0.31106029106	0.666044444444	1.0	0.666044444444
GDC-0879	0.15874035514341922		0.311018711019	0.688981288981	0.311018711019	0.666044444444	1.0	0.666044444444
BRD-K16147474	0.15931227382030747		0.309189189189	0.690810810811	0.309189189189	0.666044444444	1.0	0.666044444444
BRD-K94991378	0.16061405273152152		0.305155925156	0.694844074844	0.305155925156	0.664162895928	1.0	0.664162895928
PRIMA-1-Met	0.16134411307280838		0.302785862786	0.697214137214	0.302785862786	0.662	1.0	0.662
COL-3	0.16164626199083545		0.30182952183	0.69817047817	0.30182952183	0.662	1.0	0.662
BRD-K04800985	0.1625884785290957		0.298835758836	0.701164241164	0.298835758836	0.659357798165	1.0	0.659357798165
Ch-55	0.16290836095929975		0.297837837838	0.702162162162	0.297837837838	0.659357798165	1.0	0.659357798165
NVP-BEZ235	0.1636023000811131		0.295925155925	0.704074844075	0.295925155925	0.658981481481	1.0	0.658981481481
bardoxolone methyl	0.16364863837290833		0.295841995842	0.704158004158	0.295841995842	0.658981481481	1.0	0.658981481481
MLN2238	0.16428261710001837		0.293846153846	0.706153846154	0.293846153846	0.658981481481	1.0	0.658981481481
tipifarnib-P1	0.1647648002786799		0.2920997921	0.7079002079	0.2920997921	0.658981481481	1.0	0.658981481481
momelotinib	0.16511279388959152		0.290977130977	0.709022869023	0.290977130977	0.658981481481	1.0	0.658981481481
MK-1775	0.16521192369214427		0.290727650728	0.709272349272	0.290727650728	0.658981481481	1.0	0.658981481481
epigallocatechin-3-monogallate	0.16567169412244662		0.289189189189	0.710810810811	0.289189189189	0.658981481481	1.0	0.658981481481
SU11274	0.16570905388660026		0.289064449064	0.710935550936	0.289064449064	0.658981481481	1.0	0.658981481481
LRRK2-IN-1	0.16683876903909672		0.285945945946	0.714054054054	0.285945945946	0.658981481481	1.0	0.658981481481
BRD-K34222889	0.166912922319497		0.285738045738	0.714261954262	0.285738045738	0.658981481481	1.0	0.658981481481
tandutinib	0.1670788827730123		0.285239085239	0.714760914761	0.285239085239	0.658981481481	1.0	0.658981481481
palmostatin B	0.16750422830241019		0.284074844075	0.715925155925	0.284074844075	0.658981481481	1.0	0.658981481481
TG-101348	0.16776491596764814		0.283243243243	0.716756756757	0.283243243243	0.658981481481	1.0	0.658981481481
JQ-1	0.16833099306367372		0.280956340956	0.719043659044	0.280956340956	0.658981481481	1.0	0.658981481481
PF-573228	0.16854702522131665		0.280540540541	0.719459459459	0.280540540541	0.658981481481	1.0	0.658981481481
cerulenin	0.16886543881606914		0.279293139293	0.720706860707	0.279293139293	0.658981481481	1.0	0.658981481481
BRD-K34485477	0.16890159793368797		0.27920997921	0.72079002079	0.27920997921	0.658981481481	1.0	0.658981481481
cucurbitacin I	0.16921267344126167		0.278503118503	0.721496881497	0.278503118503	0.658981481481	1.0	0.658981481481
SR-II-138A	0.1702227230151723		0.275550935551	0.724449064449	0.275550935551	0.658981481481	1.0	0.658981481481
KHS101	0.17034354809683286		0.275176715177	0.724823284823	0.275176715177	0.658981481481	1.0	0.658981481481
brivanib	0.1703798828812008		0.275176715177	0.724823284823	0.275176715177	0.658981481481	1.0	0.658981481481
WP1130	0.17044962008095726		0.274885654886	0.725114345114	0.274885654886	0.658981481481	1.0	0.658981481481
GSK525762A	0.17052520609425384		0.274636174636	0.725363825364	0.274636174636	0.658981481481	1.0	0.658981481481
UNC0638	0.17100519829141558		0.273056133056	0.726943866944	0.273056133056	0.658981481481	1.0	0.658981481481
BRD-K17060750	0.17135233999557947		0.271933471933	0.728066528067	0.271933471933	0.658981481481	1.0	0.658981481481
BRD-K96970199	0.17198783589160874		0.270228690229	0.729771309771	0.270228690229	0.658981481481	1.0	0.658981481481
PDMP	0.17264578248206652		0.268648648649	0.731351351351	0.268648648649	0.658981481481	1.0	0.658981481481
SRT-1720	0.17433519410909348		0.263908523909	0.736091476091	0.263908523909	0.658981481481	1.0	0.658981481481
KH-CB19	0.1750933202830985		0.261372141372	0.738627858628	0.261372141372	0.658981481481	1.0	0.658981481481
BRD-K11533227	0.17538583280923126		0.260291060291	0.739708939709	0.260291060291	0.658981481481	1.0	0.658981481481
BRD1812	0.1764488774096213		0.257297297297	0.742702702703	0.257297297297	0.658981481481	1.0	0.658981481481
barasertib	0.17682961235424205		0.256091476091	0.743908523909	0.256091476091	0.658981481481	1.0	0.658981481481
phloretin	0.17684541870897283		0.25604989605	0.74395010395	0.25604989605	0.658981481481	1.0	0.658981481481
HLI 373	0.17714134716657726		0.255301455301	0.744698544699	0.255301455301	0.658981481481	1.0	0.658981481481
ciclopirox	0.17753438235792732		0.253887733888	0.746112266112	0.253887733888	0.658981481481	1.0	0.658981481481
UNC0321	0.17755595817149303		0.253846153846	0.746153846154	0.253846153846	0.658981481481	1.0	0.658981481481
TW-37	0.17810684165391133		0.251933471933	0.748066528067	0.251933471933	0.658981481481	1.0	0.658981481481
NSC 74859	0.1781420893520808		0.251891891892	0.748108108108	0.251891891892	0.658981481481	1.0	0.658981481481
vorinostat	0.17821516348305286		0.251767151767	0.748232848233	0.251767151767	0.658981481481	1.0	0.658981481481
BRD-K45681478	0.1782788511617083		0.251517671518	0.748482328482	0.251517671518	0.658981481481	1.0	0.658981481481
BMS-536924	0.17882565595889086		0.249771309771	0.750228690229	0.249771309771	0.658981481481	1.0	0.658981481481
KPT185	0.1789623173495961		0.249230769231	0.750769230769	0.249230769231	0.658981481481	1.0	0.658981481481
cyclophosphamide	0.1806476174957451		0.24340956341	0.75659043659	0.24340956341	0.658981481481	1.0	0.658981481481
bleomycin A2	0.1821518827109135		0.238752598753	0.761247401247	0.238752598753	0.658981481481	1.0	0.658981481481
BRD-A94377914	0.18253073515965257		0.237588357588	0.762411642412	0.237588357588	0.658981481481	1.0	0.658981481481
BRD-K09587429	0.1835234240656178		0.234760914761	0.765239085239	0.234760914761	0.658981481481	1.0	0.658981481481
BRD-K30019337	0.18491878605056847		0.229979209979	0.770020790021	0.229979209979	0.650705882353	1.0	0.650705882353
procarbazine	0.18542329947578506		0.228108108108	0.771891891892	0.228108108108	0.649230769231	1.0	0.649230769231
erismodegib	0.1858646817348056		0.226486486486	0.773513513514	0.226486486486	0.648452380952	1.0	0.648452380952
GW-843682X	0.18592579437631088		0.226237006237	0.773762993763	0.226237006237	0.648452380952	1.0	0.648452380952
docetaxel	0.18704992222815894		0.22316008316	0.77683991684	0.22316008316	0.646626506024	1.0	0.646626506024
BRD-K71935468	0.18716131773979422		0.222910602911	0.777089397089	0.222910602911	0.646626506024	1.0	0.646626506024
bafilomycin A1	0.18787878791789675		0.220914760915	0.779085239085	0.220914760915	0.646626506024	1.0	0.646626506024
TPCA-1	0.18788709759277702		0.220914760915	0.779085239085	0.220914760915	0.646626506024	1.0	0.646626506024
ABT-737	0.18807176755462723		0.220415800416	0.779584199584	0.220415800416	0.646626506024	1.0	0.646626506024
ciclosporin	0.18812304985574757		0.219916839917	0.780083160083	0.219916839917	0.646626506024	1.0	0.646626506024
quizartinib	0.18829639303901546		0.219376299376	0.780623700624	0.219376299376	0.646626506024	1.0	0.646626506024
IC-87114	0.18860600807059813		0.218503118503	0.781496881497	0.218503118503	0.646626506024	1.0	0.646626506024
sotrastaurin	0.18894988604759086		0.217713097713	0.782286902287	0.217713097713	0.646626506024	1.0	0.646626506024
BRD-K85133207	0.19023062560817558		0.214012474012	0.785987525988	0.214012474012	0.646626506024	1.0	0.646626506024
cytochalasin B	0.19025477800971327		0.213929313929	0.786070686071	0.213929313929	0.646626506024	1.0	0.646626506024
apicidin	0.19074761164256823		0.212557172557	0.787442827443	0.212557172557	0.646626506024	1.0	0.646626506024
SNS-032	0.1911521919525562		0.211351351351	0.788648648649	0.211351351351	0.646626506024	1.0	0.646626506024
BRD-K80183349	0.19146393818602248		0.210436590437	0.789563409563	0.210436590437	0.646626506024	1.0	0.646626506024
abiraterone	0.19149751100927553		0.210311850312	0.789688149688	0.210311850312	0.646626506024	1.0	0.646626506024
BRD-K27224038	0.19167940017628007		0.209771309771	0.790228690229	0.209771309771	0.646626506024	1.0	0.646626506024
chlorambucil	0.19187532404487967		0.209272349272	0.790727650728	0.209272349272	0.646626506024	1.0	0.646626506024
indisulam	0.1934296972740097		0.204241164241	0.795758835759	0.204241164241	0.646626506024	1.0	0.646626506024
PD318088	0.194134926710617		0.202328482328	0.797671517672	0.202328482328	0.646626506024	1.0	0.646626506024
CR-1-31B	0.1952545175428734		0.199542619543	0.800457380457	0.199542619543	0.646626506024	1.0	0.646626506024
NVP-BSK805	0.1952582129320221		0.199542619543	0.800457380457	0.199542619543	0.646626506024	1.0	0.646626506024
BRD-K90370028	0.19668246944683013		0.195675675676	0.804324324324	0.195675675676	0.646626506024	1.0	0.646626506024
tamoxifen	0.1975132424206541		0.193264033264	0.806735966736	0.193264033264	0.645555555556	1.0	0.645555555556
BRD-K13999467	0.19862289010076187		0.190644490644	0.809355509356	0.190644490644	0.641258741259	1.0	0.641258741259
sildenafil	0.19975737014888198		0.187318087318	0.812681912682	0.187318087318	0.634507042254	1.0	0.634507042254
DBeQ	0.20031872973488712		0.185945945946	0.814054054054	0.185945945946	0.634326241135	1.0	0.634326241135
GDC-0941	0.20058319449329154		0.185363825364	0.814636174636	0.185363825364	0.634326241135	1.0	0.634326241135
GSK1059615	0.20216259878010173		0.18079002079	0.81920997921	0.18079002079	0.625611510791	1.0	0.625611510791
GANT-61	0.20244966932040462		0.179833679834	0.820166320166	0.179833679834	0.625611510791	1.0	0.625611510791
BRD-K52037352	0.20359568193837238		0.177089397089	0.822910602911	0.177089397089	0.621751824818	1.0	0.621751824818
AT-406	0.20518730985935182		0.173056133056	0.826943866944	0.173056133056	0.612058823529	1.0	0.612058823529
BRD-K66532283	0.20546374887456506		0.172182952183	0.827817047817	0.172182952183	0.612058823529	1.0	0.612058823529
SMER-3	0.20595547409020706		0.170977130977	0.829022869023	0.170977130977	0.612058823529	1.0	0.612058823529
NPC-26	0.20604338107873948		0.170644490644	0.829355509356	0.170644490644	0.612058823529	1.0	0.612058823529
Bax channel blocker	0.20628512482247927		0.169854469854	0.830145530146	0.169854469854	0.612058823529	1.0	0.612058823529
neratinib	0.20645088095504974		0.169438669439	0.830561330561	0.169438669439	0.612058823529	1.0	0.612058823529
thalidomide	0.20684572409424545		0.168607068607	0.831392931393	0.168607068607	0.612058823529	1.0	0.612058823529
AZD7762	0.20699059947669002		0.168191268191	0.831808731809	0.168191268191	0.612058823529	1.0	0.612058823529
fluorouracil	0.20755216497555967		0.166860706861	0.833139293139	0.166860706861	0.612058823529	1.0	0.612058823529
tamatinib	0.20817970111558182		0.165114345114	0.834885654886	0.165114345114	0.612058823529	1.0	0.612058823529
nilotinib	0.21016783415832907		0.159958419958	0.840041580042	0.159958419958	0.610634920635	1.0	0.610634920635
MI-2	0.21021355758098464		0.159750519751	0.840249480249	0.159750519751	0.610634920635	1.0	0.610634920635
elocalcitol	0.2106000489610089		0.15920997921	0.84079002079	0.15920997921	0.610634920635	1.0	0.610634920635
BRD-K63431240	0.21071936157362292		0.159043659044	0.840956340956	0.159043659044	0.610634920635	1.0	0.610634920635
BRD-K02251932	0.2110034425037456		0.158336798337	0.841663201663	0.158336798337	0.610634920635	1.0	0.610634920635
NVP-TAE684	0.2119629680511718		0.155717255717	0.844282744283	0.155717255717	0.610634920635	1.0	0.610634920635
BRD-A71883111	0.2126976207182436		0.153721413721	0.846278586279	0.153721413721	0.610634920635	1.0	0.610634920635
cyanoquinoline 11	0.2142962710282833		0.14948024948	0.85051975052	0.14948024948	0.604201680672	1.0	0.604201680672
cytarabine hydrochloride	0.21434609153308898		0.149355509356	0.850644490644	0.149355509356	0.604201680672	1.0	0.604201680672
BRD-K61166597	0.21550231986139298		0.146819126819	0.853180873181	0.146819126819	0.60358974359	1.0	0.60358974359
PHA-793887	0.216128745886641		0.145446985447	0.854553014553	0.145446985447	0.603103448276	1.0	0.603103448276
GW-405833	0.2181560290866221		0.14103950104	0.85896049896	0.14103950104	0.589913043478	1.0	0.589913043478
selumetinib	0.218893258032763		0.139750519751	0.860249480249	0.139750519751	0.589649122807	1.0	0.589649122807
PAC-1	0.22054192793637367		0.135634095634	0.864365904366	0.135634095634	0.577345132743	1.0	0.577345132743
PX-12	0.22108804016653064		0.134095634096	0.865904365904	0.134095634096	0.575892857143	1.0	0.575892857143
necrosulfonamide	0.22183323098935911		0.132432432432	0.867567567568	0.132432432432	0.573873873874	1.0	0.573873873874
compound 1B	0.22223394098632193		0.13185031185	0.86814968815	0.13185031185	0.573873873874	1.0	0.573873873874
crizotinib	0.2223498586343115		0.131642411642	0.868357588358	0.131642411642	0.573873873874	1.0	0.573873873874
semagacestat	0.22398814456404287		0.127817047817	0.872182952183	0.127817047817	0.569259259259	1.0	0.569259259259
leptomycin B	0.22438277034986143		0.126486486486	0.873513513514	0.126486486486	0.568598130841	1.0	0.568598130841
piperlongumine	0.22450512406507694		0.12632016632	0.87367983368	0.12632016632	0.568598130841	1.0	0.568598130841
CIL70	0.22490317823423175		0.125322245322	0.874677754678	0.125322245322	0.568598130841	1.0	0.568598130841
SKI-II	0.22520086911678802		0.124656964657	0.875343035343	0.124656964657	0.568598130841	1.0	0.568598130841
ouabain	0.22524896592568414		0.124615384615	0.875384615385	0.124615384615	0.568598130841	1.0	0.568598130841
triptolide	0.22618143786647696		0.122785862786	0.877214137214	0.122785862786	0.568598130841	1.0	0.568598130841
Merck60	0.22731939437086787		0.120873180873	0.879126819127	0.120873180873	0.568598130841	1.0	0.568598130841
SZ4TA2	0.22767600295179458		0.120124740125	0.879875259875	0.120124740125	0.568598130841	1.0	0.568598130841
StemRegenin 1	0.22815365020571707		0.119459459459	0.880540540541	0.119459459459	0.568598130841	1.0	0.568598130841
PF-3758309	0.2287529591458275		0.117962577963	0.882037422037	0.117962577963	0.568598130841	1.0	0.568598130841
entinostat	0.229541460932587		0.115841995842	0.884158004158	0.115841995842	0.568598130841	1.0	0.568598130841
HC-067047	0.2301353253275145		0.114927234927	0.885072765073	0.114927234927	0.568598130841	1.0	0.568598130841
alvocidib	0.23094638357549546		0.113264033264	0.886735966736	0.113264033264	0.568598130841	1.0	0.568598130841
necrostatin-7	0.23232629728130674		0.110478170478	0.889521829522	0.110478170478	0.565319148936	1.0	0.565319148936
RITA	0.2325029987816305		0.110187110187	0.889812889813	0.110187110187	0.565319148936	1.0	0.565319148936
Repligen 136	0.2327764560408662		0.109521829522	0.890478170478	0.109521829522	0.565319148936	1.0	0.565319148936
AZD4547	0.2335239404234062		0.108316008316	0.891683991684	0.108316008316	0.565319148936	1.0	0.565319148936
16-beta-bromoandrosterone	0.23504082460033696		0.105363825364	0.894636174636	0.105363825364	0.563111111111	1.0	0.563111111111
BRD6340	0.23661066419080565		0.102328482328	0.897671517672	0.102328482328	0.553033707865	1.0	0.553033707865
BIX-01294	0.2368181292925731		0.102162162162	0.897837837838	0.102162162162	0.553033707865	1.0	0.553033707865
itraconazole	0.23681921790178614		0.102162162162	0.897837837838	0.102162162162	0.553033707865	1.0	0.553033707865
MST-312	0.23851937648101393		0.0994178794179	0.900582120582	0.0994178794179	0.553033707865	1.0	0.553033707865
trifluoperazine	0.24064748022882934		0.0956756756757	0.904324324324	0.0956756756757	0.541411764706	1.0	0.541411764706
lenvatinib	0.2407947952989279		0.0954261954262	0.904573804574	0.0954261954262	0.541411764706	1.0	0.541411764706
FGIN-1-27	0.24086560851400535		0.095343035343	0.904656964657	0.095343035343	0.541411764706	1.0	0.541411764706
foretinib	0.2408747655286599		0.095343035343	0.904656964657	0.095343035343	0.541411764706	1.0	0.541411764706
O-6-benzylguanine	0.24276957447509578		0.0919334719335	0.908066528067	0.0919334719335	0.541411764706	1.0	0.541411764706
saracatinib	0.2443971665093505		0.0887733887734	0.911226611227	0.0887733887734	0.53375	1.0	0.53375
HBX-41108	0.2459116685057442		0.085738045738	0.914261954262	0.085738045738	0.522025316456	1.0	0.522025316456
BRD-K51490254	0.24686361098571521		0.084158004158	0.915841995842	0.084158004158	0.518974358974	1.0	0.518974358974
navitoclax	0.2484790646540703		0.0816632016632	0.918336798337	0.0816632016632	0.51012987013	1.0	0.51012987013
PL-DI	0.24856015897239478		0.08158004158	0.91841995842	0.08158004158	0.51012987013	1.0	0.51012987013
NSC19630	0.24873138139876663		0.0814553014553	0.918544698545	0.0814553014553	0.51012987013	1.0	0.51012987013
RO4929097	0.25116162547945686		0.0777546777547	0.922245322245	0.0777546777547	0.505405405405	1.0	0.505405405405
pifithrin-mu	0.2512831969132398		0.0774636174636	0.922536382536	0.0774636174636	0.505405405405	1.0	0.505405405405
LBH-589	0.2532996856939701		0.074553014553	0.925446985447	0.074553014553	0.498055555556	1.0	0.498055555556
L-685458	0.25494557509420046		0.0714760914761	0.928523908524	0.0714760914761	0.484225352113	1.0	0.484225352113
blebbistatin	0.2557846377424077		0.0699376299376	0.930062370062	0.0699376299376	0.480571428571	1.0	0.480571428571
BYL-719	0.25723479918086317		0.067525987526	0.932474012474	0.067525987526	0.470724637681	1.0	0.470724637681
SB-431542	0.25769131055797684		0.0668191268191	0.933180873181	0.0668191268191	0.470724637681	1.0	0.470724637681
BMS-754807	0.25842646575895617		0.0658212058212	0.934178794179	0.0658212058212	0.470724637681	1.0	0.470724637681
BRD-K88742110	0.2593575086984687		0.064656964657	0.935343035343	0.064656964657	0.470724637681	1.0	0.470724637681
BEC	0.26189554936663645		0.0613305613306	0.938669438669	0.0613305613306	0.453846153846	1.0	0.453846153846
MGCD-265	0.26337140708269485		0.0592931392931	0.940706860707	0.0592931392931	0.445625	1.0	0.445625
Ko-143	0.2640757091095372		0.0582952182952	0.941704781705	0.0582952182952	0.445079365079	1.0	0.445079365079
istradefylline	0.26492001993018904		0.0572557172557	0.942744282744	0.0572557172557	0.444193548387	1.0	0.444193548387
tosedostat	0.2706918655688017		0.0510602910603	0.94893970894	0.0510602910603	0.40262295082	1.0	0.40262295082
canertinib	0.2730534118176236		0.048814968815	0.951185031185	0.048814968815	0.391333333333	1.0	0.391333333333
ISOX	0.27504583331688215		0.0465280665281	0.953471933472	0.0465280665281	0.379322033898	1.0	0.379322033898
masitinib	0.27534166490870643		0.046237006237	0.953762993763	0.046237006237	0.379322033898	1.0	0.379322033898
WZ4002	0.27611375177236164		0.0454054054054	0.954594594595	0.0454054054054	0.379322033898	1.0	0.379322033898
tivantinib	0.2766211770444911		0.044948024948	0.955051975052	0.044948024948	0.379322033898	1.0	0.379322033898
narciclasine	0.27691773420763244		0.0446153846154	0.955384615385	0.0446153846154	0.379322033898	1.0	0.379322033898
prochlorperazine	0.2775270170444766		0.0439916839917	0.956008316008	0.0439916839917	0.379322033898	1.0	0.379322033898
erlotinib	0.2797081130899319		0.0421621621622	0.957837837838	0.0421621621622	0.379322033898	1.0	0.379322033898
BMS-345541	0.27995822546607735		0.0419126819127	0.958087318087	0.0419126819127	0.379322033898	1.0	0.379322033898
methylstat	0.2807444624385733		0.0413305613306	0.958669438669	0.0413305613306	0.379322033898	1.0	0.379322033898
RG-108	0.28231356348837017		0.04	0.96	0.04	0.379322033898	1.0	0.379322033898
ibrutinib	0.2859869767355295		0.0367983367983	0.963201663202	0.0367983367983	0.361224489796	1.0	0.361224489796
FSC231	0.28829271365513964		0.0348024948025	0.965197505198	0.0348024948025	0.34875	1.0	0.34875
BRD-K19103580	0.2889818249034085		0.0342203742204	0.96577962578	0.0342203742204	0.34875	1.0	0.34875
vandetanib	0.2905237745568617		0.0333056133056	0.966694386694	0.0333056133056	0.348260869565	1.0	0.348260869565
NVP-ADW742	0.29060129807699286		0.0331392931393	0.966860706861	0.0331392931393	0.348260869565	1.0	0.348260869565
CHM-1	0.29140324891627606		0.0325571725572	0.967442827443	0.0325571725572	0.348260869565	1.0	0.348260869565
CBB-1007	0.2916442444514316		0.0323908523909	0.967609147609	0.0323908523909	0.348260869565	1.0	0.348260869565
Compound 23 citrate	0.29310398817081507		0.0313513513514	0.968648648649	0.0313513513514	0.348260869565	1.0	0.348260869565
NSC30930	0.29314196795535596		0.0313513513514	0.968648648649	0.0313513513514	0.348260869565	1.0	0.348260869565
BRD-K41597374	0.29494677141518494		0.0300623700624	0.969937629938	0.0300623700624	0.348260869565	1.0	0.348260869565
KU 0060648	0.3013355828066182		0.0259875259875	0.974012474012	0.0259875259875	0.320512820513	1.0	0.320512820513
linifanib	0.3018035808261705		0.0258627858628	0.974137214137	0.0258627858628	0.320512820513	1.0	0.320512820513
tivozanib	0.30187537603905146		0.0258627858628	0.974137214137	0.0258627858628	0.320512820513	1.0	0.320512820513
trametinib	0.3030814888213307		0.0247817047817	0.975218295218	0.0247817047817	0.320512820513	1.0	0.320512820513
WZ8040	0.30673090518351903		0.0229937629938	0.977006237006	0.0229937629938	0.316	1.0	0.316
dinaciclib	0.30686114974126427		0.0229106029106	0.977089397089	0.0229106029106	0.316	1.0	0.316
PF-543	0.3084454378884897		0.0222453222453	0.977754677755	0.0222453222453	0.316	1.0	0.316
curcumin	0.3153681314704549		0.0188357588358	0.981164241164	0.0188357588358	0.283125	1.0	0.283125
BRD-K29313308	0.3163508337116896		0.0184615384615	0.981538461538	0.0184615384615	0.283125	1.0	0.283125
nutlin-3	0.3190841876903446		0.0177130977131	0.982286902287	0.0177130977131	0.283125	1.0	0.283125
BRD-K30748066	0.3208453718722428		0.0172557172557	0.982744282744	0.0172557172557	0.283125	1.0	0.283125
PD 153035	0.32311596897193207		0.0165072765073	0.983492723493	0.0165072765073	0.283125	1.0	0.283125
tacedinaline	0.32428131631171353		0.0160914760915	0.983908523909	0.0160914760915	0.283125	1.0	0.283125
BRD-K44224150	0.324809473458192		0.0160914760915	0.983908523909	0.0160914760915	0.283125	1.0	0.283125
CAY10594	0.32550266896597135		0.0158004158004	0.9841995842	0.0158004158004	0.283125	1.0	0.283125
AZ-3146	0.32933955386520963		0.0147193347193	0.985280665281	0.0147193347193	0.283125	1.0	0.283125
BRD-A86708339	0.32952817872888857		0.0147193347193	0.985280665281	0.0147193347193	0.283125	1.0	0.283125
betulinic acid	0.3346355279612184		0.0130977130977	0.986902286902	0.0130977130977	0.283125	1.0	0.283125
pitstop2	0.3365216249735892		0.0127650727651	0.987234927235	0.0127650727651	0.283125	1.0	0.283125
belinostat	0.3375345051948943	0.037711788243239286	0.0125571725572	0.987442827443	0.0125571725572	0.283125	1.0	0.283125
BRD-K27986637	0.33756190367631317	0.09859499303349271	0.0125571725572	0.987442827443	0.0125571725572	0.283125	1.0	0.283125
serdemetan	0.34114595911992046	0.018014964533713464	0.0116008316008	0.988399168399	0.0116008316008	0.283125	1.0	0.283125
BRD-K75293299	0.34161873920428404	0.10169562253487745	0.0115176715177	0.988482328482	0.0115176715177	0.283125	1.0	0.283125
SCH-529074	0.3545875510885002	0.03399742187623073	0.00852390852391	0.991476091476	0.00852390852391	0.25625	1.0	0.25625
cimetidine	0.3596446652101037	0.09259634044713377	0.00785862785863	0.992141372141	0.00785862785863	0.252	1.0	0.252
afatinib	0.3629187820288468	0.016342693724756847	0.00744282744283	0.992557172557	0.00744282744283	0.252	1.0	0.252
cediranib	0.36652249877059184	0.06986953618149509	0.00673596673597	0.993264033264	0.00673596673597	0.249230769231	1.0	0.249230769231
BRD-K96431673	0.3670583838653537	0.11597384606562765	0.00661122661123	0.993388773389	0.00661122661123	0.249230769231	1.0	0.249230769231
VX-680	0.36867324816680414	0.1179769979023748	0.00644490644491	0.993555093555	0.00644490644491	0.249230769231	1.0	0.249230769231
ML029	0.3690945532938887	0.09424202739477877	0.00640332640333	0.993596673597	0.00640332640333	0.249230769231	1.0	0.249230769231
PF-4800567 hydrochloride	0.3721120525438892	0.05327835458729162	0.00594594594595	0.994054054054	0.00594594594595	0.249230769231	1.0	0.249230769231
gefitinib	0.3768358086447049	0.021959005724403586	0.00573804573805	0.994261954262	0.00573804573805	0.249230769231	1.0	0.249230769231
lapatinib	0.3791894083225254	0.020182261320363125	0.00540540540541	0.994594594595	0.00540540540541	0.249230769231	1.0	0.249230769231
BRD-K29086754	0.3889056267546858	0.110104409534932	0.0039501039501	0.99604989605	0.0039501039501	0.249230769231	1.0	0.249230769231
fulvestrant	0.39327413640496495	0.14242371401321677	0.00378378378378	0.996216216216	0.00378378378378	0.249230769231	1.0	0.249230769231
skepinone-L	0.4097495726376573	0.03465168338350357	0.00282744282744	0.997172557173	0.00282744282744	0.249230769231	1.0	0.249230769231
CIL55	0.44389107209767287	0.09250715048006392	0.00149688149688	0.998503118503	0.00149688149688	0.24	1.0	0.24
austocystin D	0.4577297410713611	0.041021050450059736	0.0010395010395	0.99896049896	0.0010395010395	0.24	1.0	0.24
GSK-J4	0.6816660577893178	0.12549867940656947	4.158004158004158e-05	1.0	4.158004158004158e-05	0.02	1.0	0.02
