	score	0.95 moe	p-value (forward)	p-value (reverse)	p-value	fdr (forward)	fdr (reverse)	fdr
austocystin D	-0.5778861507901683	0.02496956253699981	0.999376299376	0.000623700623701	0.000623700623701	0.999376299376	0.133333333333	0.133333333333
PF-4800567 hydrochloride	-0.5451660474886867	0.08252859454355078	0.999251559252	0.000748440748441	0.000748440748441	0.999376299376	0.133333333333	0.133333333333
GSK-J4	-0.5233438274174053	0.07823713893092844	0.999168399168	0.000831600831601	0.000831600831601	0.999376299376	0.133333333333	0.133333333333
ibrutinib	-0.4539207705971064	0.0522732657311828	0.998004158004	0.00199584199584	0.00199584199584	0.999376299376	0.164	0.164
tivantinib	-0.43076282639553587	0.04493294641623643	0.997297297297	0.0027027027027	0.0027027027027	0.999376299376	0.164	0.164
nutlin-3	-0.4305731740127924	0.029107789496109374	0.997297297297	0.0027027027027	0.0027027027027	0.999376299376	0.164	0.164
cediranib	-0.4294992142365584	0.04091717539431396	0.997214137214	0.00278586278586	0.00278586278586	0.999376299376	0.164	0.164
CIL55	-0.4207696417184213	0.05143602702904631	0.996881496881	0.0031185031185	0.0031185031185	0.999376299376	0.164	0.164
BRD-K24690302	-0.4191932389226813	0.025922728531827862	0.996798336798	0.00320166320166	0.00320166320166	0.999376299376	0.164	0.164
RITA	-0.41449472936279746	0.029108716968213846	0.99659043659	0.00340956340956	0.00340956340956	0.999376299376	0.164	0.164
BRD-K27224038	-0.3977574437385108	0.13997951239498907	0.995467775468	0.00453222453222	0.00453222453222	0.999376299376	0.184	0.184
fluorouracil	-0.3941614967977665	0.01932420529519423	0.995051975052	0.00494802494802	0.00494802494802	0.999376299376	0.184	0.184
16-beta-bromoandrosterone	-0.3915039851101116	0.02749181631765475	0.994677754678	0.00532224532225	0.00532224532225	0.999376299376	0.184	0.184
selumetinib	-0.38997963695485555	0.026791032297375103	0.99446985447	0.00553014553015	0.00553014553015	0.999376299376	0.184	0.184
CBB-1007	-0.3859983231352772	0.10541777277659593	0.994261954262	0.00573804573805	0.00573804573805	0.999376299376	0.184	0.184
SB-743921	-0.3771583913606695	0.02180112857632821	0.993347193347	0.00665280665281	0.00665280665281	0.999376299376	0.186060606061	0.186060606061
tipifarnib-P2	-0.3739367633359804	0.09283213928903639	0.992931392931	0.00706860706861	0.00706860706861	0.999376299376	0.186060606061	0.186060606061
BRD-A94377914	-0.373935311346851	0.03731360304855923	0.992931392931	0.00706860706861	0.00706860706861	0.999376299376	0.186060606061	0.186060606061
cimetidine	-0.3700273333645149	0.03934708880248506	0.992390852391	0.00760914760915	0.00760914760915	0.999376299376	0.186060606061	0.186060606061
LBH-589	-0.36775471981244207	0.018682497220031607	0.992016632017	0.00798336798337	0.00798336798337	0.999376299376	0.186060606061	0.186060606061
afatinib	-0.3556325230350918		0.990062370062	0.00993762993763	0.00993762993763	0.999376299376	0.186060606061	0.186060606061
Compound 23 citrate	-0.35308744666157843		0.989521829522	0.0104781704782	0.0104781704782	0.999376299376	0.186060606061	0.186060606061
BRD-K90370028	-0.350822623814106		0.98893970894	0.0110602910603	0.0110602910603	0.999376299376	0.186060606061	0.186060606061
GSK461364	-0.3482534061340734		0.988565488565	0.0114345114345	0.0114345114345	0.999376299376	0.186060606061	0.186060606061
lomeguatrib	-0.34796820818155366		0.988482328482	0.0115176715177	0.0115176715177	0.999376299376	0.186060606061	0.186060606061
XL765	-0.3479087394842819		0.988482328482	0.0115176715177	0.0115176715177	0.999376299376	0.186060606061	0.186060606061
indisulam	-0.3472361118343848		0.988399168399	0.0116008316008	0.0116008316008	0.999376299376	0.186060606061	0.186060606061
lapatinib	-0.3465198232906722		0.988191268191	0.0118087318087	0.0118087318087	0.999376299376	0.186060606061	0.186060606061
bafilomycin A1	-0.3450907598570331		0.987983367983	0.0120166320166	0.0120166320166	0.999376299376	0.186060606061	0.186060606061
LRRK2-IN-1	-0.3443301886728546		0.987941787942	0.0120582120582	0.0120582120582	0.999376299376	0.186060606061	0.186060606061
BYL-719	-0.34150748317393087		0.987234927235	0.0127650727651	0.0127650727651	0.999376299376	0.186060606061	0.186060606061
L-685458	-0.3413305828933352		0.987234927235	0.0127650727651	0.0127650727651	0.999376299376	0.186060606061	0.186060606061
JW-55	-0.34125823757620627		0.987234927235	0.0127650727651	0.0127650727651	0.999376299376	0.186060606061	0.186060606061
BRD-K14844214	-0.33589711991567894		0.986403326403	0.0135966735967	0.0135966735967	0.999376299376	0.188333333333	0.188333333333
trametinib	-0.33550624369489906		0.986278586279	0.0137214137214	0.0137214137214	0.999376299376	0.188333333333	0.188333333333
sotrastaurin	-0.3341364603843199		0.985904365904	0.0140956340956	0.0140956340956	0.999376299376	0.188333333333	0.188333333333
KX2-391	-0.33251562363264625		0.985488565489	0.0145114345114	0.0145114345114	0.999376299376	0.188648648649	0.188648648649
BRD-K41597374	-0.32928796532003135		0.984074844075	0.0159251559252	0.0159251559252	0.999376299376	0.190243902439	0.190243902439
linifanib	-0.32912175061547894		0.984033264033	0.0159667359667	0.0159667359667	0.999376299376	0.190243902439	0.190243902439
KU 0060648	-0.32827583003938665		0.983825363825	0.0161746361746	0.0161746361746	0.999376299376	0.190243902439	0.190243902439
tubastatin A	-0.32806236394443344		0.983783783784	0.0162162162162	0.0162162162162	0.999376299376	0.190243902439	0.190243902439
tipifarnib-P1	-0.32625654973327106		0.983076923077	0.0169230769231	0.0169230769231	0.999376299376	0.191627906977	0.191627906977
vorinostat	-0.3256038045531026		0.982869022869	0.017130977131	0.017130977131	0.999376299376	0.191627906977	0.191627906977
NVP-ADW742	-0.3225544262948489		0.981621621622	0.0183783783784	0.0183783783784	0.999376299376	0.193214285714	0.193214285714
narciclasine	-0.3224925542333758		0.98158004158	0.01841995842	0.01841995842	0.999376299376	0.193214285714	0.193214285714
PAC-1	-0.3210265523448985		0.980831600832	0.0191683991684	0.0191683991684	0.999376299376	0.193214285714	0.193214285714
PX-12	-0.3209623135570077		0.98079002079	0.01920997921	0.01920997921	0.999376299376	0.193214285714	0.193214285714
ML311	-0.3208181302840943		0.980706860707	0.0192931392931	0.0192931392931	0.999376299376	0.193214285714	0.193214285714
ML029	-0.32013947341517457		0.980291060291	0.0197089397089	0.0197089397089	0.999376299376	0.193214285714	0.193214285714
gefitinib	-0.31800596827526495		0.97896049896	0.0210395010395	0.0210395010395	0.999376299376	0.193214285714	0.193214285714
isoevodiamine	-0.31697273835272094		0.978544698545	0.0214553014553	0.0214553014553	0.999376299376	0.193214285714	0.193214285714
BRD-K13999467	-0.31605665709303826		0.97817047817	0.0218295218295	0.0218295218295	0.999376299376	0.193214285714	0.193214285714
CAY10594	-0.3157481152989931		0.978004158004	0.0219958419958	0.0219958419958	0.999376299376	0.193214285714	0.193214285714
MLN2480	-0.31478290062052555		0.977754677755	0.0222453222453	0.0222453222453	0.999376299376	0.193214285714	0.193214285714
BRD-K84807411	-0.3145164761838583		0.977713097713	0.0222869022869	0.0222869022869	0.999376299376	0.193214285714	0.193214285714
FQI-1	-0.314195417259712		0.977505197505	0.0224948024948	0.0224948024948	0.999376299376	0.193214285714	0.193214285714
piperlongumine	-0.31333260963016957		0.97683991684	0.0231600831601	0.0231600831601	0.999376299376	0.195438596491	0.195438596491
cucurbitacin I	-0.3115544833896351		0.9758004158	0.0241995841996	0.0241995841996	0.999376299376	0.196825396825	0.196825396825
tosedostat	-0.310194912757576		0.975051975052	0.024948024948	0.024948024948	0.999376299376	0.196825396825	0.196825396825
YK 4-279	-0.30950132177341827		0.974719334719	0.0252806652807	0.0252806652807	0.999376299376	0.196825396825	0.196825396825
thalidomide	-0.30901965033057793		0.974594594595	0.0254054054054	0.0254054054054	0.999376299376	0.196825396825	0.196825396825
docetaxel	-0.3089957382293289		0.974594594595	0.0254054054054	0.0254054054054	0.999376299376	0.196825396825	0.196825396825
fingolimod	-0.3084176208309714		0.97422037422	0.0257796257796	0.0257796257796	0.999376299376	0.196825396825	0.196825396825
etomoxir	-0.3071482427682131		0.973347193347	0.0266528066528	0.0266528066528	0.999376299376	0.2003125	0.2003125
veliparib	-0.30383441583623666		0.970602910603	0.0293970893971	0.0293970893971	0.999376299376	0.205882352941	0.205882352941
paclitaxel	-0.30357334802388797		0.970395010395	0.029604989605	0.029604989605	0.999376299376	0.205882352941	0.205882352941
ELCPK	-0.29967930162200124		0.968399168399	0.0316008316008	0.0316008316008	0.999376299376	0.205882352941	0.205882352941
PD 153035	-0.2994475959782973		0.968357588358	0.0316424116424	0.0316424116424	0.999376299376	0.205882352941	0.205882352941
O-6-benzylguanine	-0.2991931966603771		0.968232848233	0.0317671517672	0.0317671517672	0.999376299376	0.205882352941	0.205882352941
AZ-3146	-0.2986730734563652		0.968066528067	0.0319334719335	0.0319334719335	0.999376299376	0.205882352941	0.205882352941
prochlorperazine	-0.29814029761116934		0.967775467775	0.0322245322245	0.0322245322245	0.999376299376	0.205882352941	0.205882352941
ABT-737	-0.29437943888706525		0.965031185031	0.0349688149688	0.0349688149688	0.999376299376	0.205882352941	0.205882352941
dinaciclib	-0.29431024874420963		0.964948024948	0.035051975052	0.035051975052	0.999376299376	0.205882352941	0.205882352941
NSC19630	-0.29352935742307656		0.964449064449	0.0355509355509	0.0355509355509	0.999376299376	0.205882352941	0.205882352941
HLI 373	-0.2933807868295329		0.964282744283	0.0357172557173	0.0357172557173	0.999376299376	0.205882352941	0.205882352941
tacedinaline	-0.2932278110431397		0.964158004158	0.035841995842	0.035841995842	0.999376299376	0.205882352941	0.205882352941
BRD-A86708339	-0.29266986452397215		0.963825363825	0.0361746361746	0.0361746361746	0.999376299376	0.205882352941	0.205882352941
cerulenin	-0.29244649333289424		0.963783783784	0.0362162162162	0.0362162162162	0.999376299376	0.205882352941	0.205882352941
SZ4TA2	-0.29199557684918404		0.963492723493	0.0365072765073	0.0365072765073	0.999376299376	0.205882352941	0.205882352941
Ko-143	-0.29154846148740304		0.96316008316	0.0368399168399	0.0368399168399	0.999376299376	0.205882352941	0.205882352941
CAY10576	-0.2912441001361098		0.962993762994	0.0370062370062	0.0370062370062	0.999376299376	0.205882352941	0.205882352941
NSC30930	-0.291108547751457		0.962785862786	0.0372141372141	0.0372141372141	0.999376299376	0.205882352941	0.205882352941
skepinone-L	-0.2902539548540018		0.96237006237	0.0376299376299	0.0376299376299	0.999376299376	0.205882352941	0.205882352941
leptomycin B	-0.29010862272573407		0.962162162162	0.0378378378378	0.0378378378378	0.999376299376	0.205882352941	0.205882352941
itraconazole	-0.28968656724279485		0.961995841996	0.0380041580042	0.0380041580042	0.999376299376	0.205882352941	0.205882352941
vincristine	-0.2896651392573672		0.961995841996	0.0380041580042	0.0380041580042	0.999376299376	0.205882352941	0.205882352941
CIL55A	-0.28958852259412		0.961912681913	0.0380873180873	0.0380873180873	0.999376299376	0.205882352941	0.205882352941
BRD-K71781559	-0.2888303627946238		0.961455301455	0.0385446985447	0.0385446985447	0.999376299376	0.205882352941	0.205882352941
BRD-K28456706	-0.2888062919931246		0.961413721414	0.0385862785863	0.0385862785863	0.999376299376	0.205882352941	0.205882352941
WZ8040	-0.28822770443899787		0.960956340956	0.0390436590437	0.0390436590437	0.999376299376	0.205882352941	0.205882352941
JQ-1	-0.2879003722814287		0.960665280665	0.0393347193347	0.0393347193347	0.999376299376	0.205882352941	0.205882352941
triazolothiadiazine	-0.2874993073750924		0.960249480249	0.0397505197505	0.0397505197505	0.999376299376	0.205882352941	0.205882352941
BRD-K02251932	-0.28596453608542916		0.958918918919	0.0410810810811	0.0410810810811	0.999376299376	0.205882352941	0.205882352941
BRD-K85133207	-0.2850818668629688		0.957962577963	0.0420374220374	0.0420374220374	0.999376299376	0.205882352941	0.205882352941
chlorambucil	-0.2844175184123346		0.95738045738	0.0426195426195	0.0426195426195	0.999376299376	0.205882352941	0.205882352941
AZD1480	-0.28430608423485176		0.957338877339	0.0426611226611	0.0426611226611	0.999376299376	0.205882352941	0.205882352941
BRD-K70511574	-0.2842632669588953		0.957297297297	0.0427027027027	0.0427027027027	0.999376299376	0.205882352941	0.205882352941
neratinib	-0.2836565997024766		0.956756756757	0.0432432432432	0.0432432432432	0.999376299376	0.205882352941	0.205882352941
WZ4002	-0.2834361956776284		0.956673596674	0.0433264033264	0.0433264033264	0.999376299376	0.205882352941	0.205882352941
GW-843682X	-0.2831170502741884		0.956548856549	0.0434511434511	0.0434511434511	0.999376299376	0.205882352941	0.205882352941
NSC632839	-0.2830663638866397		0.956507276507	0.0434927234927	0.0434927234927	0.999376299376	0.205882352941	0.205882352941
BRD-K04800985	-0.2829553530752238		0.956340956341	0.043659043659	0.043659043659	0.999376299376	0.205882352941	0.205882352941
FQI-2	-0.2824889480747204		0.955841995842	0.044158004158	0.044158004158	0.999376299376	0.205961538462	0.205961538462
RG-108	-0.2822021026119336		0.955467775468	0.0445322245322	0.0445322245322	0.999376299376	0.205961538462	0.205961538462
BRD-K19103580	-0.28129534786749794		0.954844074844	0.0451559251559	0.0451559251559	0.999376299376	0.206857142857	0.206857142857
BRD1812	-0.2795696319813695		0.953347193347	0.0466528066528	0.0466528066528	0.999376299376	0.211698113208	0.211698113208
NSC 74859	-0.2780883757711735		0.951975051975	0.0480249480249	0.0480249480249	0.999376299376	0.215087719298	0.215087719298
GW-405833	-0.27701158539896825		0.950935550936	0.0490644490644	0.0490644490644	0.999376299376	0.215087719298	0.215087719298
PD318088	-0.27610710907637986		0.950353430353	0.0496465696466	0.0496465696466	0.999376299376	0.215087719298	0.215087719298
bardoxolone methyl	-0.2758807719153038		0.950187110187	0.0498128898129	0.0498128898129	0.999376299376	0.215087719298	0.215087719298
COL-3	-0.2758643227261526		0.950145530146	0.0498544698545	0.0498544698545	0.999376299376	0.215087719298	0.215087719298
WP1130	-0.2753051262306419		0.949355509356	0.0506444906445	0.0506444906445	0.999376299376	0.215087719298	0.215087719298
neuronal differentiation inducer III	-0.2751625825401041		0.949313929314	0.0506860706861	0.0506860706861	0.999376299376	0.215087719298	0.215087719298
BRD-K63431240	-0.274877195086071		0.949022869023	0.0509771309771	0.0509771309771	0.999376299376	0.215087719298	0.215087719298
BRD-K26531177	-0.2737153225958291		0.948024948025	0.0519750519751	0.0519750519751	0.999376299376	0.217068965517	0.217068965517
compound 1B	-0.27352214554464543		0.947650727651	0.0523492723493	0.0523492723493	0.999376299376	0.217068965517	0.217068965517
cytarabine hydrochloride	-0.27113500677572805		0.944864864865	0.0551351351351	0.0551351351351	0.999376299376	0.223865546218	0.223865546218
darinaparsin	-0.2710262376440693		0.944823284823	0.0551767151767	0.0551767151767	0.999376299376	0.223865546218	0.223865546218
NVP-TAE684	-0.2707904133002707		0.944615384615	0.0553846153846	0.0553846153846	0.999376299376	0.223865546218	0.223865546218
bleomycin A2	-0.2660989546447487		0.93920997921	0.06079002079	0.06079002079	0.999376299376	0.243305785124	0.243305785124
serdemetan	-0.2657876892619849		0.938794178794	0.0612058212058	0.0612058212058	0.999376299376	0.243305785124	0.243305785124
CHM-1	-0.26286411899489465		0.934968814969	0.0650311850312	0.0650311850312	0.999376299376	0.2544	0.2544
SCH-79797	-0.2627603564357228		0.934927234927	0.0650727650728	0.0650727650728	0.999376299376	0.2544	0.2544
SR-II-138A	-0.26193221314849274		0.934261954262	0.065738045738	0.065738045738	0.999376299376	0.2544	0.2544
entinostat	-0.2614948045149034		0.933887733888	0.0661122661123	0.0661122661123	0.999376299376	0.2544	0.2544
istradefylline	-0.26072013845654546		0.932806652807	0.0671933471933	0.0671933471933	0.999376299376	0.25484375	0.25484375
PF-543	-0.26053403191778796		0.932681912682	0.0673180873181	0.0673180873181	0.999376299376	0.25484375	0.25484375
BRD-K30019337	-0.2601151313146274		0.932182952183	0.067817047817	0.067817047817	0.999376299376	0.25484375	0.25484375
olaparib	-0.25918188472723513		0.930810810811	0.0691891891892	0.0691891891892	0.999376299376	0.257984496124	0.257984496124
PL-DI	-0.25576722190236695		0.92632016632	0.0736798336798	0.0736798336798	0.999376299376	0.272615384615	0.272615384615
BI-2536	-0.2550052042917146		0.925197505198	0.0748024948025	0.0748024948025	0.999376299376	0.27465648855	0.27465648855
BRD-K17060750	-0.25393655798353426		0.923284823285	0.0767151767152	0.0767151767152	0.999376299376	0.279545454545	0.279545454545
ML050	-0.25212116657743455		0.920873180873	0.0791268191268	0.0791268191268	0.999376299376	0.283407407407	0.283407407407
BRD-K33514849	-0.252050121956659		0.920623700624	0.0793762993763	0.0793762993763	0.999376299376	0.283407407407	0.283407407407
betulinic acid	-0.2519142710065924		0.920457380457	0.0795426195426	0.0795426195426	0.999376299376	0.283407407407	0.283407407407
FSC231	-0.2506574292258207		0.91841995842	0.08158004158	0.08158004158	0.999376299376	0.288529411765	0.288529411765
PDMP	-0.25010702558754744		0.917713097713	0.0822869022869	0.0822869022869	0.999376299376	0.288905109489	0.288905109489
BRD-K09587429	-0.24901023284591547		0.9158004158	0.0841995841996	0.0841995841996	0.999376299376	0.291654676259	0.291654676259
NVP-BSK805	-0.24889379790213592		0.915717255717	0.0842827442827	0.0842827442827	0.999376299376	0.291654676259	0.291654676259
CD-437	-0.2477279699976517		0.914261954262	0.085738045738	0.085738045738	0.999376299376	0.292482269504	0.292482269504
ceranib-2	-0.24771970100843502		0.914261954262	0.085738045738	0.085738045738	0.999376299376	0.292482269504	0.292482269504
KHS101	-0.24317733071261666		0.907193347193	0.0928066528067	0.0928066528067	0.999376299376	0.303006535948	0.303006535948
neopeltolide	-0.24309130833260106		0.906985446985	0.0930145530146	0.0930145530146	0.999376299376	0.303006535948	0.303006535948
PF-184	-0.24296128360121688		0.90656964657	0.0934303534304	0.0934303534304	0.999376299376	0.303006535948	0.303006535948
Mdivi-1	-0.24290593702904675		0.906403326403	0.0935966735967	0.0935966735967	0.999376299376	0.303006535948	0.303006535948
AGK-2	-0.24242956540816252		0.905613305613	0.0943866943867	0.0943866943867	0.999376299376	0.303006535948	0.303006535948
brivanib	-0.24240706840631426		0.90553014553	0.0944698544699	0.0944698544699	0.999376299376	0.303006535948	0.303006535948
BRD-K52037352	-0.24222116416181724		0.905031185031	0.0949688149688	0.0949688149688	0.999376299376	0.303006535948	0.303006535948
BRD-K88742110	-0.2420885456810287		0.904823284823	0.0951767151767	0.0951767151767	0.999376299376	0.303006535948	0.303006535948
BMS-270394	-0.2419299894756529		0.904698544699	0.0953014553015	0.0953014553015	0.999376299376	0.303006535948	0.303006535948
parbendazole	-0.24147774803328384		0.904158004158	0.095841995842	0.095841995842	0.999376299376	0.303006535948	0.303006535948
BMS-345541	-0.24145439045718425		0.904116424116	0.0958835758836	0.0958835758836	0.999376299376	0.303006535948	0.303006535948
3-Cl-AHPC	-0.240968053163219		0.903617463617	0.0963825363825	0.0963825363825	0.999376299376	0.303006535948	0.303006535948
alisertib	-0.24040188536392193		0.902577962578	0.097422037422	0.097422037422	0.999376299376	0.303612903226	0.303612903226
KW-2449	-0.2401225543897793		0.902162162162	0.0978378378378	0.0978378378378	0.999376299376	0.303612903226	0.303612903226
RO4929097	-0.23938763012415107		0.900706860707	0.0992931392931	0.0992931392931	0.999376299376	0.304430379747	0.304430379747
StemRegenin 1	-0.23931865085953571		0.900582120582	0.0994178794179	0.0994178794179	0.999376299376	0.304430379747	0.304430379747
SRT-1720	-0.2390811446222735		0.9	0.1	0.1	0.999376299376	0.304430379747	0.304430379747
semagacestat	-0.237859099297871		0.897837837838	0.102162162162	0.102162162162	0.999376299376	0.309056603774	0.309056603774
trifluoperazine	-0.23692593497805947		0.896340956341	0.103659043659	0.103659043659	0.999376299376	0.310310559006	0.310310559006
AZD4547	-0.23682289866335013		0.896133056133	0.103866943867	0.103866943867	0.999376299376	0.310310559006	0.310310559006
pyrazolanthrone	-0.2363701708586953		0.895218295218	0.104781704782	0.104781704782	0.999376299376	0.311111111111	0.311111111111
KPT185	-0.23493925640155594		0.892307692308	0.107692307692	0.107692307692	0.999376299376	0.316707317073	0.316707317073
IU1	-0.23482144341686037		0.892016632017	0.107983367983	0.107983367983	0.999376299376	0.316707317073	0.316707317073
oligomycin A	-0.23367579759907392		0.889896049896	0.110103950104	0.110103950104	0.999376299376	0.32	0.32
methylstat	-0.23316242466331238		0.888814968815	0.111185031185	0.111185031185	0.999376299376	0.32	0.32
nilotinib	-0.23277363736939077		0.888024948025	0.111975051975	0.111975051975	0.999376299376	0.32	0.32
lenvatinib	-0.2327067011636727		0.887858627859	0.112141372141	0.112141372141	0.999376299376	0.32	0.32
ciclopirox	-0.2325878214070043		0.887567567568	0.112432432432	0.112432432432	0.999376299376	0.32	0.32
WAY-362450	-0.23161958346995587		0.885821205821	0.114178794179	0.114178794179	0.999376299376	0.322222222222	0.322222222222
HBX-41108	-0.23143773266070308		0.885446985447	0.114553014553	0.114553014553	0.999376299376	0.322222222222	0.322222222222
SCH-529074	-0.231042817393866		0.884449064449	0.115550935551	0.115550935551	0.999376299376	0.323139534884	0.323139534884
PYR-41	-0.2298588135664671		0.881995841996	0.118004158004	0.118004158004	0.999376299376	0.326514285714	0.326514285714
vorapaxar	-0.22973391858702083		0.881787941788	0.118212058212	0.118212058212	0.999376299376	0.326514285714	0.326514285714
tamoxifen	-0.22939293876772188		0.881205821206	0.118794178794	0.118794178794	0.999376299376	0.326514285714	0.326514285714
BMS-754807	-0.22885328616458697		0.879625779626	0.120374220374	0.120374220374	0.999376299376	0.328333333333	0.328333333333
brefeldin A	-0.2281007604139069		0.877879417879	0.122120582121	0.122120582121	0.999376299376	0.328333333333	0.328333333333
TPCA-1	-0.22785342104004463		0.877588357588	0.122411642412	0.122411642412	0.999376299376	0.328333333333	0.328333333333
BRD8899	-0.2277678920533275		0.877422037422	0.122577962578	0.122577962578	0.999376299376	0.328333333333	0.328333333333
elocalcitol	-0.2276151629882191		0.877130977131	0.122869022869	0.122869022869	0.999376299376	0.328333333333	0.328333333333
azacitidine	-0.22626855536581103		0.874386694387	0.125613305613	0.125613305613	0.999376299376	0.331075268817	0.331075268817
Repligen 136	-0.2257546553442229		0.873222453222	0.126777546778	0.126777546778	0.999376299376	0.331075268817	0.331075268817
DBeQ	-0.22563241997574832		0.872848232848	0.127151767152	0.127151767152	0.999376299376	0.331075268817	0.331075268817
BIX-01294	-0.22559619132486966		0.872765072765	0.127234927235	0.127234927235	0.999376299376	0.331075268817	0.331075268817
ML203	-0.22544772075671693		0.872349272349	0.127650727651	0.127650727651	0.999376299376	0.331075268817	0.331075268817
BRD-K35604418	-0.22512331014537118		0.871975051975	0.128024948025	0.128024948025	0.999376299376	0.331075268817	0.331075268817
alvocidib	-0.22422383039838453		0.869896049896	0.130103950104	0.130103950104	0.999376299376	0.333229166667	0.333229166667
GSK4112	-0.2235386717607184		0.868523908524	0.131476091476	0.131476091476	0.999376299376	0.333229166667	0.333229166667
NSC95397	-0.22330965535503514		0.86814968815	0.13185031185	0.13185031185	0.999376299376	0.333229166667	0.333229166667
canertinib	-0.22326658804483698		0.868108108108	0.131891891892	0.131891891892	0.999376299376	0.333229166667	0.333229166667
BRD-K27986637	-0.22292832922345945		0.867068607069	0.132931392931	0.132931392931	0.999376299376	0.333229166667	0.333229166667
Compound 1541A	-0.2229138262422196		0.866985446985	0.133014553015	0.133014553015	0.999376299376	0.333229166667	0.333229166667
MI-2	-0.22142496889876623		0.863991683992	0.136008316008	0.136008316008	0.999376299376	0.338659793814	0.338659793814
MK-1775	-0.22118482115849733		0.86340956341	0.13659043659	0.13659043659	0.999376299376	0.338659793814	0.338659793814
CR-1-31B	-0.21982039349847643		0.860623700624	0.139376299376	0.139376299376	0.999376299376	0.343794871795	0.343794871795
tandutinib	-0.21948484036674273		0.859417879418	0.140582120582	0.140582120582	0.999376299376	0.345	0.345
GSK2636771	-0.2183175907808331		0.857172557173	0.142827442827	0.142827442827	0.999376299376	0.3459	0.3459
BMS-195614	-0.2181629269944498		0.85683991684	0.14316008316	0.14316008316	0.999376299376	0.3459	0.3459
BIBR-1532	-0.21806198721365475		0.856673596674	0.143326403326	0.143326403326	0.999376299376	0.3459	0.3459
BRD-K16147474	-0.21779508508320505		0.856174636175	0.143825363825	0.143825363825	0.999376299376	0.3459	0.3459
SB-431542	-0.21710157267243055		0.854095634096	0.145904365904	0.145904365904	0.999376299376	0.34900990099	0.34900990099
vandetanib	-0.21677423311677305		0.85343035343	0.14656964657	0.14656964657	0.999376299376	0.34900990099	0.34900990099
masitinib	-0.21636509622620365		0.8520997921	0.1479002079	0.1479002079	0.999376299376	0.349126213592	0.349126213592
belinostat	-0.2158981776606837		0.850893970894	0.149106029106	0.149106029106	0.999376299376	0.349126213592	0.349126213592
daporinad	-0.21587425157899207		0.850893970894	0.149106029106	0.149106029106	0.999376299376	0.349126213592	0.349126213592
SU11274	-0.21569513460423553		0.850478170478	0.149521829522	0.149521829522	0.999376299376	0.349126213592	0.349126213592
foretinib	-0.2150392209190383		0.848814968815	0.151185031185	0.151185031185	0.999376299376	0.351304347826	0.351304347826
regorafenib	-0.21373831366573492		0.846153846154	0.153846153846	0.153846153846	0.999376299376	0.355769230769	0.355769230769
NVP-231	-0.21252361119418678		0.842952182952	0.157047817048	0.157047817048	0.999376299376	0.36	0.36
necrosulfonamide	-0.21226434747941875		0.842037422037	0.157962577963	0.157962577963	0.999376299376	0.36	0.36
BRD-K44224150	-0.21207478368493476		0.841663201663	0.158336798337	0.158336798337	0.999376299376	0.36	0.36
nakiterpiosin	-0.2119127903025002		0.841081081081	0.158918918919	0.158918918919	0.999376299376	0.36	0.36
BRD6340	-0.21139680053843066		0.839792099792	0.160207900208	0.160207900208	0.999376299376	0.36	0.36
salermide	-0.21134641836587081		0.839625779626	0.160374220374	0.160374220374	0.999376299376	0.36	0.36
ouabain	-0.21083807666826723		0.838378378378	0.161621621622	0.161621621622	0.999376299376	0.36	0.36
mitomycin	-0.21081665988194598		0.838336798337	0.161663201663	0.161663201663	0.999376299376	0.36	0.36
GMX-1778	-0.20958205227508314		0.834760914761	0.165239085239	0.165239085239	0.999376299376	0.364109589041	0.364109589041
BRD-K80183349	-0.20939222588039655		0.834303534304	0.165696465696	0.165696465696	0.999376299376	0.364109589041	0.364109589041
UNC0638	-0.20925731557664032		0.83422037422	0.16577962578	0.16577962578	0.999376299376	0.364109589041	0.364109589041
Ch-55	-0.20883196101139403		0.833139293139	0.166860706861	0.166860706861	0.999376299376	0.364818181818	0.364818181818
rigosertib	-0.2077164881123179		0.83051975052	0.16948024948	0.16948024948	0.999376299376	0.366133333333	0.366133333333
TW-37	-0.20752431869958718		0.830311850312	0.169688149688	0.169688149688	0.999376299376	0.366133333333	0.366133333333
BRD-K11533227	-0.20737686794211804		0.830020790021	0.169979209979	0.169979209979	0.999376299376	0.366133333333	0.366133333333
SMER-3	-0.2071373697007096		0.829147609148	0.170852390852	0.170852390852	0.999376299376	0.366133333333	0.366133333333
SNX-2112	-0.20694257569525		0.828731808732	0.171268191268	0.171268191268	0.999376299376	0.366133333333	0.366133333333
KU-60019	-0.20586302359450329		0.825945945946	0.174054054054	0.174054054054	0.999376299376	0.367248908297	0.367248908297
UNC0321	-0.2058152387370992		0.82577962578	0.17422037422	0.17422037422	0.999376299376	0.367248908297	0.367248908297
cyclophosphamide	-0.20576843547383364		0.825654885655	0.174345114345	0.174345114345	0.999376299376	0.367248908297	0.367248908297
PHA-793887	-0.20564695899429444		0.825155925156	0.174844074844	0.174844074844	0.999376299376	0.367248908297	0.367248908297
MK-2206	-0.2050014872498717		0.823492723493	0.176507276507	0.176507276507	0.999376299376	0.369130434783	0.369130434783
curcumin	-0.2033664647667875		0.819293139293	0.180706860707	0.180706860707	0.999376299376	0.376277056277	0.376277056277
dexamethasone	-0.2023850207708083		0.816548856549	0.183451143451	0.183451143451	0.999376299376	0.380344827586	0.380344827586
BRD-K51490254	-0.20215589136709386		0.815717255717	0.184282744283	0.184282744283	0.999376299376	0.380429184549	0.380429184549
Compound 7d-cis	-0.20141486620210095		0.813762993763	0.186237006237	0.186237006237	0.999376299376	0.381097046414	0.381097046414
bortezomib	-0.20103636834292418		0.812723492723	0.187276507277	0.187276507277	0.999376299376	0.381097046414	0.381097046414
pandacostat	-0.20101797347757233		0.812723492723	0.187276507277	0.187276507277	0.999376299376	0.381097046414	0.381097046414
Bax channel blocker	-0.20086582481515838		0.812224532225	0.187775467775	0.187775467775	0.999376299376	0.381097046414	0.381097046414
zebularine	-0.1997039850153903		0.809272349272	0.190727650728	0.190727650728	0.999376299376	0.384351464435	0.384351464435
ciclosporin	-0.19960758574633744		0.809022869023	0.190977130977	0.190977130977	0.999376299376	0.384351464435	0.384351464435
BRD-K29313308	-0.1982766071156631		0.805696465696	0.194303534304	0.194303534304	0.999376299376	0.389294605809	0.389294605809
BRD-M00053801	-0.19799773075761506		0.804948024948	0.195051975052	0.195051975052	0.999376299376	0.389294605809	0.389294605809
decitabine	-0.19685607418720166		0.802785862786	0.197214137214	0.197214137214	0.999376299376	0.391983471074	0.391983471074
navitoclax	-0.19481216649709476		0.797006237006	0.202993762994	0.202993762994	0.999376299376	0.401810699588	0.401810699588
parthenolide	-0.19176937795838525		0.788482328482	0.211517671518	0.211517671518	0.999376299376	0.416967213115	0.416967213115
BIRB-796	-0.19085940989535546		0.786403326403	0.213596673597	0.213596673597	0.999376299376	0.419346938776	0.419346938776
apicidin	-0.18852782351744815		0.779833679834	0.220166320166	0.220166320166	0.999376299376	0.430487804878	0.430487804878
pifithrin-mu	-0.18803878252660883		0.778212058212	0.221787941788	0.221787941788	0.999376299376	0.431902834008	0.431902834008
triptolide	-0.18752983066327922		0.776715176715	0.223284823285	0.223284823285	0.999376299376	0.433064516129	0.433064516129
BRD-K34222889	-0.18618186351737834		0.772972972973	0.227027027027	0.227027027027	0.999376299376	0.436507936508	0.436507936508
saracatinib	-0.18605552614064766		0.772848232848	0.227151767152	0.227151767152	0.999376299376	0.436507936508	0.436507936508
NPC-26	-0.18582043437029788		0.772182952183	0.227817047817	0.227817047817	0.999376299376	0.436507936508	0.436507936508
tacrolimus	-0.18558815608132934		0.77130977131	0.22869022869	0.22869022869	0.999376299376	0.436507936508	0.436507936508
tamatinib	-0.184096733212808		0.766403326403	0.233596673597	0.233596673597	0.999376299376	0.443046875	0.443046875
HC-067047	-0.1835221305580695		0.76498960499	0.23501039501	0.23501039501	0.999376299376	0.443046875	0.443046875
KH-CB19	-0.18348092344750944		0.764823284823	0.235176715177	0.235176715177	0.999376299376	0.443046875	0.443046875
VU0155056	-0.18328409714528182		0.7641995842	0.2358004158	0.2358004158	0.999376299376	0.443046875	0.443046875
ISOX	-0.18226694352320782		0.761621621622	0.238378378378	0.238378378378	0.999376299376	0.446046511628	0.446046511628
TG-101348	-0.18191197928299782		0.760748440748	0.239251559252	0.239251559252	0.999376299376	0.446046511628	0.446046511628
LE-135	-0.178975573709138		0.751767151767	0.248232848233	0.248232848233	0.999376299376	0.460381679389	0.460381679389
ZSTK474	-0.17843879500037263		0.749771309771	0.250228690229	0.250228690229	0.999376299376	0.460381679389	0.460381679389
epigallocatechin-3-monogallate	-0.17839433291682172		0.74948024948	0.25051975052	0.25051975052	0.999376299376	0.460381679389	0.460381679389
topotecan	-0.17827902377231158		0.749230769231	0.250769230769	0.250769230769	0.999376299376	0.460381679389	0.460381679389
nelarabine	-0.17649706124249703		0.743659043659	0.256340956341	0.256340956341	0.999376299376	0.468821292776	0.468821292776
sorafenib	-0.1758916503013836		0.741288981289	0.258711018711	0.258711018711	0.999376299376	0.471363636364	0.471363636364
GDC-0879	-0.1747277772793468		0.738004158004	0.261995841996	0.261995841996	0.999376299376	0.475547169811	0.475547169811
STF-31	-0.1741343577336643		0.736507276507	0.263492723493	0.263492723493	0.999376299376	0.476466165414	0.476466165414
erlotinib	-0.17289588917078247		0.732474012474	0.267525987526	0.267525987526	0.999376299376	0.480149253731	0.480149253731
B02	-0.172859114807616		0.732474012474	0.267525987526	0.267525987526	0.999376299376	0.480149253731	0.480149253731
sunitinib	-0.17188829762511545		0.729313929314	0.270686070686	0.270686070686	0.999376299376	0.4824	0.4824
tanespimycin	-0.17166404523241519		0.728607068607	0.271392931393	0.271392931393	0.999376299376	0.4824	0.4824
BRD-K48477130	-0.1711565148626743		0.726860706861	0.273139293139	0.273139293139	0.999376299376	0.4824	0.4824
gossypol	-0.17073425645312543		0.725405405405	0.274594594595	0.274594594595	0.999376299376	0.4824	0.4824
BRD-K30748066	-0.17049883731010235		0.724823284823	0.275176715177	0.275176715177	0.999376299376	0.4824	0.4824
MI-1	-0.17040915299461937		0.724532224532	0.275467775468	0.275467775468	0.999376299376	0.4824	0.4824
GANT-61	-0.17034312627589063		0.7241995842	0.2758004158	0.2758004158	0.999376299376	0.4824	0.4824
spautin-1	-0.1683414916323236		0.718752598753	0.281247401247	0.281247401247	0.999376299376	0.490144927536	0.490144927536
momelotinib	-0.16699188019617364		0.713471933472	0.286528066528	0.286528066528	0.999376299376	0.491601423488	0.491601423488
barasertib	-0.166911837623756		0.71343035343	0.28656964657	0.28656964657	0.999376299376	0.491601423488	0.491601423488
BRD-K97651142	-0.16682805533172343		0.713264033264	0.286735966736	0.286735966736	0.999376299376	0.491601423488	0.491601423488
BRD-K64610608	-0.16672832340378177		0.713014553015	0.286985446985	0.286985446985	0.999376299376	0.491601423488	0.491601423488
quizartinib	-0.1666580892256672		0.712806652807	0.287193347193	0.287193347193	0.999376299376	0.491601423488	0.491601423488
palmostatin B	-0.1656964120119896		0.709397089397	0.290602910603	0.290602910603	0.999376299376	0.495673758865	0.495673758865
ML320	-0.16519056643214083		0.707567567568	0.292432432432	0.292432432432	0.999376299376	0.49703180212	0.49703180212
LY-2183240	-0.16400964311525543		0.703617463617	0.296382536383	0.296382536383	0.999376299376	0.500415224913	0.500415224913
BRD9876	-0.1638792440810441		0.703035343035	0.296964656965	0.296964656965	0.999376299376	0.500415224913	0.500415224913
BRD-K34485477	-0.16337667664932917		0.701621621622	0.298378378378	0.298378378378	0.999376299376	0.500415224913	0.500415224913
ETP-46464	-0.16281912870252924		0.700332640333	0.299667359667	0.299667359667	0.999376299376	0.500415224913	0.500415224913
CAY10618	-0.16257200651351422		0.699625779626	0.300374220374	0.300374220374	0.999376299376	0.500415224913	0.500415224913
importazole	-0.16250940932839547		0.699334719335	0.300665280665	0.300665280665	0.999376299376	0.500415224913	0.500415224913
etoposide	-0.1608875925715275		0.694885654886	0.305114345114	0.305114345114	0.999376299376	0.503537414966	0.503537414966
valdecoxib	-0.16047935664168483		0.69367983368	0.30632016632	0.30632016632	0.999376299376	0.503537414966	0.503537414966
cytochalasin B	-0.16046368186634136		0.693555093555	0.306444906445	0.306444906445	0.999376299376	0.503537414966	0.503537414966
CI-976	-0.15994554469234426		0.692224532225	0.307775467775	0.307775467775	0.999376299376	0.503537414966	0.503537414966
N9-isopropylolomoucine	-0.15993392787011151		0.692224532225	0.307775467775	0.307775467775	0.999376299376	0.503537414966	0.503537414966
crizotinib	-0.15912753260975096		0.689896049896	0.310103950104	0.310103950104	0.999376299376	0.505627118644	0.505627118644
GDC-0941	-0.1582698897354713		0.687609147609	0.312390852391	0.312390852391	0.999376299376	0.507635135135	0.507635135135
JW-480	-0.15731592577608206		0.684116424116	0.315883575884	0.315883575884	0.999376299376	0.5086	0.5086
AT-406	-0.15728127522505117		0.684033264033	0.315966735967	0.315966735967	0.999376299376	0.5086	0.5086
AZD7762	-0.1570216708845791		0.68340956341	0.31659043659	0.31659043659	0.999376299376	0.5086	0.5086
SB-525334	-0.1568032315405496		0.682785862786	0.317214137214	0.317214137214	0.999376299376	0.5086	0.5086
marinopyrrole A	-0.15552887122742354		0.678544698545	0.321455301455	0.321455301455	0.999376299376	0.512277227723	0.512277227723
nintedanib	-0.15533858008565019		0.678087318087	0.321912681913	0.321912681913	0.999376299376	0.512277227723	0.512277227723
BRD-K45681478	-0.15516441518240565		0.677297297297	0.322702702703	0.322702702703	0.999376299376	0.512277227723	0.512277227723
SNS-032	-0.15308033139905572		0.671268191268	0.328731808732	0.328731808732	0.999376299376	0.517450980392	0.517450980392
ABT-199	-0.15302159613816635		0.670977130977	0.329022869023	0.329022869023	0.999376299376	0.517450980392	0.517450980392
BRD-A05715709	-0.15295712108524695		0.670810810811	0.329189189189	0.329189189189	0.999376299376	0.517450980392	0.517450980392
KU-55933	-0.15157873117810142		0.666444906445	0.333555093555	0.333555093555	0.999376299376	0.522605863192	0.522605863192
I-BET151	-0.15116319955164498		0.665114345114	0.334885654886	0.334885654886	0.999376299376	0.522987012987	0.522987012987
SB-225002	-0.15068375354746827		0.663243243243	0.336756756757	0.336756756757	0.999376299376	0.524207119741	0.524207119741
C6-ceramide	-0.15002525719918364		0.661205821206	0.338794178794	0.338794178794	0.999376299376	0.525209003215	0.525209003215
AA-COCF3	-0.14970662735635484		0.660415800416	0.339584199584	0.339584199584	0.999376299376	0.525209003215	0.525209003215
NVP-BEZ235	-0.14900997069175853		0.658669438669	0.341330561331	0.341330561331	0.999376299376	0.526217948718	0.526217948718
avrainvillamide	-0.14788320481544404		0.655592515593	0.344407484407	0.344407484407	0.999376299376	0.527047619048	0.527047619048
linsitinib	-0.14764759098273497		0.654844074844	0.345155925156	0.345155925156	0.999376299376	0.527047619048	0.527047619048
BRD-K94991378	-0.14764103498936842		0.654844074844	0.345155925156	0.345155925156	0.999376299376	0.527047619048	0.527047619048
RAF265	-0.14619118089148386		0.650686070686	0.349313929314	0.349313929314	0.999376299376	0.531708860759	0.531708860759
BRD-A71883111	-0.14427120798277074		0.64553014553	0.35446985447	0.35446985447	0.999376299376	0.53785488959	0.53785488959
bosutinib	-0.14289792165043444		0.642037422037	0.357962577963	0.357962577963	0.999376299376	0.541446540881	0.541446540881
sildenafil	-0.14257526220331712		0.640540540541	0.359459459459	0.359459459459	0.999376299376	0.541806853583	0.541806853583
cyanoquinoline 11	-0.14186252512998854		0.638627858628	0.361372141372	0.361372141372	0.999376299376	0.541806853583	0.541806853583
PF-573228	-0.14177584341859698		0.63841995842	0.36158004158	0.36158004158	0.999376299376	0.541806853583	0.541806853583
PRIMA-1	-0.1411572041708393		0.636798336798	0.363201663202	0.363201663202	0.999376299376	0.542546583851	0.542546583851
GSK1059615	-0.13992713637890633		0.633555093555	0.366444906445	0.366444906445	0.999376299376	0.545696594427	0.545696594427
Ki8751	-0.13895889819385554		0.630478170478	0.369521829522	0.369521829522	0.999376299376	0.548580246914	0.548580246914
gemcitabine	-0.13445178181876763		0.61817047817	0.38182952183	0.38182952183	0.999376299376	0.564355828221	0.564355828221
BCL-LZH-4	-0.13420788150756233		0.617505197505	0.382494802495	0.382494802495	0.999376299376	0.564355828221	0.564355828221
JW-74	-0.1328735573328222		0.613887733888	0.386112266112	0.386112266112	0.999376299376	0.565619335347	0.565619335347
obatoclax	-0.1327859094603891		0.613762993763	0.386237006237	0.386237006237	0.999376299376	0.565619335347	0.565619335347
doxorubicin	-0.13167712763571726		0.611268191268	0.388731808732	0.388731808732	0.999376299376	0.565619335347	0.565619335347
AT7867	-0.13148264387513983		0.610852390852	0.389147609148	0.389147609148	0.999376299376	0.565619335347	0.565619335347
pevonedistat	-0.1314665268641806		0.610769230769	0.389230769231	0.389230769231	0.999376299376	0.565619335347	0.565619335347
GSK-3 inhibitor IX	-0.12978344047044785		0.606444906445	0.393555093555	0.393555093555	0.999376299376	0.567365269461	0.567365269461
MGCD-265	-0.1296384471393174		0.606153846154	0.393846153846	0.393846153846	0.999376299376	0.567365269461	0.567365269461
omacetaxine mepesuccinate	-0.12953333718126347		0.606029106029	0.393970893971	0.393970893971	0.999376299376	0.567365269461	0.567365269461
PF-750	-0.12416908900960914		0.591933471933	0.408066528067	0.408066528067	0.999376299376	0.585910447761	0.585910447761
myricetin	-0.12246675345020235		0.587941787942	0.412058212058	0.412058212058	0.999376299376	0.589880952381	0.589880952381
clofarabine	-0.12189023241920316		0.586361746362	0.413638253638	0.413638253638	0.999376299376	0.589881656805	0.589881656805
PF-3758309	-0.12143608655034241		0.585488565489	0.414511434511	0.414511434511	0.999376299376	0.589881656805	0.589881656805
dacarbazine	-0.11865384016160926		0.579417879418	0.420582120582	0.420582120582	0.999376299376	0.595102040816	0.595102040816
MLN2238	-0.1172280212505727		0.576465696466	0.423534303534	0.423534303534	0.999376299376	0.595102040816	0.595102040816
R428	-0.11716613378044295		0.576257796258	0.423742203742	0.423742203742	0.999376299376	0.595102040816	0.595102040816
SN-38	-0.11695513978422754		0.5758004158	0.4241995842	0.4241995842	0.999376299376	0.595102040816	0.595102040816
QS-11	-0.11691524863383242		0.575634095634	0.424365904366	0.424365904366	0.999376299376	0.595102040816	0.595102040816
procarbazine	-0.1150089378706559		0.57130977131	0.42869022869	0.42869022869	0.999376299376	0.59710982659	0.59710982659
BRD-K96431673	-0.11467556300826942		0.570602910603	0.429397089397	0.429397089397	0.999376299376	0.59710982659	0.59710982659
EX-527	-0.11463644426491579		0.570478170478	0.429521829522	0.429521829522	0.999376299376	0.59710982659	0.59710982659
BRD-K33199242	-0.11117180307828407		0.563575883576	0.436424116424	0.436424116424	0.999376299376	0.603028571429	0.603028571429
BRD-K71935468	-0.11107983193832771		0.563367983368	0.436632016632	0.436632016632	0.999376299376	0.603028571429	0.603028571429
BRD-K48334597	-0.1100639488178357		0.561372141372	0.438627858628	0.438627858628	0.999376299376	0.603028571429	0.603028571429
BRD-K66453893	-0.1099949097514772		0.561205821206	0.438794178794	0.438794178794	0.999376299376	0.603028571429	0.603028571429
purmorphamine	-0.10333609914723353		0.548773388773	0.451226611227	0.451226611227	0.999376299376	0.616317280453	0.616317280453
BMS-536924	-0.10296348867271131		0.548274428274	0.451725571726	0.451725571726	0.999376299376	0.616317280453	0.616317280453
Merck60	-0.1024489494227218		0.547692307692	0.452307692308	0.452307692308	0.999376299376	0.616317280453	0.616317280453
AT13387	-0.09522136957884893		0.538295218295	0.461704781705	0.461704781705	0.999376299376	0.627344632768	0.627344632768
teniposide	-0.035809500082179584		0.509688149688	0.490311850312	0.490311850312	0.999376299376	0.664338028169	0.664338028169
ML006	0.053767480729619135		0.507484407484	0.492515592516	0.507484407484	0.999376299376	0.665449438202	0.999376299376
BRD-K55116708	0.06972950048115283		0.502702702703	0.497297297297	0.502702702703	0.999376299376	0.670028011204	0.999376299376
dabrafenib	0.07584451666647272		0.499459459459	0.500540540541	0.499459459459	0.999376299376	0.67251396648	0.999376299376
KU-0063794	0.09584030496396717		0.479916839917	0.520083160083	0.479916839917	0.999376299376	0.696824512535	0.999376299376
BRD-K09344309	0.0976410633178243		0.477214137214	0.522785862786	0.477214137214	0.999376299376	0.6985	0.999376299376
ML162	0.105419435985246		0.465738045738	0.534261954262	0.465738045738	0.999376299376	0.70625	0.999376299376
lovastatin	0.10555320634112439		0.46553014553	0.53446985447	0.46553014553	0.999376299376	0.70625	0.999376299376
BEC	0.10679436809765532		0.463367983368	0.536632016632	0.463367983368	0.999376299376	0.70625	0.999376299376
BRD-K86535717	0.10803957278633446		0.461372141372	0.538627858628	0.461372141372	0.999376299376	0.70625	0.999376299376
BRD-K75293299	0.10819544182368145		0.461122661123	0.538877338877	0.461122661123	0.999376299376	0.70625	0.999376299376
1S,3R-RSL-3	0.10829565541845647		0.461081081081	0.538918918919	0.461081081081	0.999376299376	0.70625	0.999376299376
MG-132	0.10870754894738138		0.460374220374	0.539625779626	0.460374220374	0.999376299376	0.70625	0.999376299376
AZD7545	0.1091092754261015		0.459667359667	0.540332640333	0.459667359667	0.999376299376	0.70625	0.999376299376
CD-1530	0.11649188250140687		0.442827442827	0.557172557173	0.442827442827	0.999376299376	0.726287262873	0.999376299376
phloretin	0.12031783092801127		0.434677754678	0.565322245322	0.434677754678	0.999376299376	0.734918918919	0.999376299376
sirolimus	0.12125117908525816		0.432266112266	0.567733887734	0.432266112266	0.999376299376	0.736064690027	0.999376299376
PIK-93	0.12339696217373912		0.426735966736	0.573264033264	0.426735966736	0.999376299376	0.74123655914	0.999376299376
manumycin A	0.12531113463128865		0.422411642412	0.577588357588	0.422411642412	0.999376299376	0.744825737265	0.999376299376
PI-103	0.1267689637453566		0.419126819127	0.580873180873	0.419126819127	0.999376299376	0.747058823529	0.999376299376
fluvastatin	0.12887370910704418		0.414261954262	0.585738045738	0.414261954262	0.999376299376	0.75	0.999376299376
axitinib	0.1292495432315672		0.413721413721	0.586278586279	0.413721413721	0.999376299376	0.75	0.999376299376
BRD-K50799972	0.13028400838590795		0.410977130977	0.589022869023	0.410977130977	0.999376299376	0.75151193634	0.999376299376
methotrexate	0.13175330130017093		0.407858627859	0.592141372141	0.407858627859	0.999376299376	0.753492063492	0.999376299376
QW-BI-011	0.14367255726590997		0.374303534304	0.625696465696	0.374303534304	0.999376299376	0.794089709763	0.999376299376
blebbistatin	0.14915445319909248		0.357796257796	0.642203742204	0.357796257796	0.999376299376	0.811706036745	0.999376299376
BRD-K66532283	0.14944710535595448		0.357047817048	0.642952182952	0.357047817048	0.999376299376	0.811706036745	0.999376299376
hyperforin	0.15080390000157065		0.352972972973	0.647027027027	0.352972972973	0.999376299376	0.814712041885	0.999376299376
simvastatin	0.15220498199712626		0.348523908524	0.651476091476	0.348523908524	0.999376299376	0.81817232376	0.999376299376
silmitasertib	0.1545760984293694		0.340748440748	0.659251559252	0.340748440748	0.999376299376	0.82578125	0.999376299376
BRD9647	0.15511506687296522		0.338835758836	0.661164241164	0.338835758836	0.999376299376	0.826025974026	0.999376299376
birinapant	0.1575370737416006		0.331476091476	0.668523908524	0.331476091476	0.999376299376	0.830412371134	0.999376299376
BRD4132	0.1575613960964456		0.331476091476	0.668523908524	0.331476091476	0.999376299376	0.830412371134	0.999376299376
isonicotinohydroxamic acid	0.15806614290575974		0.330145530146	0.669854469854	0.330145530146	0.999376299376	0.830412371134	0.999376299376
AC55649	0.15951914534312003		0.325945945946	0.674054054054	0.325945945946	0.999376299376	0.832666666667	0.999376299376
VER-155008	0.15995250573249756		0.324864864865	0.675135135135	0.324864864865	0.999376299376	0.832666666667	0.999376299376
avicin D	0.16157929097993567		0.319417879418	0.680582120582	0.319417879418	0.999376299376	0.837040816327	0.999376299376
ML258	0.16209692812978785		0.317837837838	0.682162162162	0.317837837838	0.999376299376	0.837040816327	0.999376299376
erismodegib	0.16508388236863522		0.308316008316	0.691683991684	0.308316008316	0.999376299376	0.843291139241	0.999376299376
AM-580	0.16522361209445938		0.307775467775	0.692224532225	0.307775467775	0.999376299376	0.843291139241	0.999376299376
GSK525762A	0.16534817342700134		0.307484407484	0.692515592516	0.307484407484	0.999376299376	0.843291139241	0.999376299376
ML334 diastereomer	0.16817417760919134		0.297338877339	0.702661122661	0.297338877339	0.999376299376	0.853484848485	0.999376299376
CHIR-99021	0.17080969661910453		0.288648648649	0.711351351351	0.288648648649	0.999376299376	0.861863979849	0.999376299376
AZD8055	0.171976051818575		0.285239085239	0.714760914761	0.285239085239	0.999376299376	0.863819095477	0.999376299376
PLX-4032	0.17353797115282144		0.280332640333	0.719667359667	0.280332640333	0.999376299376	0.867568922306	0.999376299376
myriocin	0.17415766420414036		0.27817047817	0.72182952183	0.27817047817	0.999376299376	0.867880299252	0.999376299376
pazopanib	0.17465408111557645		0.276465696466	0.723534303534	0.276465696466	0.999376299376	0.867880299252	0.999376299376
IPR-456	0.17677007158993616		0.269979209979	0.730020790021	0.269979209979	0.999376299376	0.873482587065	0.999376299376
BRD-K96970199	0.17824627195010495		0.264615384615	0.735384615385	0.264615384615	0.999376299376	0.877717121588	0.999376299376
SR8278	0.1789634164085664		0.262328482328	0.737713097713	0.262328482328	0.999376299376	0.878316831683	0.999376299376
NSC23766	0.1798185095624208		0.259667359667	0.740332640333	0.259667359667	0.999376299376	0.879259259259	0.999376299376
FGIN-1-27	0.18094400361478347		0.256133056133	0.743866943867	0.256133056133	0.999376299376	0.881280788177	0.999376299376
PRIMA-1-Met	0.19023861247951676		0.225945945946	0.774054054054	0.225945945946	0.999376299376	0.914791154791	0.999376299376
pluripotin	0.19102728662692264		0.223659043659	0.776340956341	0.223659043659	0.999376299376	0.915245098039	0.999376299376
MK-0752	0.19333169108486375		0.217297297297	0.782702702703	0.217297297297	0.999376299376	0.91800486618	0.999376299376
ML312	0.19375010381910282		0.216465696466	0.783534303534	0.216465696466	0.999376299376	0.91800486618	0.999376299376
ML210	0.19396944198886504		0.215592515593	0.784407484407	0.215592515593	0.999376299376	0.91800486618	0.999376299376
AZD6482	0.19484395424423168		0.213056133056	0.786943866944	0.213056133056	0.999376299376	0.918737864078	0.999376299376
erastin	0.19662119939322012		0.20814968815	0.79185031185	0.20814968815	0.999376299376	0.922227602906	0.999376299376
BRD1835	0.20023797510689192		0.198128898129	0.801871101871	0.198128898129	0.999376299376	0.928269230769	0.999376299376
SID 26681509	0.20034307040756924		0.197920997921	0.802079002079	0.197920997921	0.999376299376	0.928269230769	0.999376299376
cabozantinib	0.20066201390565708		0.197172557173	0.802827442827	0.197172557173	0.999376299376	0.928269230769	0.999376299376
fumonisin B1	0.20308174438183146		0.190769230769	0.809230769231	0.190769230769	0.999376299376	0.929832935561	0.999376299376
SR1001	0.2032823422316985		0.190103950104	0.809896049896	0.190103950104	0.999376299376	0.929832935561	0.999376299376
BRD-K92856060	0.20334021468678365		0.190020790021	0.809979209979	0.190020790021	0.999376299376	0.929832935561	0.999376299376
CAL-101	0.20635450242991615		0.180831600832	0.819168399168	0.180831600832	0.999376299376	0.938142857143	0.999376299376
OSI-027	0.2084251970239931		0.174968814969	0.825031185031	0.174968814969	0.999376299376	0.940235849057	0.999376299376
CID-5951923	0.20872147331889124		0.174428274428	0.825571725572	0.174428274428	0.999376299376	0.940235849057	0.999376299376
bexarotene	0.2099379098151094		0.171434511435	0.828565488565	0.171434511435	0.999376299376	0.940235849057	0.999376299376
OSI-930	0.21003151741105272		0.171185031185	0.828814968815	0.171185031185	0.999376299376	0.940235849057	0.999376299376
BRD8958	0.21089867700066367		0.16869022869	0.83130977131	0.16869022869	0.999376299376	0.940601851852	0.999376299376
bendamustine	0.21296542252480377		0.163991683992	0.836008316008	0.163991683992	0.999376299376	0.940601851852	0.999376299376
SGX-523	0.21371870380045493		0.162411642412	0.837588357588	0.162411642412	0.999376299376	0.940601851852	0.999376299376
BRD-A02303741	0.21465380809688198		0.159833679834	0.840166320166	0.159833679834	0.999376299376	0.940601851852	0.999376299376
SKI-II	0.21544911207884515		0.157505197505	0.842494802495	0.157505197505	0.999376299376	0.940601851852	0.999376299376
PRL-3 inhibitor I	0.21562407943001247		0.157130977131	0.842869022869	0.157130977131	0.999376299376	0.940601851852	0.999376299376
sitagliptin	0.21573817815859136		0.156798336798	0.843201663202	0.156798336798	0.999376299376	0.940601851852	0.999376299376
abiraterone	0.21641702000774832		0.155218295218	0.844781704782	0.155218295218	0.999376299376	0.940601851852	0.999376299376
MST-312	0.21783180613345146		0.152141372141	0.847858627859	0.152141372141	0.999376299376	0.941847575058	0.999376299376
ML239	0.21910754524163398		0.148357588358	0.851642411642	0.148357588358	0.999376299376	0.943540229885	0.999376299376
ML083	0.2197883733005069		0.146694386694	0.853305613306	0.146694386694	0.999376299376	0.943540229885	0.999376299376
tretinoin	0.22580163743003376		0.131683991684	0.868316008316	0.131683991684	0.999376299376	0.957935779817	0.999376299376
TG-100-115	0.23379006138854866		0.113762993763	0.886237006237	0.113762993763	0.999376299376	0.974246575342	0.999376299376
temozolomide	0.2343380470521133		0.112848232848	0.887151767152	0.112848232848	0.999376299376	0.974246575342	0.999376299376
BRD-K37390332	0.2366199345613525		0.107775467775	0.892224532225	0.107775467775	0.999376299376	0.977585421412	0.999376299376
BRD-K01737880	0.24259932494724049		0.0948856548857	0.905114345114	0.0948856548857	0.999376299376	0.984224719101	0.999376299376
BRD-K61166597	0.24278838660090019		0.0943866943867	0.905613305613	0.0943866943867	0.999376299376	0.984224719101	0.999376299376
VAF-347	0.24305895661865942		0.0937214137214	0.906278586279	0.0937214137214	0.999376299376	0.984224719101	0.999376299376
tigecycline	0.24447288025488276		0.0910187110187	0.908981288981	0.0910187110187	0.999376299376	0.984224719101	0.999376299376
imatinib	0.2445114087205796		0.090893970894	0.909106029106	0.090893970894	0.999376299376	0.984224719101	0.999376299376
BRD-K34099515	0.2452807631338557		0.0894386694387	0.910561330561	0.0894386694387	0.999376299376	0.984224719101	0.999376299376
niclosamide	0.248563320099323		0.0837837837838	0.916216216216	0.0837837837838	0.999376299376	0.985669642857	0.999376299376
pifithrin-alpha	0.2490629630498911		0.0828274428274	0.917172557173	0.0828274428274	0.999376299376	0.985669642857	0.999376299376
968	0.24985192529148806		0.0819542619543	0.918045738046	0.0819542619543	0.999376299376	0.985669642857	0.999376299376
LY-2157299	0.2553142132455738		0.0734303534304	0.92656964657	0.0734303534304	0.999376299376	0.992605790646	0.999376299376
IC-87114	0.2579876734189733		0.0695218295218	0.930478170478	0.0695218295218	0.999376299376	0.993303769401	0.999376299376
CCT036477	0.25867673981663253		0.0686486486486	0.931351351351	0.0686486486486	0.999376299376	0.993303769401	0.999376299376
CIL70	0.2600577977662116		0.0663617463617	0.933638253638	0.0663617463617	0.999376299376	0.993539823009	0.999376299376
ML031	0.2622173605778057		0.0637422037422	0.936257796258	0.0637422037422	0.999376299376	0.99412803532	0.999376299376
tivozanib	0.26910489768080403		0.0553014553015	0.944698544699	0.0553014553015	0.95	0.995458515284	0.95
PLX-4720	0.27020259627122256		0.0543451143451	0.945654885655	0.0543451143451	0.95	0.995458515284	0.95
necrostatin-1	0.2709193560612325		0.053264033264	0.946735966736	0.053264033264	0.95	0.995458515284	0.95
dasatinib	0.2713862853317189		0.0529313929314	0.947068607069	0.0529313929314	0.95	0.995458515284	0.95
A-804598	0.2720253461611614		0.0521413721414	0.947858627859	0.0521413721414	0.95	0.995458515284	0.95
BRD-K42260513	0.27459931866220133		0.0493555093555	0.950644490644	0.0493555093555	0.95	0.996209150327	0.95
NSC48300	0.27980048741627783		0.0437837837838	0.956216216216	0.0437837837838	0.95	0.997255717256	0.95
temsirolimus	0.28014304758583464		0.0434927234927	0.956507276507	0.0434927234927	0.95	0.997255717256	0.95
ruxolitinib	0.28547541333228055	0.07521598598528738	0.0385031185031	0.961496881497	0.0385031185031	0.926	0.997255717256	0.926
SJ-172550	0.2858778142437969	0.06261463978368044	0.0382120582121	0.961787941788	0.0382120582121	0.926	0.997255717256	0.926
BRD-K99006945	0.2920366598851101	0.0905631476669602	0.0335550935551	0.966444906445	0.0335550935551	0.896666666667	0.997255717256	0.896666666667
BRD-K02492147	0.2948879926436143	0.07286683849996221	0.0311434511435	0.968856548857	0.0311434511435	0.881176470588	0.997255717256	0.881176470588
staurosporine	0.29967585010106734	0.06739943370141549	0.028316008316	0.971683991684	0.028316008316	0.85125	0.997255717256	0.85125
ifosfamide	0.30521273834578927	0.08435302162144562	0.025446985447	0.974553014553	0.025446985447	0.816	0.997255717256	0.816
pitstop2	0.30722779081151597	0.08172168523235218	0.0244906444906	0.975509355509	0.0244906444906	0.816	0.997255717256	0.816
BRD-K49290616	0.3162836274496213	0.07651623307054088	0.0198336798337	0.980166320166	0.0198336798337	0.733846153846	0.997255717256	0.733846153846
YM-155	0.3231488132338007	0.02598293086674973	0.017422037422	0.982577962578	0.017422037422	0.698333333333	0.997255717256	0.698333333333
fulvestrant	0.32678132189597986	0.06856468716032622	0.0161330561331	0.983866943867	0.0161330561331	0.698333333333	0.997255717256	0.698333333333
TGX-221	0.32787006524007395	0.07247881675196602	0.0159251559252	0.984074844075	0.0159251559252	0.698333333333	0.997255717256	0.698333333333
BRD-K51831558	0.33443953259284853	0.04257544986462752	0.0144282744283	0.985571725572	0.0144282744283	0.698333333333	0.997255717256	0.698333333333
VX-680	0.336243244575754	0.15643723157904912	0.0139293139293	0.986070686071	0.0139293139293	0.698333333333	0.997255717256	0.698333333333
necrostatin-7	0.34504193719113196	0.10258852093868197	0.0116424116424	0.988357588358	0.0116424116424	0.698333333333	0.997255717256	0.698333333333
BRD-K41334119	0.3521109856054821	0.12921838239310907	0.00981288981289	0.990187110187	0.00981288981289	0.698333333333	0.997255717256	0.698333333333
BRD-K29086754	0.3675340501821449	0.06421966144158593	0.00694386694387	0.993056133056	0.00694386694387	0.668	0.997255717256	0.668
CIL56	0.3685548760178885	0.03817956943201296	0.00677754677755	0.993222453222	0.00677754677755	0.668	0.997255717256	0.668
isoliquiritigenin	0.38316093641548715	0.03652643037563927	0.00490644490644	0.995093555094	0.00490644490644	0.668	0.997255717256	0.668
BRD-K78574327	0.3884579949085228	0.08624978062622118	0.00428274428274	0.995717255717	0.00428274428274	0.668	0.997255717256	0.668
CIL41	0.414952332248917	0.029463297763072098	0.00274428274428	0.997255717256	0.00274428274428	0.668	0.997255717256	0.668
