	score	0.95 moe	p-value (forward)	p-value (reverse)	p-value	fdr (forward)	fdr (reverse)	fdr
PD 153035	-0.632841116681511	0.02413892608561165	1.0	4.158004158004158e-05	4.158004158004158e-05	1.0	0.01	0.01
ibrutinib	-0.6254236015855493	0.02903867330324859	1.0	4.158004158004158e-05	4.158004158004158e-05	1.0	0.01	0.01
afatinib	-0.5312564851625114	0.015623445415601874	0.999625779626	0.00037422037422	0.00037422037422	1.0	0.06	0.06
austocystin D	-0.48496037014676596	0.017137720659217186	0.998378378378	0.00162162162162	0.00162162162162	1.0	0.176	0.176
lapatinib	-0.47272830021326495	0.018747794177794076	0.99817047817	0.00182952182952	0.00182952182952	1.0	0.176	0.176
erlotinib	-0.4571905396514384	0.016922035388048654	0.997546777547	0.00245322245322	0.00245322245322	1.0	0.177142857143	0.177142857143
BYL-719	-0.4539710207030972	0.022268442565524533	0.997422037422	0.00257796257796	0.00257796257796	1.0	0.177142857143	0.177142857143
canertinib	-0.4369250914391286	0.021164470752770247	0.996798336798	0.00320166320166	0.00320166320166	1.0	0.1925	0.1925
JW-74	-0.4285405402126944	0.122168891380256	0.996133056133	0.00386694386694	0.00386694386694	1.0	0.206666666667	0.206666666667
neratinib	-0.4219105410988243	0.01957153109097825	0.995509355509	0.00449064449064	0.00449064449064	1.0	0.216	0.216
WZ4002	-0.4137043627667623	0.024980452023195314	0.99501039501	0.0049896049896	0.0049896049896	1.0	0.218181818182	0.218181818182
gefitinib	-0.38327248753806337	0.020310864217261918	0.991226611227	0.00877338877339	0.00877338877339	1.0	0.351666666667	0.351666666667
O-6-benzylguanine	-0.37795812053086153	0.14846595600038995	0.990353430353	0.00964656964657	0.00964656964657	1.0	0.356923076923	0.356923076923
linsitinib	-0.36996420089191917	0.10990466049552848	0.988648648649	0.0113513513514	0.0113513513514	1.0	0.39	0.39
birinapant	-0.357497336335482	0.10754150105134955	0.984158004158	0.015841995842	0.015841995842	1.0	0.451428571429	0.451428571429
necrostatin-7	-0.3539430500751517	0.05114353611657074	0.982702702703	0.0172972972973	0.0172972972973	1.0	0.451428571429	0.451428571429
Repligen 136	-0.3523499784870178	0.07499203383554495	0.982079002079	0.017920997921	0.017920997921	1.0	0.451428571429	0.451428571429
BRD-K33514849	-0.3503872824605743	0.08311750917486829	0.981288981289	0.018711018711	0.018711018711	1.0	0.451428571429	0.451428571429
16-beta-bromoandrosterone	-0.349788467246312	0.058836041880818035	0.980873180873	0.0191268191268	0.0191268191268	1.0	0.451428571429	0.451428571429
BCL-LZH-4	-0.3482328917493149	0.021310745038508182	0.980291060291	0.0197089397089	0.0197089397089	1.0	0.451428571429	0.451428571429
BRD-K19103580	-0.34822369161921235		0.980291060291	0.0197089397089	0.0197089397089	1.0	0.451428571429	0.451428571429
BRD-K02251932	-0.3411378797463306		0.976216216216	0.0237837837838	0.0237837837838	1.0	0.490833333333	0.490833333333
skepinone-L	-0.3408134930356939		0.97604989605	0.0239501039501	0.0239501039501	1.0	0.490833333333	0.490833333333
BRD-K52037352	-0.3397026498886781		0.975509355509	0.0244906444906	0.0244906444906	1.0	0.490833333333	0.490833333333
PD318088	-0.33782585657354336		0.97446985447	0.0255301455301	0.0255301455301	1.0	0.4912	0.4912
sotrastaurin	-0.33476708805905053		0.972432432432	0.0275675675676	0.0275675675676	1.0	0.507027027027	0.507027027027
istradefylline	-0.33345549035711497		0.971392931393	0.0286070686071	0.0286070686071	1.0	0.507027027027	0.507027027027
MI-2	-0.3283923637368022		0.968108108108	0.0318918918919	0.0318918918919	1.0	0.507027027027	0.507027027027
vandetanib	-0.32485578128839815		0.965446985447	0.034553014553	0.034553014553	1.0	0.507027027027	0.507027027027
SB-431542	-0.32345029236989664		0.964449064449	0.0355509355509	0.0355509355509	1.0	0.507027027027	0.507027027027
sitagliptin	-0.3229821340107521		0.963991683992	0.0360083160083	0.0360083160083	1.0	0.507027027027	0.507027027027
saracatinib	-0.32191798106880465		0.96340956341	0.0365904365904	0.0365904365904	1.0	0.507027027027	0.507027027027
ifosfamide	-0.3219179240201864		0.96340956341	0.0365904365904	0.0365904365904	1.0	0.507027027027	0.507027027027
WZ8040	-0.32187938322290033		0.963367983368	0.036632016632	0.036632016632	1.0	0.507027027027	0.507027027027
RO4929097	-0.32121855406523575		0.962910602911	0.0370893970894	0.0370893970894	1.0	0.507027027027	0.507027027027
RITA	-0.32014539199151876		0.961787941788	0.0382120582121	0.0382120582121	1.0	0.507027027027	0.507027027027
Compound 23 citrate	-0.3189540126480881		0.960997920998	0.0390020790021	0.0390020790021	1.0	0.507027027027	0.507027027027
ML203	-0.31698404605481295		0.959584199584	0.0404158004158	0.0404158004158	1.0	0.511578947368	0.511578947368
L-685458	-0.31476981420740635		0.957214137214	0.0427858627859	0.0427858627859	1.0	0.515714285714	0.515714285714
ML029	-0.31364738589743674		0.955925155925	0.0440748440748	0.0440748440748	1.0	0.515714285714	0.515714285714
tamoxifen	-0.31283127516672216		0.955051975052	0.044948024948	0.044948024948	1.0	0.515714285714	0.515714285714
MK-2206	-0.31271196458993955		0.954968814969	0.0450311850312	0.0450311850312	1.0	0.515714285714	0.515714285714
BRD-A71883111	-0.3109022483173696		0.953097713098	0.0469022869023	0.0469022869023	1.0	0.524651162791	0.524651162791
BRD-K90370028	-0.30953965492752084		0.951767151767	0.0482328482328	0.0482328482328	1.0	0.527272727273	0.527272727273
avrainvillamide	-0.3034331742007257		0.943991683992	0.0560083160083	0.0560083160083	1.0	0.585652173913	0.585652173913
elocalcitol	-0.30341192972807973		0.943991683992	0.0560083160083	0.0560083160083	1.0	0.585652173913	0.585652173913
selumetinib	-0.30128872456139516		0.940748440748	0.0592515592516	0.0592515592516	1.0	0.601666666667	0.601666666667
bosutinib	-0.3005540375171591		0.939958419958	0.0600415800416	0.0600415800416	1.0	0.601666666667	0.601666666667
procarbazine	-0.2993507031321264		0.938503118503	0.0614968814969	0.0614968814969	1.0	0.603673469388	0.603673469388
TG-100-115	-0.2982539548193708		0.936424116424	0.0635758835759	0.0635758835759	1.0	0.6116	0.6116
BRD6340	-0.295694793838866		0.932515592516	0.0674844074844	0.0674844074844	1.0	0.636470588235	0.636470588235
HC-067047	-0.2947468427183279		0.930852390852	0.0691476091476	0.0691476091476	1.0	0.636603773585	0.636603773585
BRD-K29313308	-0.29403924129899456		0.929854469854	0.0701455301455	0.0701455301455	1.0	0.636603773585	0.636603773585
tosedostat	-0.2928637360600127		0.927484407484	0.0725155925156	0.0725155925156	1.0	0.645925925926	0.645925925926
fluorouracil	-0.29164509617485507		0.925155925156	0.0748440748441	0.0748440748441	1.0	0.648965517241	0.648965517241
PDMP	-0.2910383329998672		0.924407484407	0.0755925155925	0.0755925155925	1.0	0.648965517241	0.648965517241
linifanib	-0.28961651972271185		0.922162162162	0.0778378378378	0.0778378378378	1.0	0.648965517241	0.648965517241
necrostatin-1	-0.28942489491985335		0.921746361746	0.0782536382536	0.0782536382536	1.0	0.648965517241	0.648965517241
bafilomycin A1	-0.28846276197989035		0.919750519751	0.0802494802495	0.0802494802495	1.0	0.6515625	0.6515625
cyanoquinoline 11	-0.28751636753504833		0.917837837838	0.0821621621622	0.0821621621622	1.0	0.6515625	0.6515625
BRD-K09587429	-0.287283183166874		0.917338877339	0.0826611226611	0.0826611226611	1.0	0.6515625	0.6515625
FGIN-1-27	-0.285882099415417		0.914885654886	0.0851143451143	0.0851143451143	1.0	0.6515625	0.6515625
azacitidine	-0.28554099619979895		0.91446985447	0.0855301455301	0.0855301455301	1.0	0.6515625	0.6515625
BRD-A86708339	-0.2850535500073105		0.913305613306	0.0866943866944	0.0866943866944	1.0	0.6515625	0.6515625
thalidomide	-0.2838685934717762		0.911476091476	0.0885239085239	0.0885239085239	1.0	0.653150684932	0.653150684932
BRD-K48477130	-0.2822860426559071		0.907941787942	0.0920582120582	0.0920582120582	1.0	0.653150684932	0.653150684932
BRD-K33199242	-0.2815325205132824		0.906153846154	0.0938461538462	0.0938461538462	1.0	0.653150684932	0.653150684932
belinostat	-0.28146551421092975		0.906029106029	0.0939708939709	0.0939708939709	1.0	0.653150684932	0.653150684932
BRD-K41597374	-0.2807401569196179		0.904158004158	0.095841995842	0.095841995842	1.0	0.653150684932	0.653150684932
FSC231	-0.28064646452847886		0.903991683992	0.0960083160083	0.0960083160083	1.0	0.653150684932	0.653150684932
etomoxir	-0.27956333355755564		0.902079002079	0.097920997921	0.097920997921	1.0	0.653150684932	0.653150684932
LY-2157299	-0.27928886073053844		0.901704781705	0.0982952182952	0.0982952182952	1.0	0.653150684932	0.653150684932
ABT-199	-0.2788877963119891		0.900873180873	0.0991268191268	0.0991268191268	1.0	0.653150684932	0.653150684932
BRD-K04800985	-0.27748815060338733		0.897837837838	0.102162162162	0.102162162162	1.0	0.657368421053	0.657368421053
trifluoperazine	-0.2769875613931341		0.896798336798	0.103201663202	0.103201663202	1.0	0.657368421053	0.657368421053
semagacestat	-0.2766831411087927		0.896133056133	0.103866943867	0.103866943867	1.0	0.657368421053	0.657368421053
NSC23766	-0.27323493835333656		0.887817047817	0.112182952183	0.112182952183	1.0	0.692820512821	0.692820512821
tacedinaline	-0.27309590951350454		0.887650727651	0.112349272349	0.112349272349	1.0	0.692820512821	0.692820512821
decitabine	-0.27190076854778306		0.88498960499	0.11501039501	0.11501039501	1.0	0.700253164557	0.700253164557
BRD-K45681478	-0.27102396534137985		0.882577962578	0.117422037422	0.117422037422	1.0	0.706	0.706
pitstop2	-0.2675841664299527		0.874885654886	0.125114345114	0.125114345114	1.0	0.736705882353	0.736705882353
fingolimod	-0.26581310098974764		0.870893970894	0.129106029106	0.129106029106	1.0	0.736705882353	0.736705882353
AGK-2	-0.2656792831351576		0.870644490644	0.129355509356	0.129355509356	1.0	0.736705882353	0.736705882353
MI-1	-0.2655853084452191		0.870145530146	0.129854469854	0.129854469854	1.0	0.736705882353	0.736705882353
BRD-K71781559	-0.26535489116691346		0.869812889813	0.130187110187	0.130187110187	1.0	0.736705882353	0.736705882353
BRD-K86535717	-0.2636296801171964		0.866112266112	0.133887733888	0.133887733888	1.0	0.748837209302	0.748837209302
SR-II-138A	-0.2601310291402236		0.857879417879	0.142120582121	0.142120582121	1.0	0.757692307692	0.757692307692
ciclosporin	-0.25993095825102497		0.85738045738	0.14261954262	0.14261954262	1.0	0.757692307692	0.757692307692
nilotinib	-0.2596724555996786		0.856465696466	0.143534303534	0.143534303534	1.0	0.757692307692	0.757692307692
blebbistatin	-0.25739156029958604		0.850478170478	0.149521829522	0.149521829522	1.0	0.757692307692	0.757692307692
VU0155056	-0.2571529585151647		0.849812889813	0.150187110187	0.150187110187	1.0	0.757692307692	0.757692307692
pandacostat	-0.2566869507832156		0.848357588358	0.151642411642	0.151642411642	1.0	0.757692307692	0.757692307692
BRD-K85133207	-0.25600162119263975		0.84711018711	0.15288981289	0.15288981289	1.0	0.757692307692	0.757692307692
SR8278	-0.25572885489350466		0.846403326403	0.153596673597	0.153596673597	1.0	0.757692307692	0.757692307692
C6-ceramide	-0.2554777495629298		0.845654885655	0.154345114345	0.154345114345	1.0	0.757692307692	0.757692307692
zebularine	-0.2552173263036522		0.844781704782	0.155218295218	0.155218295218	1.0	0.757692307692	0.757692307692
BRD-K96431673	-0.2549688215251539		0.84395010395	0.15604989605	0.15604989605	1.0	0.757692307692	0.757692307692
NVP-TAE684	-0.2548962326291482		0.843617463617	0.156382536383	0.156382536383	1.0	0.757692307692	0.757692307692
PF-543	-0.254766104935169		0.843076923077	0.156923076923	0.156923076923	1.0	0.757692307692	0.757692307692
GSK4112	-0.25367063195078615		0.840540540541	0.159459459459	0.159459459459	1.0	0.757692307692	0.757692307692
BRD-K96970199	-0.2528572876243488		0.838711018711	0.161288981289	0.161288981289	1.0	0.757692307692	0.757692307692
LBH-589	-0.252209555226417		0.837297297297	0.162702702703	0.162702702703	1.0	0.757692307692	0.757692307692
apicidin	-0.2518488902035848		0.836340956341	0.163659043659	0.163659043659	1.0	0.757692307692	0.757692307692
BRD-K16147474	-0.25180086952515934		0.836174636175	0.163825363825	0.163825363825	1.0	0.757692307692	0.757692307692
pifithrin-mu	-0.25009539402332026		0.831101871102	0.168898128898	0.168898128898	1.0	0.771698113208	0.771698113208
BRD-A94377914	-0.24982035408149664		0.829937629938	0.170062370062	0.170062370062	1.0	0.771698113208	0.771698113208
CR-1-31B	-0.24877069387810777		0.82632016632	0.17367983368	0.17367983368	1.0	0.773888888889	0.773888888889
importazole	-0.2486988226894192		0.826237006237	0.173762993763	0.173762993763	1.0	0.773888888889	0.773888888889
AA-COCF3	-0.24679774804094512		0.820332640333	0.179667359667	0.179667359667	1.0	0.786909090909	0.786909090909
HBX-41108	-0.24669019990622193		0.820041580042	0.179958419958	0.179958419958	1.0	0.786909090909	0.786909090909
BRD-K64610608	-0.24382653862303733		0.810935550936	0.189064449064	0.189064449064	1.0	0.8	0.8
fulvestrant	-0.24377274128483217		0.810769230769	0.189230769231	0.189230769231	1.0	0.8	0.8
StemRegenin 1	-0.2436072241690956		0.810436590437	0.189563409563	0.189563409563	1.0	0.8	0.8
WAY-362450	-0.24327981642289054		0.80972972973	0.19027027027	0.19027027027	1.0	0.8	0.8
BRD-K50799972	-0.24289049976736943		0.808731808732	0.191268191268	0.191268191268	1.0	0.8	0.8
BRD-K55116708	-0.24143477864488586		0.804490644491	0.195509355509	0.195509355509	1.0	0.810689655172	0.810689655172
GDC-0941	-0.2410526554537935		0.802785862786	0.197214137214	0.197214137214	1.0	0.810769230769	0.810769230769
BRD-K80183349	-0.240170373708806		0.800540540541	0.199459459459	0.199459459459	1.0	0.813050847458	0.813050847458
VAF-347	-0.23803988191801967		0.794261954262	0.205738045738	0.205738045738	1.0	0.81453125	0.81453125
BRD-K02492147	-0.23795960646919634		0.794095634096	0.205904365904	0.205904365904	1.0	0.81453125	0.81453125
PRIMA-1	-0.23727436426411147		0.791891891892	0.208108108108	0.208108108108	1.0	0.81453125	0.81453125
VER-155008	-0.2372667390090001		0.791891891892	0.208108108108	0.208108108108	1.0	0.81453125	0.81453125
parthenolide	-0.23650596805902493		0.78948024948	0.21051975052	0.21051975052	1.0	0.81453125	0.81453125
QW-BI-011	-0.23573261857048855		0.787318087318	0.212681912682	0.212681912682	1.0	0.81453125	0.81453125
KU-60019	-0.2353071868586862		0.786611226611	0.213388773389	0.213388773389	1.0	0.81453125	0.81453125
CAY10594	-0.23504757263237328		0.785987525988	0.214012474012	0.214012474012	1.0	0.81453125	0.81453125
NSC19630	-0.23441982216663695		0.784282744283	0.215717255717	0.215717255717	1.0	0.81453125	0.81453125
BRD-K94991378	-0.23415095613011375		0.783243243243	0.216756756757	0.216756756757	1.0	0.81453125	0.81453125
BRD-K71935468	-0.23308805125599175		0.779875259875	0.220124740125	0.220124740125	1.0	0.817709923664	0.817709923664
cyclophosphamide	-0.2323942951677902		0.777796257796	0.222203742204	0.222203742204	1.0	0.817709923664	0.817709923664
COL-3	-0.23220167994102253		0.777297297297	0.222702702703	0.222702702703	1.0	0.817709923664	0.817709923664
PX-12	-0.22960120544885043		0.768440748441	0.231559251559	0.231559251559	1.0	0.827567567568	0.827567567568
vorinostat	-0.22958682731718608		0.768357588358	0.231642411642	0.231642411642	1.0	0.827567567568	0.827567567568
BRD-K48334597	-0.2290722833598659		0.766694386694	0.233305613306	0.233305613306	1.0	0.827567567568	0.827567567568
GSK-J4	-0.22753021762757883		0.76182952183	0.23817047817	0.23817047817	1.0	0.827567567568	0.827567567568
abiraterone	-0.22751302351994424		0.76182952183	0.23817047817	0.23817047817	1.0	0.827567567568	0.827567567568
sildenafil	-0.2273395567383014		0.761330561331	0.238669438669	0.238669438669	1.0	0.827567567568	0.827567567568
neuronal differentiation inducer III	-0.22677466889374928		0.759667359667	0.240332640333	0.240332640333	1.0	0.827567567568	0.827567567568
ISOX	-0.22646233710187938		0.758877338877	0.241122661123	0.241122661123	1.0	0.827567567568	0.827567567568
BRD-K75293299	-0.2261508141867492		0.758004158004	0.241995841996	0.241995841996	1.0	0.827567567568	0.827567567568
SCH-529074	-0.225858498248854		0.757047817048	0.242952182952	0.242952182952	1.0	0.827567567568	0.827567567568
KHS101	-0.2240553957110001		0.750935550936	0.249064449064	0.249064449064	1.0	0.827567567568	0.827567567568
triptolide	-0.22372124371085392		0.74972972973	0.25027027027	0.25027027027	1.0	0.827567567568	0.827567567568
sirolimus	-0.22356278754817385		0.749397089397	0.250602910603	0.250602910603	1.0	0.827567567568	0.827567567568
ML258	-0.2229615234841538		0.747941787942	0.252058212058	0.252058212058	1.0	0.827567567568	0.827567567568
ciclopirox	-0.2226329319597076		0.747234927235	0.252765072765	0.252765072765	1.0	0.827567567568	0.827567567568
NVP-ADW742	-0.22247965192270813		0.746777546778	0.253222453222	0.253222453222	1.0	0.827567567568	0.827567567568
erismodegib	-0.2219961378780146		0.745363825364	0.254636174636	0.254636174636	1.0	0.827567567568	0.827567567568
UNC0321	-0.22045945038632012		0.74079002079	0.25920997921	0.25920997921	1.0	0.83677852349	0.83677852349
OSI-930	-0.21922213774406749		0.736756756757	0.263243243243	0.263243243243	1.0	0.844133333333	0.844133333333
GANT-61	-0.2185738589628741		0.733887733888	0.266112266112	0.266112266112	1.0	0.847682119205	0.847682119205
ML006	-0.2171072904460955		0.728523908524	0.271476091476	0.271476091476	1.0	0.856455696203	0.856455696203
entinostat	-0.21554593985655257		0.723451143451	0.276548856549	0.276548856549	1.0	0.856455696203	0.856455696203
MK-0752	-0.2149342755411824		0.72103950104	0.27896049896	0.27896049896	1.0	0.856455696203	0.856455696203
KU 0060648	-0.21489178875050127		0.720831600832	0.279168399168	0.279168399168	1.0	0.856455696203	0.856455696203
Ko-143	-0.21488647086949444		0.72079002079	0.27920997921	0.27920997921	1.0	0.856455696203	0.856455696203
PAC-1	-0.21459419208823222		0.719916839917	0.280083160083	0.280083160083	1.0	0.856455696203	0.856455696203
BRD-K17060750	-0.21425628056068086		0.718669438669	0.281330561331	0.281330561331	1.0	0.856455696203	0.856455696203
purmorphamine	-0.21107354896846703		0.707609147609	0.292390852391	0.292390852391	1.0	0.881717791411	0.881717791411
BRD9876	-0.21019253592846118		0.704407484407	0.295592515593	0.295592515593	1.0	0.881717791411	0.881717791411
PF-750	-0.20999937549088238		0.703534303534	0.296465696466	0.296465696466	1.0	0.881717791411	0.881717791411
piperlongumine	-0.20929893762124527		0.701330561331	0.298669438669	0.298669438669	1.0	0.881717791411	0.881717791411
GSK1059615	-0.20925247571718977		0.701205821206	0.298794178794	0.298794178794	1.0	0.881717791411	0.881717791411
SMER-3	-0.20520683717442575		0.686112266112	0.313887733888	0.313887733888	1.0	0.920121212121	0.920121212121
ML312	-0.20467345393807918		0.684365904366	0.315634095634	0.315634095634	1.0	0.920121212121	0.920121212121
dinaciclib	-0.2032403156957561		0.679293139293	0.320706860707	0.320706860707	1.0	0.929277108434	0.929277108434
tanespimycin	-0.20234627224337698		0.676382536383	0.323617463617	0.323617463617	1.0	0.932095808383	0.932095808383
ZSTK474	-0.2005163471710207		0.671101871102	0.328898128898	0.328898128898	1.0	0.936686390533	0.936686390533
brefeldin A	-0.20037415470374562		0.670893970894	0.329106029106	0.329106029106	1.0	0.936686390533	0.936686390533
KPT185	-0.19802110169585177		0.661746361746	0.338253638254	0.338253638254	1.0	0.949248554913	0.949248554913
alvocidib	-0.19760945630242735		0.660291060291	0.339708939709	0.339708939709	1.0	0.949248554913	0.949248554913
valdecoxib	-0.19744434475380482		0.659958419958	0.340041580042	0.340041580042	1.0	0.949248554913	0.949248554913
Bax channel blocker	-0.19706500826599688		0.658586278586	0.341413721414	0.341413721414	1.0	0.949248554913	0.949248554913
necrosulfonamide	-0.19471381809057955		0.649979209979	0.350020790021	0.350020790021	1.0	0.967586206897	0.967586206897
bardoxolone methyl	-0.19119200095472108		0.637214137214	0.362785862786	0.362785862786	0.998371335505	0.996424116424	0.996424116424
masitinib	-0.19027755075425246		0.633804573805	0.366195426195	0.366195426195	0.996274509804	0.996424116424	0.996424116424
cerulenin	-0.18800050145715755		0.62553014553	0.37446985447	0.37446985447	0.986491803279	0.996424116424	0.996424116424
SNS-032	-0.1874668070485876		0.623492723493	0.376507276507	0.376507276507	0.986491803279	0.996424116424	0.996424116424
PL-DI	-0.18715526445371347		0.622162162162	0.377837837838	0.377837837838	0.986491803279	0.996424116424	0.996424116424
LRRK2-IN-1	-0.18466337805803387		0.614054054054	0.385945945946	0.385945945946	0.978013245033	0.996424116424	0.996424116424
BMS-345541	-0.18463655542053878		0.614012474012	0.385987525988	0.385987525988	0.978013245033	0.996424116424	0.996424116424
N9-isopropylolomoucine	-0.1842441826230637		0.612474012474	0.387525987526	0.387525987526	0.978013245033	0.996424116424	0.996424116424
PIK-93	-0.17572199243920514		0.584449064449	0.415550935551	0.415550935551	0.940200668896	0.996424116424	0.996424116424
spautin-1	-0.17435816657615436		0.580207900208	0.419792099792	0.419792099792	0.936510067114	0.996424116424	0.996424116424
GW-405833	-0.1722632673787644		0.57422037422	0.42577962578	0.42577962578	0.929966329966	0.996424116424	0.996424116424
salermide	-0.16591296443714534		0.555343035343	0.444656964657	0.444656964657	0.902432432432	0.996424116424	0.996424116424
NVP-BEZ235	-0.15408975416240742		0.530977130977	0.469022869023	0.469022869023	0.865762711864	0.996424116424	0.996424116424
I-BET151	-0.15349289294776688		0.529521829522	0.470478170478	0.470478170478	0.865762711864	0.996424116424	0.996424116424
temsirolimus	-0.1455103561592166		0.517796257796	0.482203742204	0.482203742204	0.850034129693	0.996424116424	0.996424116424
JQ-1	-0.1382528087019393		0.510686070686	0.489313929314	0.489313929314	0.841232876712	0.996424116424	0.996424116424
SB-743921	-0.12231178807401583		0.503575883576	0.496424116424	0.496424116424	0.832371134021	0.996424116424	0.996424116424
BRD-K09344309	0.1397070140666676		0.491683991684	0.508316008316	0.491683991684	0.815517241379	0.996424116424	0.815517241379
AZD8055	0.14763311144847605		0.4841995842	0.5158004158	0.4841995842	0.805882352941	0.996424116424	0.805882352941
rigosertib	0.15467838559716138		0.472972972973	0.527027027027	0.472972972973	0.789930555556	0.996424116424	0.789930555556
TW-37	0.1592184446185553		0.464948024948	0.535051975052	0.464948024948	0.779233449477	0.996424116424	0.779233449477
nakiterpiosin	0.16025172574622598		0.463035343035	0.536964656965	0.463035343035	0.778741258741	0.996424116424	0.778741258741
KX2-391	0.1634963252011948		0.455592515593	0.544407484407	0.455592515593	0.768912280702	0.996424116424	0.768912280702
paclitaxel	0.16716786541246154		0.446403326403	0.553596673597	0.446403326403	0.756056338028	0.996424116424	0.756056338028
oligomycin A	0.17126961482475872		0.434844074844	0.565155925156	0.434844074844	0.739081272085	0.996424116424	0.739081272085
OSI-027	0.17173592690618217		0.433804573805	0.566195426195	0.433804573805	0.739081272085	0.996424116424	0.739081272085
BRD-K34222889	0.17374000270197254		0.427525987526	0.572474012474	0.427525987526	0.731814946619	0.996424116424	0.731814946619
NVP-231	0.1754835965014667		0.421954261954	0.578045738046	0.421954261954	0.724857142857	0.996424116424	0.724857142857
prochlorperazine	0.1779347804084289		0.414261954262	0.585738045738	0.414261954262	0.714193548387	0.996424116424	0.714193548387
myricetin	0.17811262242814913		0.413721413721	0.586278586279	0.413721413721	0.714193548387	0.996424116424	0.714193548387
CI-976	0.18014644002719796		0.407276507277	0.592723492723	0.407276507277	0.707220216606	0.996424116424	0.707220216606
BRD4132	0.18331660352648693		0.396465696466	0.603534303534	0.396465696466	0.690942028986	0.996424116424	0.690942028986
methylstat	0.1852586589222451		0.389563409563	0.610436590437	0.389563409563	0.681381818182	0.996424116424	0.681381818182
phloretin	0.18603415043089241		0.387442827443	0.612557172557	0.387442827443	0.680145985401	0.996424116424	0.680145985401
BRD-K63431240	0.18624933200659002		0.386694386694	0.613305613306	0.386694386694	0.680145985401	0.996424116424	0.680145985401
BRD-K70511574	0.1862849245705842		0.38656964657	0.61343035343	0.38656964657	0.680145985401	0.996424116424	0.680145985401
KH-CB19	0.18669747578436893		0.385197505198	0.614802494802	0.385197505198	0.680145985401	0.996424116424	0.680145985401
DBeQ	0.18881993184811557		0.377796257796	0.622203742204	0.377796257796	0.673037037037	0.996424116424	0.673037037037
mitomycin	0.18930769617128246		0.3758004158	0.6241995842	0.3758004158	0.671970260223	0.996424116424	0.671970260223
NVP-BSK805	0.18935853697354194		0.375675675676	0.624324324324	0.375675675676	0.671970260223	0.996424116424	0.671970260223
GW-843682X	0.19149557632929873		0.368773388773	0.631226611227	0.368773388773	0.664344569288	0.996424116424	0.664344569288
doxorubicin	0.19211543292448124		0.366694386694	0.633305613306	0.366694386694	0.663082706767	0.996424116424	0.663082706767
topotecan	0.19307276741177987		0.363659043659	0.636340956341	0.363659043659	0.660075471698	0.996424116424	0.660075471698
CD-1530	0.19334260666094605		0.363118503119	0.636881496881	0.363118503119	0.660075471698	0.996424116424	0.660075471698
vincristine	0.19338947643871604		0.363035343035	0.636964656965	0.363035343035	0.660075471698	0.996424116424	0.660075471698
SRT-1720	0.19523860090104816		0.356174636175	0.643825363825	0.356174636175	0.653893129771	0.996424116424	0.653893129771
CHM-1	0.19528597884402865		0.355883575884	0.644116424116	0.355883575884	0.653893129771	0.996424116424	0.653893129771
BRD-K66453893	0.19562200898071844		0.354594594595	0.645405405405	0.354594594595	0.653893129771	0.996424116424	0.653893129771
betulinic acid	0.19590172764343813		0.353305613306	0.646694386694	0.353305613306	0.653893129771	0.996424116424	0.653893129771
TG-101348	0.19878958472153468		0.342661122661	0.657338877339	0.342661122661	0.638837209302	0.996424116424	0.638837209302
ML311	0.20050618387031105		0.336340956341	0.663659043659	0.336340956341	0.629494163424	0.996424116424	0.629494163424
YK 4-279	0.2006873651968396		0.335550935551	0.664449064449	0.335550935551	0.629494163424	0.996424116424	0.629494163424
GSK525762A	0.20129834197639732		0.333721413721	0.666278586279	0.333721413721	0.629490196078	0.996424116424	0.629490196078
gossypol	0.20150120615052242		0.333222453222	0.666777546778	0.333222453222	0.629490196078	0.996424116424	0.629490196078
AZ-3146	0.20202590904985965		0.331683991684	0.668316008316	0.331683991684	0.629490196078	0.996424116424	0.629490196078
WP1130	0.20263933650634583		0.329313929314	0.670686070686	0.329313929314	0.628571428571	0.996424116424	0.628571428571
teniposide	0.2026780108426987		0.329230769231	0.670769230769	0.329230769231	0.628571428571	0.996424116424	0.628571428571
NSC632839	0.2028845094362356		0.328523908524	0.671476091476	0.328523908524	0.628571428571	0.996424116424	0.628571428571
FQI-2	0.20317124267551165		0.327151767152	0.672848232848	0.327151767152	0.628571428571	0.996424116424	0.628571428571
nintedanib	0.20320480205111677		0.327027027027	0.672972972973	0.327027027027	0.628571428571	0.996424116424	0.628571428571
SB-225002	0.20323864165898903		0.326860706861	0.673139293139	0.326860706861	0.628571428571	0.996424116424	0.628571428571
EX-527	0.20331776248352434		0.326486486486	0.673513513514	0.326486486486	0.628571428571	0.996424116424	0.628571428571
Merck60	0.20385223425588084		0.324573804574	0.675426195426	0.324573804574	0.628571428571	0.996424116424	0.628571428571
BRD8958	0.20402694549238767		0.324241164241	0.675758835759	0.324241164241	0.628571428571	0.996424116424	0.628571428571
3-Cl-AHPC	0.2041560050541231		0.323742203742	0.676257796258	0.323742203742	0.628571428571	0.996424116424	0.628571428571
PF-3758309	0.20453054629330605		0.322203742204	0.677796257796	0.322203742204	0.628571428571	0.996424116424	0.628571428571
parbendazole	0.2048242137297615		0.321372141372	0.678627858628	0.321372141372	0.628571428571	0.996424116424	0.628571428571
silmitasertib	0.20508227783787103		0.320498960499	0.679501039501	0.320498960499	0.628571428571	0.996424116424	0.628571428571
BRD-K35604418	0.2056396177424007		0.318336798337	0.681663201663	0.318336798337	0.628571428571	0.996424116424	0.628571428571
SNX-2112	0.2061827553914051		0.316174636175	0.683825363825	0.316174636175	0.628571428571	0.996424116424	0.628571428571
SCH-79797	0.2067887956716167		0.314054054054	0.685945945946	0.314054054054	0.628571428571	0.996424116424	0.628571428571
temozolomide	0.20719017651421925		0.312931392931	0.687068607069	0.312931392931	0.628571428571	0.996424116424	0.628571428571
cucurbitacin I	0.2072815069771112		0.312598752599	0.687401247401	0.312598752599	0.628571428571	0.996424116424	0.628571428571
BRD-K97651142	0.20821975589535455		0.309313929314	0.690686070686	0.309313929314	0.628571428571	0.996424116424	0.628571428571
gemcitabine	0.20841090341838553		0.308648648649	0.691351351351	0.308648648649	0.628571428571	0.996424116424	0.628571428571
CD-437	0.20889741469919676		0.306985446985	0.693014553015	0.306985446985	0.628571428571	0.996424116424	0.628571428571
tivantinib	0.20895412344723224		0.306777546778	0.693222453222	0.306777546778	0.628571428571	0.996424116424	0.628571428571
dexamethasone	0.20897764473739133		0.306735966736	0.693264033264	0.306735966736	0.628571428571	0.996424116424	0.628571428571
isoevodiamine	0.21026256412537447		0.302453222453	0.697546777547	0.302453222453	0.628571428571	0.996424116424	0.628571428571
YM-155	0.21080572277030676		0.300665280665	0.699334719335	0.300665280665	0.628571428571	0.996424116424	0.628571428571
bortezomib	0.21191771269546023		0.296881496881	0.703118503119	0.296881496881	0.628571428571	0.996424116424	0.628571428571
PF-573228	0.21279341011112765		0.292931392931	0.707068607069	0.292931392931	0.623451327434	0.996424116424	0.623451327434
quizartinib	0.21285174229903397		0.29264033264	0.70735966736	0.29264033264	0.623451327434	0.996424116424	0.623451327434
BRD-K66532283	0.21318579373082175		0.291559251559	0.708440748441	0.291559251559	0.623451327434	0.996424116424	0.623451327434
crizotinib	0.21335748947373395		0.290893970894	0.709106029106	0.290893970894	0.623451327434	0.996424116424	0.623451327434
ceranib-2	0.21386985163091643		0.288274428274	0.711725571726	0.288274428274	0.623451327434	0.996424116424	0.623451327434
AZD6482	0.21404087752137924		0.2879002079	0.7120997921	0.2879002079	0.623451327434	0.996424116424	0.623451327434
pevonedistat	0.21409640643769537		0.287733887734	0.712266112266	0.287733887734	0.623451327434	0.996424116424	0.623451327434
CAL-101	0.21454893170063855		0.286528066528	0.713471933472	0.286528066528	0.623451327434	0.996424116424	0.623451327434
narciclasine	0.2154763399479731		0.284074844075	0.715925155925	0.284074844075	0.623451327434	0.996424116424	0.623451327434
BRD-K14844214	0.21550672813388058		0.283991683992	0.716008316008	0.283991683992	0.623451327434	0.996424116424	0.623451327434
tipifarnib-P2	0.2162542762607586		0.280956340956	0.719043659044	0.280956340956	0.623451327434	0.996424116424	0.623451327434
triazolothiadiazine	0.21651733887557542		0.280083160083	0.719916839917	0.280083160083	0.623451327434	0.996424116424	0.623451327434
B02	0.21668637663583482		0.279459459459	0.720540540541	0.279459459459	0.623451327434	0.996424116424	0.623451327434
KU-0063794	0.2170211890576313		0.278045738046	0.721954261954	0.278045738046	0.623451327434	0.996424116424	0.623451327434
AZD7545	0.21704911650091246		0.277879417879	0.722120582121	0.277879417879	0.623451327434	0.996424116424	0.623451327434
PI-103	0.2174127839454352		0.276548856549	0.723451143451	0.276548856549	0.623451327434	0.996424116424	0.623451327434
methotrexate	0.21742113113182654		0.276548856549	0.723451143451	0.276548856549	0.623451327434	0.996424116424	0.623451327434
docetaxel	0.21756249741376976		0.276216216216	0.723783783784	0.276216216216	0.623451327434	0.996424116424	0.623451327434
MG-132	0.21925274187477808		0.269979209979	0.730020790021	0.269979209979	0.623451327434	0.996424116424	0.623451327434
BI-2536	0.21965938788928674		0.26893970894	0.73106029106	0.26893970894	0.623451327434	0.996424116424	0.623451327434
SN-38	0.22003226719535762		0.266735966736	0.733264033264	0.266735966736	0.622815533981	0.996424116424	0.622815533981
manumycin A	0.22006477152433906		0.266611226611	0.733388773389	0.266611226611	0.622815533981	0.996424116424	0.622815533981
BRD8899	0.2202792346654941		0.265904365904	0.734095634096	0.265904365904	0.622815533981	0.996424116424	0.622815533981
navitoclax	0.22233327029434508		0.259376299376	0.740623700624	0.259376299376	0.614581280788	0.996424116424	0.614581280788
pyrazolanthrone	0.22305737802206377		0.25762993763	0.74237006237	0.25762993763	0.613465346535	0.996424116424	0.613465346535
curcumin	0.22437909958133628		0.252806652807	0.747193347193	0.252806652807	0.604975124378	0.996424116424	0.604975124378
CID-5951923	0.22465841003150308		0.2520997921	0.7479002079	0.2520997921	0.604975124378	0.996424116424	0.604975124378
BEC	0.22509815156250762		0.250395010395	0.749604989605	0.250395010395	0.604975124378	0.996424116424	0.604975124378
LE-135	0.22618818935053772		0.246611226611	0.753388773389	0.246611226611	0.599090909091	0.996424116424	0.599090909091
UNC0638	0.22682241517720161		0.244698544699	0.755301455301	0.244698544699	0.597461928934	0.996424116424	0.597461928934
tamatinib	0.2271638396266888		0.243243243243	0.756756756757	0.243243243243	0.59693877551	0.996424116424	0.59693877551
tigecycline	0.22977499715936045		0.234636174636	0.765363825364	0.234636174636	0.578769230769	0.996424116424	0.578769230769
BRD1812	0.22989363178086475		0.234511434511	0.765488565489	0.234511434511	0.578769230769	0.996424116424	0.578769230769
R428	0.23158577689540638		0.228856548857	0.771143451143	0.228856548857	0.570362694301	0.996424116424	0.570362694301
HLI 373	0.23215006020772175		0.226819126819	0.773180873181	0.226819126819	0.568229166667	0.996424116424	0.568229166667
AT13387	0.2326797173438493		0.225696465696	0.774303534304	0.225696465696	0.568229166667	0.996424116424	0.568229166667
FQI-1	0.23301830426697492		0.224365904366	0.775634095634	0.224365904366	0.568	0.996424116424	0.568
fumonisin B1	0.23365394695160288		0.222785862786	0.777214137214	0.222785862786	0.566984126984	0.996424116424	0.566984126984
regorafenib	0.23373388442516083		0.222411642412	0.777588357588	0.222411642412	0.566984126984	0.996424116424	0.566984126984
AM-580	0.23436655819244925		0.219958419958	0.780041580042	0.219958419958	0.56577540107	0.996424116424	0.56577540107
BRD-K01737880	0.2344071962269832		0.219792099792	0.780207900208	0.219792099792	0.56577540107	0.996424116424	0.56577540107
BRD-K27986637	0.23613362249875852		0.214594594595	0.785405405405	0.214594594595	0.557945945946	0.996424116424	0.557945945946
MLN2238	0.2374490359643788		0.210810810811	0.789189189189	0.210810810811	0.551086956522	0.996424116424	0.551086956522
BIX-01294	0.23764419166770204		0.21027027027	0.78972972973	0.21027027027	0.551086956522	0.996424116424	0.551086956522
A-804598	0.23777980204496993		0.209688149688	0.790311850312	0.209688149688	0.551086956522	0.996424116424	0.551086956522
TGX-221	0.23864911141606682		0.207151767152	0.792848232848	0.207151767152	0.550497237569	0.996424116424	0.550497237569
SB-525334	0.23871861431833943		0.20711018711	0.79288981289	0.20711018711	0.550497237569	0.996424116424	0.550497237569
etoposide	0.23968368303135734		0.204282744283	0.795717255717	0.204282744283	0.548938547486	0.996424116424	0.548938547486
cytarabine hydrochloride	0.23992345553417496		0.203783783784	0.796216216216	0.203783783784	0.548938547486	0.996424116424	0.548938547486
daporinad	0.24195958072102386		0.198004158004	0.801995841996	0.198004158004	0.538079096045	0.996424116424	0.538079096045
RAF265	0.24220994602978074		0.197422037422	0.802577962578	0.197422037422	0.538079096045	0.996424116424	0.538079096045
nutlin-3	0.24263585656157444		0.196008316008	0.803991683992	0.196008316008	0.538079096045	0.996424116424	0.538079096045
SID 26681509	0.24345025531872755		0.193305613306	0.806694386694	0.193305613306	0.534367816092	0.996424116424	0.534367816092
BIRB-796	0.243849757563819		0.192141372141	0.807858627859	0.192141372141	0.534219653179	0.996424116424	0.534219653179
clofarabine	0.24431344732547228		0.190561330561	0.809438669439	0.190561330561	0.532906976744	0.996424116424	0.532906976744
alisertib	0.24509854479480916		0.188316008316	0.811683991684	0.188316008316	0.529707602339	0.996424116424	0.529707602339
NPC-26	0.24533436851152274		0.187609147609	0.812390852391	0.187609147609	0.529707602339	0.996424116424	0.529707602339
vorapaxar	0.24586863877025716		0.186029106029	0.813970893971	0.186029106029	0.529467455621	0.996424116424	0.529467455621
CIL55A	0.24610260930290517		0.185322245322	0.814677754678	0.185322245322	0.529467455621	0.996424116424	0.529467455621
MK-1775	0.24642886492150476		0.184407484407	0.815592515593	0.184407484407	0.529467455621	0.996424116424	0.529467455621
sorafenib	0.24743163389657027		0.18158004158	0.81841995842	0.18158004158	0.526144578313	0.996424116424	0.526144578313
Ki8751	0.24819261560646097		0.179708939709	0.820291060291	0.179708939709	0.523878787879	0.996424116424	0.523878787879
Ch-55	0.24841786413463846		0.179168399168	0.820831600832	0.179168399168	0.523878787879	0.996424116424	0.523878787879
veliparib	0.24868765423537464		0.178378378378	0.821621621622	0.178378378378	0.523878787879	0.996424116424	0.523878787879
BRD-A02303741	0.24982484409851455		0.175051975052	0.824948024948	0.175051975052	0.51975308642	0.996424116424	0.51975308642
BRD-K41334119	0.25001904796543273		0.174677754678	0.825322245322	0.174677754678	0.51975308642	0.996424116424	0.51975308642
bleomycin A2	0.25080658335269246		0.172848232848	0.827151767152	0.172848232848	0.519625	0.996424116424	0.519625
BMS-754807	0.2513292797223244		0.171517671518	0.828482328482	0.171517671518	0.518867924528	0.996424116424	0.518867924528
BRD-A05715709	0.25168198717877194		0.170187110187	0.829812889813	0.170187110187	0.518101265823	0.996424116424	0.518101265823
1S,3R-RSL-3	0.2517950453481602		0.169896049896	0.830103950104	0.169896049896	0.518101265823	0.996424116424	0.518101265823
SKI-II	0.2523584938506056		0.168066528067	0.831933471933	0.168066528067	0.518101265823	0.996424116424	0.518101265823
SU11274	0.25247153910875847		0.167650727651	0.832349272349	0.167650727651	0.518101265823	0.996424116424	0.518101265823
BRD-K27224038	0.25270179311719565		0.166735966736	0.833264033264	0.166735966736	0.518101265823	0.996424116424	0.518101265823
cimetidine	0.2527534170032204		0.16656964657	0.83343035343	0.16656964657	0.518101265823	0.996424116424	0.518101265823
SJ-172550	0.25282136000361094		0.166444906445	0.833555093555	0.166444906445	0.518101265823	0.996424116424	0.518101265823
pifithrin-alpha	0.2528857313106343		0.166278586279	0.833721413721	0.166278586279	0.518101265823	0.996424116424	0.518101265823
PHA-793887	0.2545225529751563		0.161704781705	0.838295218295	0.161704781705	0.518101265823	0.996424116424	0.518101265823
ML083	0.2545636180658076		0.16158004158	0.83841995842	0.16158004158	0.518101265823	0.996424116424	0.518101265823
nelarabine	0.2557734118175384		0.157920997921	0.842079002079	0.157920997921	0.513243243243	0.996424116424	0.513243243243
BRD-K61166597	0.2559211618646511		0.157713097713	0.842286902287	0.157713097713	0.513243243243	0.996424116424	0.513243243243
obatoclax	0.25624474257802315		0.156964656965	0.843035343035	0.156964656965	0.513243243243	0.996424116424	0.513243243243
NSC95397	0.2566638393841936		0.155675675676	0.844324324324	0.155675675676	0.513243243243	0.996424116424	0.513243243243
BIBR-1532	0.25719082257505227		0.154968814969	0.845031185031	0.154968814969	0.513243243243	0.996424116424	0.513243243243
CIL70	0.2574952807759173		0.154677754678	0.845322245322	0.154677754678	0.513243243243	0.996424116424	0.513243243243
JW-480	0.25770226772999294		0.153846153846	0.846153846154	0.153846153846	0.513243243243	0.996424116424	0.513243243243
dacarbazine	0.2583873507006634		0.15185031185	0.84814968815	0.15185031185	0.513243243243	0.996424116424	0.513243243243
PRL-3 inhibitor I	0.25859554097734366		0.15130977131	0.84869022869	0.15130977131	0.513243243243	0.996424116424	0.513243243243
lomeguatrib	0.2586506616652553		0.151143451143	0.848856548857	0.151143451143	0.513243243243	0.996424116424	0.513243243243
AZD1480	0.25883875936518214		0.150602910603	0.849397089397	0.150602910603	0.513243243243	0.996424116424	0.513243243243
PF-184	0.25977680882298315		0.148607068607	0.851392931393	0.148607068607	0.513243243243	0.996424116424	0.513243243243
MST-312	0.2607608651823602		0.146112266112	0.853887733888	0.146112266112	0.513243243243	0.996424116424	0.513243243243
hyperforin	0.261600193222035		0.144241164241	0.855758835759	0.144241164241	0.513243243243	0.996424116424	0.513243243243
CAY10618	0.2620875993429044		0.142993762994	0.857006237006	0.142993762994	0.513243243243	0.996424116424	0.513243243243
PYR-41	0.2632988442726449		0.139376299376	0.860623700624	0.139376299376	0.504060150376	0.996424116424	0.504060150376
TPCA-1	0.264120509854893		0.137214137214	0.862785862786	0.137214137214	0.5	0.996424116424	0.5
BRD-M00053801	0.2645412082418832		0.13604989605	0.86395010395	0.13604989605	0.499541984733	0.996424116424	0.499541984733
CIL56	0.2649438633353471		0.134968814969	0.865031185031	0.134968814969	0.499384615385	0.996424116424	0.499384615385
BRD-K30019337	0.2658645155724226		0.132474012474	0.867525987526	0.132474012474	0.493953488372	0.996424116424	0.493953488372
GMX-1778	0.2660655590077813		0.132058212058	0.867941787942	0.132058212058	0.493953488372	0.996424116424	0.493953488372
leptomycin B	0.26629917363913247		0.131268191268	0.868731808732	0.131268191268	0.493953488372	0.996424116424	0.493953488372
GSK461364	0.2680230508785469		0.126237006237	0.873762993763	0.126237006237	0.481904761905	0.996424116424	0.481904761905
darinaparsin	0.26847575557646947		0.125197505198	0.874802494802	0.125197505198	0.48176	0.996424116424	0.48176
BRD-K92856060	0.2686666252846034		0.124823284823	0.875176715177	0.124823284823	0.48176	0.996424116424	0.48176
momelotinib	0.26937157413593227		0.122785862786	0.877214137214	0.122785862786	0.480162601626	0.996424116424	0.480162601626
BMS-536924	0.27038868877896666		0.120623700624	0.879376299376	0.120623700624	0.475573770492	0.996424116424	0.475573770492
BRD9647	0.27063060424709795		0.119958419958	0.880041580042	0.119958419958	0.475573770492	0.996424116424	0.475573770492
MGCD-265	0.270663565367365		0.119958419958	0.880041580042	0.119958419958	0.475573770492	0.996424116424	0.475573770492
tandutinib	0.2711999372979251		0.118669438669	0.881330561331	0.118669438669	0.475573770492	0.996424116424	0.475573770492
myriocin	0.27273295625444544		0.11446985447	0.88553014553	0.11446985447	0.466610169492	0.996424116424	0.466610169492
ouabain	0.27311044627724596		0.11343035343	0.88656964657	0.11343035343	0.466324786325	0.996424116424	0.466324786325
avicin D	0.2737883209153788		0.111891891892	0.888108108108	0.111891891892	0.463965517241	0.996424116424	0.463965517241
tipifarnib-P1	0.27665922522386105		0.105821205821	0.894178794179	0.105821205821	0.442608695652	0.996424116424	0.442608695652
ML320	0.27765949756190184		0.103866943867	0.896133056133	0.103866943867	0.438245614035	0.996424116424	0.438245614035
ML031	0.27834388812046834		0.102494802495	0.897505197505	0.102494802495	0.436283185841	0.996424116424	0.436283185841
AC55649	0.27867065630206894		0.101912681913	0.898087318087	0.101912681913	0.436283185841	0.996424116424	0.436283185841
BRD-K84807411	0.27871290447143987		0.101787941788	0.898212058212	0.101787941788	0.436283185841	0.996424116424	0.436283185841
brivanib	0.2793173373398078		0.100291060291	0.899708939709	0.100291060291	0.436283185841	0.996424116424	0.436283185841
KU-55933	0.2794013460424698		0.100124740125	0.899875259875	0.100124740125	0.436283185841	0.996424116424	0.436283185841
bexarotene	0.2819964402930855		0.0943866943867	0.905613305613	0.0943866943867	0.42037037037	0.996424116424	0.42037037037
NSC30930	0.2832403021960857		0.0917671517672	0.908232848233	0.0917671517672	0.412523364486	0.996424116424	0.412523364486
BRD-K28456706	0.2838749071007725		0.0904781704782	0.909521829522	0.0904781704782	0.410566037736	0.996424116424	0.410566037736
tivozanib	0.2850102237126645		0.0877754677755	0.912224532225	0.0877754677755	0.402095238095	0.996424116424	0.402095238095
ABT-737	0.28583669723672755		0.0865280665281	0.913471933472	0.0865280665281	0.400192307692	0.996424116424	0.400192307692
bendamustine	0.2870915012183013		0.0835343035343	0.916465696466	0.0835343035343	0.390097087379	0.996424116424	0.390097087379
BRD-K11533227	0.287132070223852		0.0834511434511	0.916548856549	0.0834511434511	0.390097087379	0.996424116424	0.390097087379
BRD-K26531177	0.28827798211128725		0.0812474012474	0.918752598753	0.0812474012474	0.386930693069	0.996424116424	0.386930693069
niclosamide	0.28873282211956297		0.0802079002079	0.919792099792	0.0802079002079	0.3858	0.996424116424	0.3858
sunitinib	0.28936627132441356		0.0790436590437	0.920956340956	0.0790436590437	0.38404040404	0.996424116424	0.38404040404
LY-2183240	0.29000612544497095		0.0782952182952	0.921704781705	0.0782952182952	0.38404040404	0.996424116424	0.38404040404
JW-55	0.2902884491249718		0.0777962577963	0.922203742204	0.0777962577963	0.38404040404	0.996424116424	0.38404040404
barasertib	0.29070834417216396		0.0772141372141	0.922785862786	0.0772141372141	0.38404040404	0.996424116424	0.38404040404
serdemetan	0.29127928967391425		0.0761746361746	0.923825363825	0.0761746361746	0.38404040404	0.996424116424	0.38404040404
cediranib	0.2912921043639124		0.0761746361746	0.923825363825	0.0761746361746	0.38404040404	0.996424116424	0.38404040404
indisulam	0.29149353430937397		0.0758835758836	0.924116424116	0.0758835758836	0.38404040404	0.996424116424	0.38404040404
tacrolimus	0.291796711276747		0.0752182952183	0.924781704782	0.0752182952183	0.38404040404	0.996424116424	0.38404040404
erastin	0.2924891547269179		0.0744698544699	0.92553014553	0.0744698544699	0.38404040404	0.996424116424	0.38404040404
NSC48300	0.2937585038035005		0.0726403326403	0.92735966736	0.0726403326403	0.38404040404	0.996424116424	0.38404040404
omacetaxine mepesuccinate	0.29468322373377964		0.0710602910603	0.92893970894	0.0710602910603	0.38404040404	0.996424116424	0.38404040404
ML210	0.2949524779199541		0.0706860706861	0.929313929314	0.0706860706861	0.38404040404	0.996424116424	0.38404040404
ELCPK	0.2950046813174		0.0706444906445	0.929355509356	0.0706444906445	0.38404040404	0.996424116424	0.38404040404
tretinoin	0.2951568527025272		0.070395010395	0.929604989605	0.070395010395	0.38404040404	0.996424116424	0.38404040404
olaparib	0.2954453974005981		0.0699792099792	0.930020790021	0.0699792099792	0.38404040404	0.996424116424	0.38404040404
IPR-456	0.29587035195188904		0.0694386694387	0.930561330561	0.0694386694387	0.38404040404	0.996424116424	0.38404040404
simvastatin	0.29674470461566055		0.0679833679834	0.932016632017	0.0679833679834	0.38404040404	0.996424116424	0.38404040404
itraconazole	0.2968774257918665		0.0677754677755	0.932224532225	0.0677754677755	0.38404040404	0.996424116424	0.38404040404
GDC-0879	0.2981787290387151		0.0660706860707	0.933929313929	0.0660706860707	0.38404040404	0.996424116424	0.38404040404
pazopanib	0.2986811013500911		0.0655717255717	0.934428274428	0.0655717255717	0.38404040404	0.996424116424	0.38404040404
dasatinib	0.29941653861894285		0.0647817047817	0.935218295218	0.0647817047817	0.38404040404	0.996424116424	0.38404040404
CAY10576	0.2996236414554226		0.0645322245322	0.935467775468	0.0645322245322	0.38404040404	0.996424116424	0.38404040404
BRD-K44224150	0.3019407018346721		0.0612474012474	0.938752598753	0.0612474012474	0.382597402597	0.996424116424	0.382597402597
Compound 7d-cis	0.302738649081318		0.06	0.94	0.06	0.379736842105	0.996424116424	0.379736842105
AT-406	0.30552800476456365		0.0562577962578	0.943742203742	0.0562577962578	0.3608	0.996424116424	0.3608
cytochalasin B	0.30571145083589324		0.0561746361746	0.943825363825	0.0561746361746	0.3608	0.996424116424	0.3608
SR1001	0.3062777127049063		0.0554677754678	0.944532224532	0.0554677754678	0.3608	0.996424116424	0.3608
imatinib	0.30669350444310983		0.055051975052	0.944948024948	0.055051975052	0.3608	0.996424116424	0.3608
RG-108	0.3072604299646091		0.0544282744283	0.945571725572	0.0544282744283	0.3608	0.996424116424	0.3608
pluripotin	0.3078769823492579		0.0533471933472	0.946652806653	0.0533471933472	0.3608	0.996424116424	0.3608
lenvatinib	0.308279015721379		0.0527234927235	0.947276507277	0.0527234927235	0.3608	0.996424116424	0.3608
BRD-K78574327	0.30846831952738557		0.0525987525988	0.947401247401	0.0525987525988	0.3608	0.996424116424	0.3608
BRD1835	0.3088874946366737		0.0518918918919	0.948108108108	0.0518918918919	0.3608	0.996424116424	0.3608
BRD-K37390332	0.3091511495372629		0.0515176715177	0.948482328482	0.0515176715177	0.3608	0.996424116424	0.3608
PRIMA-1-Met	0.3123268278886405		0.0478586278586	0.952141372141	0.0478586278586	0.354153846154	0.996424116424	0.354153846154
GSK-3 inhibitor IX	0.31393985302362953		0.0459043659044	0.954095634096	0.0459043659044	0.345	0.996424116424	0.345
BRD-K49290616	0.3154260651995722		0.0445322245322	0.955467775468	0.0445322245322	0.34	0.996424116424	0.34
PF-4800567 hydrochloride	0.3154603635169264		0.0445322245322	0.955467775468	0.0445322245322	0.34	0.996424116424	0.34
ML162	0.3159164186104807		0.0439916839917	0.956008316008	0.0439916839917	0.34	0.996424116424	0.34
MLN2480	0.3173431321651644		0.0427027027027	0.957297297297	0.0427027027027	0.34	0.996424116424	0.34
CIL55	0.31964171093565674		0.0406237006237	0.959376299376	0.0406237006237	0.331186440678	0.996424116424	0.331186440678
BRD-K34099515	0.31995815818850953		0.0403742203742	0.959625779626	0.0403742203742	0.331186440678	0.996424116424	0.331186440678
STF-31	0.32003385221102665		0.0403326403326	0.959667359667	0.0403326403326	0.331186440678	0.996424116424	0.331186440678
NSC 74859	0.32005630403793156		0.0402910602911	0.959708939709	0.0402910602911	0.331186440678	0.996424116424	0.331186440678
Mdivi-1	0.32191042886992355		0.0388357588358	0.961164241164	0.0388357588358	0.331186440678	0.996424116424	0.331186440678
AZD7762	0.3219426974802483		0.0388357588358	0.961164241164	0.0388357588358	0.331186440678	0.996424116424	0.331186440678
IC-87114	0.3245173544918994		0.0368814968815	0.963118503119	0.0368814968815	0.331186440678	0.996424116424	0.331186440678
CHIR-99021	0.3286822905421414		0.0330977130977	0.966902286902	0.0330977130977	0.306153846154	0.996424116424	0.306153846154
XL765	0.32874310156373726		0.0330977130977	0.966902286902	0.0330977130977	0.306153846154	0.996424116424	0.306153846154
CIL41	0.32917227998652693		0.0329313929314	0.967068607069	0.0329313929314	0.306153846154	0.996424116424	0.306153846154
BRD-K29086754	0.3293663606351327		0.0328482328482	0.967151767152	0.0328482328482	0.306153846154	0.996424116424	0.306153846154
cabozantinib	0.32957159610484216		0.0328066528067	0.967193347193	0.0328066528067	0.306153846154	0.996424116424	0.306153846154
CBB-1007	0.3308123228682469		0.0319334719335	0.968066528067	0.0319334719335	0.306153846154	0.996424116424	0.306153846154
epigallocatechin-3-monogallate	0.3322875220193517		0.030893970894	0.969106029106	0.030893970894	0.306153846154	0.996424116424	0.306153846154
SGX-523	0.3340964095945876		0.0296881496881	0.970311850312	0.0296881496881	0.306153846154	0.996424116424	0.306153846154
foretinib	0.3342108260074008		0.0296465696466	0.970353430353	0.0296465696466	0.306153846154	0.996424116424	0.306153846154
Compound 1541A	0.33485332344914653		0.0291891891892	0.970810810811	0.0291891891892	0.306153846154	0.996424116424	0.306153846154
AT7867	0.3350558311550846		0.0290228690229	0.970977130977	0.0290228690229	0.306153846154	0.996424116424	0.306153846154
BMS-270394	0.335247451906794		0.0289812889813	0.971018711019	0.0289812889813	0.306153846154	0.996424116424	0.306153846154
IU1	0.3353226896989483		0.0289397089397	0.97106029106	0.0289397089397	0.306153846154	0.996424116424	0.306153846154
968	0.3363393722220017		0.0280249480249	0.971975051975	0.0280249480249	0.306153846154	0.996424116424	0.306153846154
axitinib	0.33759769166204484		0.0273180873181	0.972681912682	0.0273180873181	0.306153846154	0.996424116424	0.306153846154
BRD-K24690302	0.3384645371681112		0.0266528066528	0.973347193347	0.0266528066528	0.306153846154	0.996424116424	0.306153846154
CCT036477	0.33963850212648544		0.0258627858628	0.974137214137	0.0258627858628	0.306153846154	0.996424116424	0.306153846154
BRD-K13999467	0.34126654238532694		0.0250311850312	0.974968814969	0.0250311850312	0.306153846154	0.996424116424	0.306153846154
SZ4TA2	0.34269786846419475		0.0243243243243	0.975675675676	0.0243243243243	0.306153846154	0.996424116424	0.306153846154
ML050	0.3429064575857161		0.024158004158	0.975841995842	0.024158004158	0.306153846154	0.996424116424	0.306153846154
BRD-K88742110	0.3436853006318969		0.0238253638254	0.976174636175	0.0238253638254	0.306153846154	0.996424116424	0.306153846154
BMS-195614	0.3450343921796066		0.0229106029106	0.977089397089	0.0229106029106	0.306153846154	0.996424116424	0.306153846154
ETP-46464	0.3466871936504404		0.022079002079	0.977920997921	0.022079002079	0.306153846154	0.996424116424	0.306153846154
ruxolitinib	0.3473223416784045		0.0217047817048	0.978295218295	0.0217047817048	0.306153846154	0.996424116424	0.306153846154
chlorambucil	0.3487942575785241		0.0212058212058	0.978794178794	0.0212058212058	0.306153846154	0.996424116424	0.306153846154
QS-11	0.350528729039501		0.0203326403326	0.979667359667	0.0203326403326	0.306153846154	0.996424116424	0.306153846154
trametinib	0.3513924299156109		0.0198336798337	0.980166320166	0.0198336798337	0.306153846154	0.996424116424	0.306153846154
lovastatin	0.3516808167994855		0.0197089397089	0.980291060291	0.0197089397089	0.306153846154	0.996424116424	0.306153846154
ML239	0.3562174385128964		0.0174636174636	0.982536382536	0.0174636174636	0.306153846154	0.996424116424	0.306153846154
palmostatin B	0.3567210554019052		0.0172141372141	0.982785862786	0.0172141372141	0.306153846154	0.996424116424	0.306153846154
isoliquiritigenin	0.35672337676046967		0.0172141372141	0.982785862786	0.0172141372141	0.306153846154	0.996424116424	0.306153846154
BRD-K51490254	0.35672906076988087		0.0172141372141	0.982785862786	0.0172141372141	0.306153846154	0.996424116424	0.306153846154
PLX-4032	0.35711523178359367	0.02601556058148148	0.0170478170478	0.982952182952	0.0170478170478	0.306153846154	0.996424116424	0.306153846154
BRD-K30748066	0.3595866104281777	0.09397961985960346	0.015841995842	0.984158004158	0.015841995842	0.306153846154	0.996424116424	0.306153846154
BRD-K42260513	0.36270244684595215	0.10591992195216203	0.0147609147609	0.985239085239	0.0147609147609	0.306153846154	0.996424116424	0.306153846154
BRD-K51831558	0.3636265857045353	0.08787253201831859	0.0145114345114	0.985488565489	0.0145114345114	0.306153846154	0.996424116424	0.306153846154
neopeltolide	0.3671335335350498	0.020593580990559024	0.0131808731809	0.986819126819	0.0131808731809	0.306153846154	0.996424116424	0.306153846154
compound 1B	0.36922555096618576	0.10988365327113582	0.0123908523909	0.987609147609	0.0123908523909	0.306153846154	0.996424116424	0.306153846154
AZD4547	0.3699244690453069	0.0180501085662333	0.0122661122661	0.987733887734	0.0122661122661	0.306153846154	0.996424116424	0.306153846154
KW-2449	0.3702683060004471	0.01550400939313426	0.0122245322245	0.987775467775	0.0122245322245	0.306153846154	0.996424116424	0.306153846154
GSK2636771	0.3723524354864715	0.0519416221934726	0.0114760914761	0.988523908524	0.0114760914761	0.306153846154	0.996424116424	0.306153846154
marinopyrrole A	0.37324150946410045	0.0800489144854695	0.011185031185	0.988814968815	0.011185031185	0.306153846154	0.996424116424	0.306153846154
ML334 diastereomer	0.37568962871196543	0.09293554796250546	0.0107276507277	0.989272349272	0.0107276507277	0.306153846154	0.996424116424	0.306153846154
fluvastatin	0.37679380001714236	0.01599978480665642	0.0103118503119	0.989688149688	0.0103118503119	0.306153846154	0.996424116424	0.306153846154
tubastatin A	0.38402403062372864	0.10598933083392194	0.00856548856549	0.991434511435	0.00856548856549	0.306153846154	0.996424116424	0.306153846154
PLX-4720	0.3917831828111176	0.026978390520782068	0.00744282744283	0.992557172557	0.00744282744283	0.306153846154	0.996424116424	0.306153846154
dabrafenib	0.4048887001707391	0.023270810745940555	0.00611226611227	0.993887733888	0.00611226611227	0.306153846154	0.996424116424	0.306153846154
BRD-K34485477	0.40978674029530937	0.06242338037245155	0.00540540540541	0.994594594595	0.00540540540541	0.306153846154	0.996424116424	0.306153846154
isonicotinohydroxamic acid	0.413275494729818	0.028110349001136525	0.00494802494802	0.995051975052	0.00494802494802	0.306153846154	0.996424116424	0.306153846154
BRD-K99006945	0.41426772808117496	0.0514160653520019	0.00482328482328	0.995176715177	0.00482328482328	0.306153846154	0.996424116424	0.306153846154
VX-680	0.42725037787672904	0.061236124498707536	0.00399168399168	0.996008316008	0.00399168399168	0.306153846154	0.996424116424	0.306153846154
staurosporine	0.4311533284000716	0.018137811773545495	0.00357588357588	0.996424116424	0.00357588357588	0.306153846154	0.996424116424	0.306153846154
