	score	0.95 moe	p-value (forward)	p-value (reverse)	p-value	fdr (forward)	fdr (reverse)	fdr
GSK-J4	-0.5679737537592923	0.036442819696488264	1.0	4.158004158004158e-05	4.158004158004158e-05	1.0	0.01	0.01
VX-680	-0.5274705991155082	0.032768943538108046	0.999958419958	4.158004158e-05	4.158004158e-05	1.0	0.01	0.01
linsitinib	-0.4614351546577815	0.06252200860090691	0.998253638254	0.00174636174636	0.00174636174636	1.0	0.198064516129	0.198064516129
BRD-K01737880	-0.4422203572016915	0.03620215367271734	0.996465696466	0.0035343035343	0.0035343035343	1.0	0.198064516129	0.198064516129
sotrastaurin	-0.44054051101007075	0.11319382610906288	0.996216216216	0.00378378378378	0.00378378378378	1.0	0.198064516129	0.198064516129
BRD-K88742110	-0.4379809296931542	0.010409863725103273	0.995966735967	0.00403326403326	0.00403326403326	1.0	0.198064516129	0.198064516129
olaparib	-0.4292437623011494	0.013183155228093843	0.994511434511	0.00548856548857	0.00548856548857	1.0	0.198064516129	0.198064516129
BRD-K42260513	-0.4279862643511721	0.14447199005925782	0.994345114345	0.00565488565489	0.00565488565489	1.0	0.198064516129	0.198064516129
ML239	-0.4272464552331025	0.024881141358679103	0.994137214137	0.00586278586279	0.00586278586279	1.0	0.198064516129	0.198064516129
tivantinib	-0.4266296998954796	0.016977499593652308	0.994095634096	0.00590436590437	0.00590436590437	1.0	0.198064516129	0.198064516129
CIL70	-0.4262128193562232	0.059179238177371835	0.994054054054	0.00594594594595	0.00594594594595	1.0	0.198064516129	0.198064516129
IU1	-0.42594186823237123	0.015637027829423184	0.994054054054	0.00594594594595	0.00594594594595	1.0	0.198064516129	0.198064516129
chlorambucil	-0.4246857728883605	0.01664561125476602	0.993846153846	0.00615384615385	0.00615384615385	1.0	0.198064516129	0.198064516129
YM-155	-0.4243480470429331	0.016482837343955965	0.993721413721	0.00627858627859	0.00627858627859	1.0	0.198064516129	0.198064516129
barasertib	-0.42205930375425427	0.018778251436277395	0.993097713098	0.00690228690229	0.00690228690229	1.0	0.198064516129	0.198064516129
axitinib	-0.4220310765512826	0.012071377745867064	0.993097713098	0.00690228690229	0.00690228690229	1.0	0.198064516129	0.198064516129
SR8278	-0.421194689842433	0.03083139117580822	0.992972972973	0.00702702702703	0.00702702702703	1.0	0.198064516129	0.198064516129
indisulam	-0.4140260689117996	0.016097512284854808	0.991185031185	0.00881496881497	0.00881496881497	1.0	0.198064516129	0.198064516129
BRD-K02251932	-0.4139504476302853	0.13575374827391368	0.991143451143	0.00885654885655	0.00885654885655	1.0	0.198064516129	0.198064516129
marinopyrrole A	-0.4133347598865774	0.015535748334692807	0.991018711019	0.00898128898129	0.00898128898129	1.0	0.198064516129	0.198064516129
BMS-195614	-0.413058463664001		0.991018711019	0.00898128898129	0.00898128898129	1.0	0.198064516129	0.198064516129
skepinone-L	-0.4105763021499653		0.99027027027	0.00972972972973	0.00972972972973	1.0	0.198064516129	0.198064516129
ML050	-0.4090670561200913		0.98972972973	0.0102702702703	0.0102702702703	1.0	0.198064516129	0.198064516129
cediranib	-0.4079061364505231		0.98948024948	0.0105197505198	0.0105197505198	1.0	0.198064516129	0.198064516129
AT-406	-0.4066618532886551		0.989022869023	0.0109771309771	0.0109771309771	1.0	0.198064516129	0.198064516129
BRD-K51490254	-0.40651544606562773		0.988981288981	0.0110187110187	0.0110187110187	1.0	0.198064516129	0.198064516129
BRD-K92856060	-0.4038467642025594		0.988191268191	0.0118087318087	0.0118087318087	1.0	0.198064516129	0.198064516129
BRD-K29086754	-0.4036004474807598		0.988066528067	0.0119334719335	0.0119334719335	1.0	0.198064516129	0.198064516129
serdemetan	-0.40352576846656524		0.988024948025	0.0119750519751	0.0119750519751	1.0	0.198064516129	0.198064516129
lenvatinib	-0.4014793769440474		0.987276507277	0.0127234927235	0.0127234927235	1.0	0.198064516129	0.198064516129
omacetaxine mepesuccinate	-0.401003066695036		0.987234927235	0.0127650727651	0.0127650727651	1.0	0.198064516129	0.198064516129
foretinib	-0.39823855871929853		0.986029106029	0.0139708939709	0.0139708939709	1.0	0.200857142857	0.200857142857
RG-108	-0.39756676276506586		0.985613305613	0.0143866943867	0.0143866943867	1.0	0.200857142857	0.200857142857
LY-2183240	-0.39712556760690404		0.985322245322	0.0146777546778	0.0146777546778	1.0	0.200857142857	0.200857142857
PF-3758309	-0.3961075053949004		0.984906444906	0.0150935550936	0.0150935550936	1.0	0.200857142857	0.200857142857
KW-2449	-0.39495400783979934		0.984324324324	0.0156756756757	0.0156756756757	1.0	0.200857142857	0.200857142857
cytarabine hydrochloride	-0.39285841996798904		0.98340956341	0.0165904365904	0.0165904365904	1.0	0.200857142857	0.200857142857
STF-31	-0.3925697480713894		0.983284823285	0.0167151767152	0.0167151767152	1.0	0.200857142857	0.200857142857
BI-2536	-0.3907188558502535		0.982203742204	0.0177962577963	0.0177962577963	1.0	0.200857142857	0.200857142857
BRD-K30748066	-0.39039367598835967		0.982120582121	0.0178794178794	0.0178794178794	1.0	0.200857142857	0.200857142857
GMX-1778	-0.38866366943337766		0.981164241164	0.0188357588358	0.0188357588358	1.0	0.200857142857	0.200857142857
NSC48300	-0.3885036783639521		0.981122661123	0.0188773388773	0.0188773388773	1.0	0.200857142857	0.200857142857
tubastatin A	-0.38704380393687765		0.980748440748	0.0192515592516	0.0192515592516	1.0	0.200857142857	0.200857142857
Repligen 136	-0.38680103924418396		0.980623700624	0.0193762993763	0.0193762993763	1.0	0.200857142857	0.200857142857
tipifarnib-P1	-0.38675873418621015		0.980623700624	0.0193762993763	0.0193762993763	1.0	0.200857142857	0.200857142857
MLN2480	-0.3867406335165711		0.980623700624	0.0193762993763	0.0193762993763	1.0	0.200857142857	0.200857142857
SB-225002	-0.385243827460914		0.980083160083	0.0199168399168	0.0199168399168	1.0	0.200857142857	0.200857142857
brivanib	-0.383057263118059		0.979043659044	0.0209563409563	0.0209563409563	1.0	0.200857142857	0.200857142857
MGCD-265	-0.38107246853651455		0.977962577963	0.0220374220374	0.0220374220374	1.0	0.200857142857	0.200857142857
BRD1835	-0.37905524152604686		0.977006237006	0.0229937629938	0.0229937629938	1.0	0.200857142857	0.200857142857
Mdivi-1	-0.37882720697138733		0.977006237006	0.0229937629938	0.0229937629938	1.0	0.200857142857	0.200857142857
niclosamide	-0.3784671610869664		0.976756756757	0.0232432432432	0.0232432432432	1.0	0.200857142857	0.200857142857
pazopanib	-0.37831586258653543		0.976673596674	0.0233264033264	0.0233264033264	1.0	0.200857142857	0.200857142857
necrostatin-1	-0.37761280439572825		0.976091476091	0.0239085239085	0.0239085239085	1.0	0.200857142857	0.200857142857
RITA	-0.3774662667388502		0.976008316008	0.0239916839917	0.0239916839917	1.0	0.200857142857	0.200857142857
linifanib	-0.37720435053184387		0.9758004158	0.0241995841996	0.0241995841996	1.0	0.200857142857	0.200857142857
16-beta-bromoandrosterone	-0.3769988775139449		0.975675675676	0.0243243243243	0.0243243243243	1.0	0.200857142857	0.200857142857
necrostatin-7	-0.37672809924094286		0.975634095634	0.0243659043659	0.0243659043659	1.0	0.200857142857	0.200857142857
BRD-K26531177	-0.37549746376285037		0.974844074844	0.0251559251559	0.0251559251559	1.0	0.200857142857	0.200857142857
PHA-793887	-0.37450437477378823		0.974054054054	0.0259459459459	0.0259459459459	1.0	0.200857142857	0.200857142857
CAY10618	-0.37415855501249523		0.973887733888	0.0261122661123	0.0261122661123	1.0	0.200857142857	0.200857142857
OSI-930	-0.3740302734467467		0.973846153846	0.0261538461538	0.0261538461538	1.0	0.200857142857	0.200857142857
sorafenib	-0.3735184424451205		0.973471933472	0.0265280665281	0.0265280665281	1.0	0.200857142857	0.200857142857
alisertib	-0.3727729005560087		0.973139293139	0.0268607068607	0.0268607068607	1.0	0.200857142857	0.200857142857
CBB-1007	-0.3708055120086278		0.972016632017	0.0279833679834	0.0279833679834	1.0	0.200857142857	0.200857142857
ceranib-2	-0.37054777533859323		0.971891891892	0.0281081081081	0.0281081081081	1.0	0.200857142857	0.200857142857
phloretin	-0.37049350364587885		0.971808731809	0.0281912681913	0.0281912681913	1.0	0.200857142857	0.200857142857
imatinib	-0.3698944719374708		0.971392931393	0.0286070686071	0.0286070686071	1.0	0.200857142857	0.200857142857
MST-312	-0.3691861268507044		0.970769230769	0.0292307692308	0.0292307692308	1.0	0.200857142857	0.200857142857
GSK461364	-0.36917810095278536		0.970769230769	0.0292307692308	0.0292307692308	1.0	0.200857142857	0.200857142857
JW-74	-0.3681220023762301		0.969979209979	0.0300207900208	0.0300207900208	1.0	0.20338028169	0.20338028169
dinaciclib	-0.3677041126828437		0.96948024948	0.0305197505198	0.0305197505198	1.0	0.203888888889	0.203888888889
BRD-K28456706	-0.36662258195953146		0.968773388773	0.0312266112266	0.0312266112266	1.0	0.205753424658	0.205753424658
itraconazole	-0.36615307900027844		0.968316008316	0.031683991684	0.031683991684	1.0	0.205945945946	0.205945945946
pitstop2	-0.3646910698521024		0.966902286902	0.0330977130977	0.0330977130977	1.0	0.209736842105	0.209736842105
thalidomide	-0.3645367304532711		0.966860706861	0.0331392931393	0.0331392931393	1.0	0.209736842105	0.209736842105
tretinoin	-0.36279380799613387		0.965197505198	0.0348024948025	0.0348024948025	1.0	0.2145	0.2145
BRD-K41597374	-0.3621625206802011		0.964407484407	0.0355925155925	0.0355925155925	1.0	0.2145	0.2145
isoliquiritigenin	-0.36206260226343906		0.964365904366	0.0356340956341	0.0356340956341	1.0	0.2145	0.2145
XL765	-0.36197228975789847		0.964324324324	0.0356756756757	0.0356756756757	1.0	0.2145	0.2145
tacrolimus	-0.36134726301391656		0.963700623701	0.0362993762994	0.0362993762994	1.0	0.215555555556	0.215555555556
alvocidib	-0.35963391901072933		0.962286902287	0.0377130977131	0.0377130977131	1.0	0.220652173913	0.220652173913
daporinad	-0.35841217124569696		0.96103950104	0.0389604989605	0.0389604989605	1.0	0.220652173913	0.220652173913
BRD-K13999467	-0.35806041043398257		0.960706860707	0.0392931392931	0.0392931392931	1.0	0.220652173913	0.220652173913
tivozanib	-0.3566148780329561		0.959584199584	0.0404158004158	0.0404158004158	1.0	0.220652173913	0.220652173913
BRD-M00053801	-0.3564158483666907		0.959334719335	0.0406652806653	0.0406652806653	1.0	0.220652173913	0.220652173913
SB-431542	-0.3562493532319497		0.959251559252	0.0407484407484	0.0407484407484	1.0	0.220652173913	0.220652173913
BMS-270394	-0.3559249226212181		0.958835758836	0.0411642411642	0.0411642411642	1.0	0.220652173913	0.220652173913
ABT-199	-0.35566366761962415		0.958627858628	0.0413721413721	0.0413721413721	1.0	0.220652173913	0.220652173913
Compound 1541A	-0.35535725116558786		0.958253638254	0.0417463617464	0.0417463617464	1.0	0.220652173913	0.220652173913
ouabain	-0.3549573810432148		0.957837837838	0.0421621621622	0.0421621621622	1.0	0.220652173913	0.220652173913
ruxolitinib	-0.3548157365862284		0.957796257796	0.0422037422037	0.0422037422037	1.0	0.220652173913	0.220652173913
JW-55	-0.3533644114590192		0.956174636175	0.0438253638254	0.0438253638254	1.0	0.220792079208	0.220792079208
pifithrin-mu	-0.35314131938215276		0.955841995842	0.044158004158	0.044158004158	1.0	0.220792079208	0.220792079208
MG-132	-0.35277950569638405		0.955343035343	0.044656964657	0.044656964657	1.0	0.220792079208	0.220792079208
neopeltolide	-0.3527189099171787		0.955301455301	0.0446985446985	0.0446985446985	1.0	0.220792079208	0.220792079208
CIL41	-0.35236588072394903		0.954636174636	0.0453638253638	0.0453638253638	1.0	0.220792079208	0.220792079208
SR1001	-0.3522751154346166		0.954636174636	0.0453638253638	0.0453638253638	1.0	0.220792079208	0.220792079208
SZ4TA2	-0.35217726016649564		0.954428274428	0.0455717255717	0.0455717255717	1.0	0.220792079208	0.220792079208
ML029	-0.3515524040054115		0.953846153846	0.0461538461538	0.0461538461538	1.0	0.220792079208	0.220792079208
SU11274	-0.3514826424560412		0.953638253638	0.0463617463617	0.0463617463617	1.0	0.220792079208	0.220792079208
bendamustine	-0.35032709535041323		0.952598752599	0.0474012474012	0.0474012474012	1.0	0.221359223301	0.221359223301
PF-750	-0.3502712827951231		0.952598752599	0.0474012474012	0.0474012474012	1.0	0.221359223301	0.221359223301
BRD-K35604418	-0.3493690279962246		0.951725571726	0.0482744282744	0.0482744282744	1.0	0.223269230769	0.223269230769
AZD4547	-0.3484940799863288		0.950561330561	0.0494386694387	0.0494386694387	1.0	0.226476190476	0.226476190476
isonicotinohydroxamic acid	-0.347629399262681		0.948898128898	0.0511018711019	0.0511018711019	1.0	0.231886792453	0.231886792453
istradefylline	-0.3471518043955377		0.948108108108	0.0518918918919	0.0518918918919	1.0	0.233271028037	0.233271028037
ETP-46464	-0.3462152934191351		0.946902286902	0.0530977130977	0.0530977130977	1.0	0.236481481481	0.236481481481
zebularine	-0.34562028072670514		0.94632016632	0.0536798336798	0.0536798336798	1.0	0.236880733945	0.236880733945
belinostat	-0.34447917177198		0.945114345114	0.0548856548857	0.0548856548857	1.0	0.238584070796	0.238584070796
vincristine	-0.34383362152939206		0.944033264033	0.0559667359667	0.0559667359667	1.0	0.238584070796	0.238584070796
BRD-K29313308	-0.34373197470546246		0.943991683992	0.0560083160083	0.0560083160083	1.0	0.238584070796	0.238584070796
BRD-A71883111	-0.3436723779479947		0.94395010395	0.0560498960499	0.0560498960499	1.0	0.238584070796	0.238584070796
ML311	-0.34270268333978277		0.942536382536	0.0574636174636	0.0574636174636	1.0	0.242456140351	0.242456140351
epigallocatechin-3-monogallate	-0.34159941552422457		0.940873180873	0.0591268191268	0.0591268191268	1.0	0.247304347826	0.247304347826
NSC 74859	-0.3394903032864181		0.938627858628	0.0613721413721	0.0613721413721	1.0	0.254017094017	0.254017094017
PRL-3 inhibitor I	-0.3391691739862115		0.938212058212	0.0617879417879	0.0617879417879	1.0	0.254017094017	0.254017094017
MI-2	-0.3386629063879271		0.93762993763	0.0623700623701	0.0623700623701	1.0	0.254237288136	0.254237288136
avrainvillamide	-0.33819577201728734		0.93683991684	0.0631600831601	0.0631600831601	1.0	0.254333333333	0.254333333333
AZD7545	-0.33798385869816194		0.936548856549	0.0634511434511	0.0634511434511	1.0	0.254333333333	0.254333333333
tacedinaline	-0.33599103198646113		0.933638253638	0.0663617463617	0.0663617463617	1.0	0.261951219512	0.261951219512
bexarotene	-0.33558463160706986		0.933056133056	0.0669438669439	0.0669438669439	1.0	0.261951219512	0.261951219512
cabozantinib	-0.3355213151743251		0.933014553015	0.0669854469854	0.0669854469854	1.0	0.261951219512	0.261951219512
elocalcitol	-0.3346151908207671		0.931351351351	0.0686486486486	0.0686486486486	1.0	0.263410852713	0.263410852713
hyperforin	-0.3345149769816819		0.93130977131	0.0686902286902	0.0686902286902	1.0	0.263410852713	0.263410852713
docetaxel	-0.33395230241708745		0.930020790021	0.0699792099792	0.0699792099792	1.0	0.263410852713	0.263410852713
AZD1480	-0.33392525156854774		0.929937629938	0.0700623700624	0.0700623700624	1.0	0.263410852713	0.263410852713
isoevodiamine	-0.33367136424503013		0.929397089397	0.0706029106029	0.0706029106029	1.0	0.263410852713	0.263410852713
SKI-II	-0.3335534987918497		0.929355509356	0.0706444906445	0.0706444906445	1.0	0.263410852713	0.263410852713
968	-0.33238350011092727		0.927151767152	0.0728482328482	0.0728482328482	1.0	0.266818181818	0.266818181818
TW-37	-0.3322040126437268		0.926819126819	0.0731808731809	0.0731808731809	1.0	0.266818181818	0.266818181818
Ki8751	-0.33214668775035666		0.926777546778	0.0732224532225	0.0732224532225	1.0	0.266818181818	0.266818181818
BRD-K61166597	-0.3314504333289056		0.92553014553	0.0744698544699	0.0744698544699	1.0	0.269104477612	0.269104477612
etoposide	-0.33120107266761317		0.925031185031	0.0749688149688	0.0749688149688	1.0	0.269104477612	0.269104477612
HC-067047	-0.3306868063332106		0.9241995842	0.0758004158004	0.0758004158004	1.0	0.269558823529	0.269558823529
BMS-345541	-0.33043664812097095		0.923783783784	0.0762162162162	0.0762162162162	1.0	0.269558823529	0.269558823529
NSC19630	-0.32890816564858266		0.921496881497	0.0785031185031	0.0785031185031	1.0	0.273768115942	0.273768115942
bleomycin A2	-0.32889950354426645		0.921455301455	0.0785446985447	0.0785446985447	1.0	0.273768115942	0.273768115942
BRD-K34099515	-0.3285002784787016		0.92079002079	0.07920997921	0.07920997921	1.0	0.274100719424	0.274100719424
teniposide	-0.32811326088903897		0.920041580042	0.0799584199584	0.0799584199584	1.0	0.274714285714	0.274714285714
ML031	-0.3279156784811214		0.919376299376	0.0806237006237	0.0806237006237	1.0	0.275035460993	0.275035460993
tamoxifen	-0.3267631600164485		0.917089397089	0.0829106029106	0.0829106029106	1.0	0.28	0.28
COL-3	-0.3261622140268826		0.916174636175	0.0838253638254	0.0838253638254	1.0	0.28	0.28
KPT185	-0.32584795541492123		0.915592515593	0.0844074844075	0.0844074844075	1.0	0.28	0.28
staurosporine	-0.32581528934836007		0.915592515593	0.0844074844075	0.0844074844075	1.0	0.28	0.28
triazolothiadiazine	-0.32411097953845236		0.91264033264	0.0873596673597	0.0873596673597	1.0	0.28245398773	0.28245398773
bafilomycin A1	-0.32398877324772757		0.912557172557	0.0874428274428	0.0874428274428	1.0	0.28245398773	0.28245398773
doxorubicin	-0.3235762590629111		0.911975051975	0.0880249480249	0.0880249480249	1.0	0.28245398773	0.28245398773
BRD-K51831558	-0.3230110317259193		0.910893970894	0.089106029106	0.089106029106	1.0	0.28245398773	0.28245398773
KU-0063794	-0.323009928253751		0.910893970894	0.089106029106	0.089106029106	1.0	0.28245398773	0.28245398773
parbendazole	-0.3229796368158304		0.910852390852	0.0891476091476	0.0891476091476	1.0	0.28245398773	0.28245398773
Compound 7d-cis	-0.3225741344437283		0.910311850312	0.0896881496881	0.0896881496881	1.0	0.28245398773	0.28245398773
CIL56	-0.3223082565372291		0.909979209979	0.0900207900208	0.0900207900208	1.0	0.28245398773	0.28245398773
pevonedistat	-0.32186066341796693		0.908898128898	0.0911018711019	0.0911018711019	1.0	0.28245398773	0.28245398773
SCH-79797	-0.3218228028762702		0.908856548857	0.0911434511435	0.0911434511435	1.0	0.28245398773	0.28245398773
A-804598	-0.3214111903757548		0.90814968815	0.0918503118503	0.0918503118503	1.0	0.28245398773	0.28245398773
KU-55933	-0.32112216037736874		0.907609147609	0.0923908523909	0.0923908523909	1.0	0.28245398773	0.28245398773
bardoxolone methyl	-0.3207965564638206		0.906902286902	0.0930977130977	0.0930977130977	1.0	0.28245398773	0.28245398773
gossypol	-0.3200422571468728		0.905613305613	0.0943866943867	0.0943866943867	1.0	0.28245398773	0.28245398773
etomoxir	-0.31952519970910936		0.904781704782	0.0952182952183	0.0952182952183	1.0	0.28245398773	0.28245398773
triptolide	-0.3193500481918714		0.904365904366	0.0956340956341	0.0956340956341	1.0	0.28245398773	0.28245398773
PDMP	-0.31931858630153553		0.904365904366	0.0956340956341	0.0956340956341	1.0	0.28245398773	0.28245398773
BRD-K09344309	-0.3193007085988413		0.904282744283	0.0957172557173	0.0957172557173	1.0	0.28245398773	0.28245398773
PX-12	-0.31871135759239916		0.902785862786	0.0972141372141	0.0972141372141	1.0	0.28313253012	0.28313253012
BRD-K64610608	-0.3186003836812022		0.902286902287	0.0977130977131	0.0977130977131	1.0	0.28313253012	0.28313253012
ISOX	-0.3185880627302569		0.902286902287	0.0977130977131	0.0977130977131	1.0	0.28313253012	0.28313253012
HBX-41108	-0.317418550891782		0.900540540541	0.0994594594595	0.0994594594595	1.0	0.286467065868	0.286467065868
quizartinib	-0.31697781258464597		0.899334719335	0.100665280665	0.100665280665	1.0	0.286705882353	0.286705882353
NVP-BEZ235	-0.31687309314944184		0.899168399168	0.100831600832	0.100831600832	1.0	0.286705882353	0.286705882353
vorinostat	-0.3166430277309677		0.898669438669	0.101330561331	0.101330561331	1.0	0.286705882353	0.286705882353
dacarbazine	-0.31537124093390007		0.895925155925	0.104074844075	0.104074844075	1.0	0.292093023256	0.292093023256
procarbazine	-0.31511953024565803		0.895550935551	0.104449064449	0.104449064449	1.0	0.292093023256	0.292093023256
VAF-347	-0.314638661110342		0.894553014553	0.105446985447	0.105446985447	1.0	0.293179190751	0.293179190751
BRD6340	-0.31368808237032614		0.892848232848	0.107151767152	0.107151767152	1.0	0.294124293785	0.294124293785
PF-573228	-0.3132721670524252		0.89185031185	0.10814968815	0.10814968815	1.0	0.294124293785	0.294124293785
nutlin-3	-0.3132231827865778		0.891808731809	0.108191268191	0.108191268191	1.0	0.294124293785	0.294124293785
tipifarnib-P2	-0.31320749604762965		0.891767151767	0.108232848233	0.108232848233	1.0	0.294124293785	0.294124293785
avicin D	-0.31294855059617266		0.891101871102	0.108898128898	0.108898128898	1.0	0.294269662921	0.294269662921
SB-525334	-0.3121117138792731		0.889022869023	0.110977130977	0.110977130977	1.0	0.29635359116	0.29635359116
nilotinib	-0.3120230243551683		0.888814968815	0.111185031185	0.111185031185	1.0	0.29635359116	0.29635359116
ML006	-0.3119552007595455		0.888482328482	0.111517671518	0.111517671518	1.0	0.29635359116	0.29635359116
JW-480	-0.3115631251905436		0.887775467775	0.112224532225	0.112224532225	1.0	0.296593406593	0.296593406593
PF-184	-0.31057117603214196		0.885945945946	0.114054054054	0.114054054054	1.0	0.299781420765	0.299781420765
NVP-231	-0.3099791845615497		0.884615384615	0.115384615385	0.115384615385	1.0	0.300106382979	0.300106382979
BRD9647	-0.30994130124818525		0.884490644491	0.115509355509	0.115509355509	1.0	0.300106382979	0.300106382979
lomeguatrib	-0.3093473248444631		0.882993762994	0.117006237006	0.117006237006	1.0	0.300106382979	0.300106382979
TG-100-115	-0.30920978821536654		0.882744282744	0.117255717256	0.117255717256	1.0	0.300106382979	0.300106382979
NSC23766	-0.3091917931908036		0.882702702703	0.117297297297	0.117297297297	1.0	0.300106382979	0.300106382979
tandutinib	-0.3088346559157908		0.881746361746	0.118253638254	0.118253638254	1.0	0.300628272251	0.300628272251
nakiterpiosin	-0.3086147676182278		0.881081081081	0.118918918919	0.118918918919	1.0	0.300628272251	0.300628272251
sunitinib	-0.3083140227586158		0.880623700624	0.119376299376	0.119376299376	1.0	0.300628272251	0.300628272251
BRD-K97651142	-0.3079964483828279		0.879708939709	0.120291060291	0.120291060291	1.0	0.300927835052	0.300927835052
manumycin A	-0.30757135343076225		0.878711018711	0.121288981289	0.121288981289	1.0	0.300927835052	0.300927835052
CAY10576	-0.30749146056264803		0.878627858628	0.121372141372	0.121372141372	1.0	0.300927835052	0.300927835052
necrosulfonamide	-0.3071907689632725		0.87762993763	0.12237006237	0.12237006237	1.0	0.301846153846	0.301846153846
CCT036477	-0.30651042737826995		0.876133056133	0.123866943867	0.123866943867	1.0	0.302713567839	0.302713567839
BRD-K70511574	-0.3061932681504985		0.875426195426	0.124573804574	0.124573804574	1.0	0.302713567839	0.302713567839
BRD-K34222889	-0.3060596770481789		0.87525987526	0.12474012474	0.12474012474	1.0	0.302713567839	0.302713567839
BRD-K96431673	-0.3058940146802613		0.874760914761	0.125239085239	0.125239085239	1.0	0.302713567839	0.302713567839
ciclopirox	-0.3053289071578755		0.873638253638	0.126361746362	0.126361746362	1.0	0.3039	0.3039
KX2-391	-0.3042572207976337		0.871268191268	0.128731808732	0.128731808732	1.0	0.308059701493	0.308059701493
methylstat	-0.30359185608453504		0.869313929314	0.130686070686	0.130686070686	1.0	0.311188118812	0.311188118812
gemcitabine	-0.3031528238480064		0.868316008316	0.131683991684	0.131683991684	1.0	0.311747572816	0.311747572816
SN-38	-0.30250667530595005		0.867401247401	0.132598752599	0.132598752599	1.0	0.311747572816	0.311747572816
QW-BI-011	-0.30238094384214015		0.867027027027	0.132972972973	0.132972972973	1.0	0.311747572816	0.311747572816
BRD-K16147474	-0.3021094379771194		0.866486486486	0.133513513514	0.133513513514	1.0	0.311747572816	0.311747572816
curcumin	-0.3006742498744544		0.86340956341	0.13659043659	0.13659043659	1.0	0.315311004785	0.315311004785
mitomycin	-0.3004495089444943		0.862993762994	0.137006237006	0.137006237006	1.0	0.315311004785	0.315311004785
ifosfamide	-0.30041671020037325		0.862993762994	0.137006237006	0.137006237006	1.0	0.315311004785	0.315311004785
BRD-K66453893	-0.2998577158975814		0.861330561331	0.138669438669	0.138669438669	1.0	0.315462962963	0.315462962963
PL-DI	-0.29925912456410547		0.860166320166	0.139833679834	0.139833679834	1.0	0.315462962963	0.315462962963
BRD-K85133207	-0.29914173305046804		0.859875259875	0.140124740125	0.140124740125	1.0	0.315462962963	0.315462962963
MK-2206	-0.29877282822074736		0.859334719335	0.140665280665	0.140665280665	1.0	0.315462962963	0.315462962963
DBeQ	-0.2986886434939872		0.858918918919	0.141081081081	0.141081081081	1.0	0.315462962963	0.315462962963
valdecoxib	-0.29860546273892763		0.858586278586	0.141413721414	0.141413721414	1.0	0.315462962963	0.315462962963
decitabine	-0.29851999919148453		0.858336798337	0.141663201663	0.141663201663	1.0	0.315462962963	0.315462962963
nintedanib	-0.2982870283225153		0.857588357588	0.142411642412	0.142411642412	1.0	0.315668202765	0.315668202765
NPC-26	-0.2976984706317433		0.856340956341	0.143659043659	0.143659043659	1.0	0.316972477064	0.316972477064
BIBR-1532	-0.2972781724129921		0.855426195426	0.144573804574	0.144573804574	1.0	0.317466063348	0.317466063348
3-Cl-AHPC	-0.29697022809118906		0.854719334719	0.145280665281	0.145280665281	1.0	0.317466063348	0.317466063348
topotecan	-0.2967410953061349		0.854137214137	0.145862785863	0.145862785863	1.0	0.317466063348	0.317466063348
momelotinib	-0.29570551883469787		0.851642411642	0.148357588358	0.148357588358	1.0	0.321441441441	0.321441441441
PI-103	-0.2951026061160776		0.850103950104	0.149896049896	0.149896049896	1.0	0.322766798419	0.322766798419
FQI-2	-0.29475406693219774		0.849189189189	0.150810810811	0.150810810811	1.0	0.322766798419	0.322766798419
darinaparsin	-0.29464686837598475		0.848981288981	0.151018711019	0.151018711019	1.0	0.322766798419	0.322766798419
N9-isopropylolomoucine	-0.29411437940486435		0.847650727651	0.152349272349	0.152349272349	1.0	0.322766798419	0.322766798419
QS-11	-0.29356549287474204		0.846237006237	0.153762993763	0.153762993763	1.0	0.322766798419	0.322766798419
VU0155056	-0.2933314814099261		0.845945945946	0.154054054054	0.154054054054	1.0	0.322766798419	0.322766798419
BRD-A86708339	-0.29273648435097527		0.844573804574	0.155426195426	0.155426195426	1.0	0.322766798419	0.322766798419
pifithrin-alpha	-0.29249903669468463		0.843908523909	0.156091476091	0.156091476091	1.0	0.322766798419	0.322766798419
regorafenib	-0.292356643783396		0.843575883576	0.156424116424	0.156424116424	1.0	0.322766798419	0.322766798419
rigosertib	-0.2923016508622554		0.84340956341	0.15659043659	0.15659043659	1.0	0.322766798419	0.322766798419
tosedostat	-0.29177958909159785		0.841871101871	0.158128898129	0.158128898129	1.0	0.322766798419	0.322766798419
KHS101	-0.29143208671911075		0.841122661123	0.158877338877	0.158877338877	1.0	0.322766798419	0.322766798419
erismodegib	-0.2914222004836498		0.841081081081	0.158918918919	0.158918918919	1.0	0.322766798419	0.322766798419
BRD-K96970199	-0.2914187393066766		0.841081081081	0.158918918919	0.158918918919	1.0	0.322766798419	0.322766798419
spautin-1	-0.29051507285627265		0.838586278586	0.161413721414	0.161413721414	1.0	0.322766798419	0.322766798419
AA-COCF3	-0.28999727068177594		0.837089397089	0.162910602911	0.162910602911	1.0	0.322766798419	0.322766798419
cerulenin	-0.2898000951448474		0.836673596674	0.163326403326	0.163326403326	1.0	0.322766798419	0.322766798419
ML258	-0.28979905134707384		0.836673596674	0.163326403326	0.163326403326	1.0	0.322766798419	0.322766798419
BRD-K78574327	-0.28946221600866995		0.835550935551	0.164449064449	0.164449064449	1.0	0.322766798419	0.322766798419
BRD-A94377914	-0.2891320829084356		0.834594594595	0.165405405405	0.165405405405	1.0	0.322766798419	0.322766798419
cyanoquinoline 11	-0.28890334772311427		0.834137214137	0.165862785863	0.165862785863	1.0	0.322766798419	0.322766798419
BRD-A02303741	-0.2886285723714521		0.833721413721	0.166278586279	0.166278586279	1.0	0.322766798419	0.322766798419
BRD-K55116708	-0.2885542862371591		0.833513513514	0.166486486486	0.166486486486	1.0	0.322766798419	0.322766798419
masitinib	-0.2885534416738679		0.833513513514	0.166486486486	0.166486486486	1.0	0.322766798419	0.322766798419
PYR-41	-0.28791447117107705		0.8320997921	0.1679002079	0.1679002079	1.0	0.322766798419	0.322766798419
nelarabine	-0.2878720126546542		0.832016632017	0.167983367983	0.167983367983	1.0	0.322766798419	0.322766798419
apicidin	-0.28778255021686305		0.831891891892	0.168108108108	0.168108108108	1.0	0.322766798419	0.322766798419
sirolimus	-0.28743658277534034		0.830935550936	0.169064449064	0.169064449064	1.0	0.322766798419	0.322766798419
B02	-0.28724959380302323		0.830644490644	0.169355509356	0.169355509356	1.0	0.322766798419	0.322766798419
tanespimycin	-0.2871665231321339		0.830436590437	0.169563409563	0.169563409563	1.0	0.322766798419	0.322766798419
AT13387	-0.2870494446910282		0.830228690229	0.169771309771	0.169771309771	1.0	0.322766798419	0.322766798419
methotrexate	-0.28670867270497424		0.829521829522	0.170478170478	0.170478170478	1.0	0.322834645669	0.322834645669
ML162	-0.28528025902417115		0.82577962578	0.17422037422	0.17422037422	1.0	0.324324324324	0.324324324324
erastin	-0.2852504355887953		0.825738045738	0.174261954262	0.174261954262	1.0	0.324324324324	0.324324324324
BYL-719	-0.28516931308821103		0.825446985447	0.174553014553	0.174553014553	1.0	0.324324324324	0.324324324324
pandacostat	-0.2851375908257391		0.825363825364	0.174636174636	0.174636174636	1.0	0.324324324324	0.324324324324
narciclasine	-0.28513451572587944		0.825363825364	0.174636174636	0.174636174636	1.0	0.324324324324	0.324324324324
fluvastatin	-0.2843778586449958		0.823243243243	0.176756756757	0.176756756757	1.0	0.327	0.327
leptomycin B	-0.28347647843507123		0.820997920998	0.179002079002	0.179002079002	1.0	0.328507462687	0.328507462687
Merck60	-0.28275621201111095		0.81896049896	0.18103950104	0.18103950104	1.0	0.328507462687	0.328507462687
crizotinib	-0.28249806706337816		0.818045738046	0.181954261954	0.181954261954	1.0	0.328507462687	0.328507462687
oligomycin A	-0.2824032567976902		0.817879417879	0.182120582121	0.182120582121	1.0	0.328507462687	0.328507462687
GW-843682X	-0.282296315621925		0.817588357588	0.182411642412	0.182411642412	1.0	0.328507462687	0.328507462687
BRD1812	-0.2821029509038915		0.817463617464	0.182536382536	0.182536382536	1.0	0.328507462687	0.328507462687
SID 26681509	-0.28188190703185306		0.817214137214	0.182785862786	0.182785862786	1.0	0.328507462687	0.328507462687
SR-II-138A	-0.2817510971114207		0.816964656965	0.183035343035	0.183035343035	1.0	0.328507462687	0.328507462687
YK 4-279	-0.2812676565212021		0.815966735967	0.184033264033	0.184033264033	1.0	0.328518518519	0.328518518519
Ko-143	-0.2811820134669622		0.815592515593	0.184407484407	0.184407484407	1.0	0.328518518519	0.328518518519
NSC95397	-0.28063411728783877		0.814386694387	0.185613305613	0.185613305613	1.0	0.329446494465	0.329446494465
WP1130	-0.27945254590133783		0.811434511435	0.188565488565	0.188565488565	1.0	0.333455882353	0.333455882353
CHM-1	-0.2778530790301321		0.807234927235	0.192765072765	0.192765072765	1.0	0.339054545455	0.339054545455
piperlongumine	-0.27761962708455884		0.806777546778	0.193222453222	0.193222453222	1.0	0.339054545455	0.339054545455
importazole	-0.2774018510263707		0.806153846154	0.193846153846	0.193846153846	1.0	0.339054545455	0.339054545455
IPR-456	-0.2765634007784735		0.804365904366	0.195634095634	0.195634095634	1.0	0.340144404332	0.340144404332
BRD-K45681478	-0.27639438540534544		0.804116424116	0.195883575884	0.195883575884	1.0	0.340144404332	0.340144404332
OSI-027	-0.2756233818556779		0.80261954262	0.19738045738	0.19738045738	1.0	0.340286738351	0.340286738351
MK-1775	-0.2756109628916242		0.80261954262	0.19738045738	0.19738045738	1.0	0.340286738351	0.340286738351
azacitidine	-0.27525230696237574		0.801538461538	0.198461538462	0.198461538462	1.0	0.340928571429	0.340928571429
BRD-K80183349	-0.2735966844015532		0.796340956341	0.203659043659	0.203659043659	1.0	0.347844522968	0.347844522968
CD-1530	-0.2733193754876116		0.795467775468	0.204532224532	0.204532224532	1.0	0.347844522968	0.347844522968
CR-1-31B	-0.2732705765760213		0.795343035343	0.204656964657	0.204656964657	1.0	0.347844522968	0.347844522968
clofarabine	-0.27255597825531885		0.793762993763	0.206237006237	0.206237006237	1.0	0.349295774648	0.349295774648
BRD-K37390332	-0.27202371660050595		0.7920997921	0.2079002079	0.2079002079	1.0	0.350069444444	0.350069444444
BMS-754807	-0.2717605460957011		0.791683991684	0.208316008316	0.208316008316	1.0	0.350069444444	0.350069444444
paclitaxel	-0.27151214093754666		0.790977130977	0.209022869023	0.209022869023	1.0	0.350069444444	0.350069444444
BRD-K34485477	-0.2712916139018933		0.790395010395	0.209604989605	0.209604989605	1.0	0.350069444444	0.350069444444
NSC632839	-0.2709517764358963		0.789563409563	0.210436590437	0.210436590437	1.0	0.350242214533	0.350242214533
CD-437	-0.27059371965631024		0.788316008316	0.211683991684	0.211683991684	1.0	0.351103448276	0.351103448276
BIRB-796	-0.269784922247653		0.785987525988	0.214012474012	0.214012474012	1.0	0.353745704467	0.353745704467
SNS-032	-0.26834692631960677		0.782079002079	0.217920997921	0.217920997921	1.0	0.35897260274	0.35897260274
AZ-3146	-0.26772788249699336		0.780498960499	0.219501039501	0.219501039501	1.0	0.360341296928	0.360341296928
GSK525762A	-0.26712663477828713		0.778336798337	0.221663201663	0.221663201663	1.0	0.362169491525	0.362169491525
LBH-589	-0.26699199054978373		0.777879417879	0.222120582121	0.222120582121	1.0	0.362169491525	0.362169491525
vorapaxar	-0.2661213920209312		0.7758004158	0.2241995842	0.2241995842	1.0	0.364324324324	0.364324324324
AT7867	-0.26542844141380884		0.773555093555	0.226444906445	0.226444906445	1.0	0.366734006734	0.366734006734
BRD-K66532283	-0.26489982760155445		0.772016632017	0.227983367983	0.227983367983	1.0	0.367986577181	0.367986577181
AZD7762	-0.26439257469647987		0.770769230769	0.229230769231	0.229230769231	1.0	0.368762541806	0.368762541806
ELCPK	-0.2634814307791032		0.768108108108	0.231891891892	0.231891891892	1.0	0.3718	0.3718
LE-135	-0.26317453711218053		0.767068607069	0.232931392931	0.232931392931	1.0	0.372225913621	0.372225913621
SNX-2112	-0.2627845139261967		0.766070686071	0.233929313929	0.233929313929	1.0	0.372582781457	0.372582781457
FQI-1	-0.26144121812875604		0.761912681913	0.238087318087	0.238087318087	1.0	0.375737704918	0.375737704918
AC55649	-0.2614088232754164		0.761871101871	0.238128898129	0.238128898129	1.0	0.375737704918	0.375737704918
IC-87114	-0.26134571183108585		0.761746361746	0.238253638254	0.238253638254	1.0	0.375737704918	0.375737704918
GSK-3 inhibitor IX	-0.26093153031814814		0.760831600832	0.239168399168	0.239168399168	1.0	0.375947712418	0.375947712418
simvastatin	-0.2600067514361987		0.758461538462	0.241538461538	0.241538461538	1.0	0.378436482085	0.378436482085
SMER-3	-0.25900739011345325		0.755176715177	0.244823284823	0.244823284823	1.0	0.381941747573	0.381941747573
KU-60019	-0.25880484497438744		0.754636174636	0.245363825364	0.245363825364	1.0	0.381941747573	0.381941747573
temsirolimus	-0.25790483452355933		0.751392931393	0.248607068607	0.248607068607	1.0	0.385080385852	0.385080385852
temozolomide	-0.2578032398995945		0.751018711019	0.248981288981	0.248981288981	1.0	0.385080385852	0.385080385852
BRD9876	-0.25690359187113354		0.74814968815	0.25185031185	0.25185031185	1.0	0.388269230769	0.388269230769
PAC-1	-0.25624101947879235		0.746278586279	0.253721413721	0.253721413721	1.0	0.389904153355	0.389904153355
fluorouracil	-0.25512530575645276		0.742162162162	0.257837837838	0.257837837838	1.0	0.394106583072	0.394106583072
CIL55A	-0.25473025107924946		0.74103950104	0.25896049896	0.25896049896	1.0	0.394106583072	0.394106583072
AM-580	-0.2544407122120547		0.740374220374	0.259625779626	0.259625779626	1.0	0.394106583072	0.394106583072
veliparib	-0.2540001373867588		0.739085239085	0.260914760915	0.260914760915	1.0	0.394106583072	0.394106583072
tamatinib	-0.2539288514798778		0.738835758836	0.261164241164	0.261164241164	1.0	0.394106583072	0.394106583072
GSK4112	-0.2538343767580655		0.738627858628	0.261372141372	0.261372141372	1.0	0.394106583072	0.394106583072
purmorphamine	-0.2527276402951286		0.735634095634	0.264365904366	0.264365904366	1.0	0.396323987539	0.396323987539
betulinic acid	-0.25264386957674856		0.735509355509	0.264490644491	0.264490644491	1.0	0.396323987539	0.396323987539
AGK-2	-0.25209479592671047		0.733929313929	0.266070686071	0.266070686071	1.0	0.397453416149	0.397453416149
SRT-1720	-0.2507931684967127		0.730187110187	0.269812889813	0.269812889813	1.0	0.401795665635	0.401795665635
BIX-01294	-0.25003171744081265		0.727983367983	0.272016632017	0.272016632017	1.0	0.403827160494	0.403827160494
SB-743921	-0.24938854144213607		0.726237006237	0.273762993763	0.273762993763	1.0	0.405169230769	0.405169230769
CI-976	-0.24887777612130726		0.72474012474	0.27525987526	0.27525987526	1.0	0.406134969325	0.406134969325
RAF265	-0.24717044978810654		0.719750519751	0.280249480249	0.280249480249	1.0	0.412232415902	0.412232415902
BRD8958	-0.2459694744761604		0.716340956341	0.283659043659	0.283659043659	1.0	0.415975609756	0.415975609756
PRIMA-1	-0.2453186238114118		0.714719334719	0.285280665281	0.285280665281	1.0	0.417082066869	0.417082066869
cytochalasin B	-0.24481231150167596		0.71288981289	0.28711018711	0.28711018711	1.0	0.418484848485	0.418484848485
BRD-K33514849	-0.24353073913811202		0.709106029106	0.290893970894	0.290893970894	1.0	0.422149253731	0.422149253731
AZD8055	-0.24306198415876704		0.707650727651	0.292349272349	0.292349272349	1.0	0.422149253731	0.422149253731
BRD4132	-0.24263658568429824		0.706444906445	0.293555093555	0.293555093555	1.0	0.422149253731	0.422149253731
entinostat	-0.24253629469123628		0.706153846154	0.293846153846	0.293846153846	1.0	0.422149253731	0.422149253731
ZSTK474	-0.24245244909530914		0.705987525988	0.294012474012	0.294012474012	1.0	0.422149253731	0.422149253731
pyrazolanthrone	-0.23973591831472418		0.697172557173	0.302827442827	0.302827442827	1.0	0.433511904762	0.433511904762
VER-155008	-0.2381288237059878		0.692349272349	0.307650727651	0.307650727651	1.0	0.438698224852	0.438698224852
MLN2238	-0.23796474915744112		0.691725571726	0.308274428274	0.308274428274	1.0	0.438698224852	0.438698224852
parthenolide	-0.23742272383033564		0.689688149688	0.310311850312	0.310311850312	1.0	0.440235294118	0.440235294118
silmitasertib	-0.23715353128008754		0.688814968815	0.311185031185	0.311185031185	1.0	0.440235294118	0.440235294118
GW-405833	-0.2364307062297031		0.686278586279	0.313721413721	0.313721413721	1.0	0.442105263158	0.442105263158
Ch-55	-0.2361967305515601		0.685654885655	0.314345114345	0.314345114345	1.0	0.442105263158	0.442105263158
Bax channel blocker	-0.23573198247407595		0.684241164241	0.315758835759	0.315758835759	1.0	0.442798833819	0.442798833819
tigecycline	-0.2341698284748646		0.679085239085	0.320914760915	0.320914760915	1.0	0.448720930233	0.448720930233
BRD-K84807411	-0.23276595822607535		0.675093555094	0.324906444906	0.324906444906	1.0	0.451965317919	0.451965317919
LRRK2-IN-1	-0.2326850645659935		0.674885654886	0.325114345114	0.325114345114	1.0	0.451965317919	0.451965317919
PIK-93	-0.23181214753761348		0.672307692308	0.327692307692	0.327692307692	1.0	0.453868194842	0.453868194842
EX-527	-0.23135206776097939		0.670810810811	0.329189189189	0.329189189189	1.0	0.453868194842	0.453868194842
CID-5951923	-0.23125029777941009		0.670686070686	0.329313929314	0.329313929314	1.0	0.453868194842	0.453868194842
I-BET151	-0.22974943644107845		0.66577962578	0.33422037422	0.33422037422	1.0	0.459314285714	0.459314285714
GDC-0941	-0.2274342298221144		0.65841995842	0.34158004158	0.34158004158	1.0	0.468091168091	0.468091168091
R428	-0.2271699731811738		0.657255717256	0.342744282744	0.342744282744	1.0	0.468352272727	0.468352272727
salermide	-0.22661763449768585		0.655592515593	0.344407484407	0.344407484407	1.0	0.469291784703	0.469291784703
BRD-K30019337	-0.2224288892080885		0.643783783784	0.356216216216	0.356216216216	1.0	0.484011299435	0.484011299435
bortezomib	-0.21873810492113885		0.632765072765	0.367234927235	0.367234927235	1.0	0.497577464789	0.497577464789
NVP-BSK805	-0.2178750056100322		0.630810810811	0.369189189189	0.369189189189	1.0	0.498820224719	0.498820224719
lovastatin	-0.2156004997907357		0.623659043659	0.376340956341	0.376340956341	1.0	0.507019498607	0.507019498607
StemRegenin 1	-0.21516807565402055		0.622453222453	0.377546777547	0.377546777547	1.0	0.507019498607	0.507019498607
prochlorperazine	-0.21485164546709556		0.62158004158	0.37841995842	0.37841995842	1.0	0.507019498607	0.507019498607
neuronal differentiation inducer III	-0.21350836867055886		0.617255717256	0.382744282744	0.382744282744	1.0	0.511388888889	0.511388888889
ML210	-0.21219932491921722		0.614677754678	0.385322245322	0.385322245322	1.0	0.513407202216	0.513407202216
myricetin	-0.2105353518087135		0.60972972973	0.39027027027	0.39027027027	1.0	0.518563535912	0.518563535912
brefeldin A	-0.210127964912106		0.608232848233	0.391767151767	0.391767151767	1.0	0.5191184573	0.5191184573
BRD-K48334597	-0.206881253090902		0.600956340956	0.399043659044	0.399043659044	1.0	0.527307692308	0.527307692308
TPCA-1	-0.20614600432438981		0.599043659044	0.400956340956	0.400956340956	1.0	0.528383561644	0.528383561644
1S,3R-RSL-3	-0.20276357428042716		0.590436590437	0.409563409563	0.409563409563	1.0	0.53825136612	0.53825136612
obatoclax	-0.2013587340447926		0.58735966736	0.41264033264	0.41264033264	1.0	0.540817438692	0.540817438692
JQ-1	-0.19439858042203206		0.572723492723	0.427276507277	0.427276507277	1.0	0.55847826087	0.55847826087
TG-101348	-0.19028324334620975		0.565280665281	0.434719334719	0.434719334719	1.0	0.566666666667	0.566666666667
cucurbitacin I	-0.176148082400175		0.54869022869	0.45130977131	0.45130977131	1.0	0.586702702703	0.586702702703
AZD6482	0.2002879149651038		0.47501039501	0.52498960499	0.47501039501	1.0	0.68064690027	1.0
dexamethasone	0.20661418539343063		0.457255717256	0.542744282744	0.457255717256	1.0	0.700053475936	1.0
fulvestrant	0.2069698465423906		0.456424116424	0.543575883576	0.456424116424	1.0	0.700053475936	1.0
KU 0060648	0.20718239660763968		0.455675675676	0.544324324324	0.455675675676	1.0	0.700053475936	1.0
BRD-K63431240	0.21118365250938528		0.441995841996	0.558004158004	0.441995841996	1.0	0.715733333333	1.0
BMS-536924	0.21749394217974335		0.418544698545	0.581455301455	0.418544698545	1.0	0.743829787234	1.0
BRD-K71935468	0.22198652153514575		0.401954261954	0.598045738046	0.401954261954	1.0	0.763023872679	1.0
LY-2157299	0.22266533263390073		0.399417879418	0.600582120582	0.399417879418	1.0	0.764232804233	1.0
SCH-529074	0.22675559393410435		0.38395010395	0.61604989605	0.38395010395	1.0	0.781846965699	1.0
UNC0321	0.22864791261916986		0.376632016632	0.623367983368	0.376632016632	1.0	0.789052631579	1.0
myriocin	0.2314365478587723		0.366070686071	0.633929313929	0.366070686071	1.0	0.80031496063	1.0
BEC	0.23451404106088122		0.352723492723	0.647276507277	0.352723492723	1.0	0.81502617801	1.0
MK-0752	0.2355206039773878		0.348565488565	0.651434511435	0.348565488565	1.0	0.818120104439	1.0
UNC0638	0.2361384886719255		0.346278586279	0.653721413721	0.346278586279	1.0	0.818854166667	1.0
BRD-K27986637	0.23844009019210993		0.337172557173	0.662827442827	0.337172557173	1.0	0.828103896104	1.0
CAY10594	0.24750348456950513		0.302577962578	0.697422037422	0.302577962578	1.0	0.869067357513	1.0
pluripotin	0.24908345581695956		0.296340956341	0.703659043659	0.296340956341	1.0	0.87324742268	1.0
BRD-K41334119	0.24932386159240807		0.295592515593	0.704407484407	0.295592515593	1.0	0.87324742268	1.0
SJ-172550	0.250779071935043		0.290810810811	0.709189189189	0.290810810811	1.0	0.876915167095	1.0
GSK1059615	0.2518681281503948		0.287442827443	0.712557172557	0.287442827443	1.0	0.877033248082	1.0
abiraterone	0.25195567586413353		0.287068607069	0.712931392931	0.287068607069	1.0	0.877033248082	1.0
ML312	0.2543326578821512		0.278461538462	0.721538461538	0.278461538462	1.0	0.884987277354	1.0
C6-ceramide	0.254889047436672		0.276923076923	0.723076923077	0.276923076923	1.0	0.884987277354	1.0
ciclosporin	0.25719782016231896		0.268357588358	0.731642411642	0.268357588358	1.0	0.893197969543	1.0
NVP-TAE684	0.25978287932351274		0.260041580042	0.739958419958	0.260041580042	1.0	0.901063291139	1.0
BRD-K14844214	0.2613469897244053		0.255176715177	0.744823284823	0.255176715177	1.0	0.902506265664	1.0
sitagliptin	0.2617547817808305		0.253929313929	0.746070686071	0.253929313929	1.0	0.902506265664	1.0
bosutinib	0.26244288717583947		0.251683991684	0.748316008316	0.251683991684	1.0	0.902506265664	1.0
navitoclax	0.2625993694967631		0.251351351351	0.748648648649	0.251351351351	1.0	0.902506265664	1.0
saracatinib	0.2636117227885241		0.247442827443	0.752557172557	0.247442827443	1.0	0.903142144638	1.0
BRD-K27224038	0.2637187713887681		0.247068607069	0.752931392931	0.247068607069	1.0	0.903142144638	1.0
GSK2636771	0.2657118041034182		0.241122661123	0.758877338877	0.241122661123	1.0	0.907791563275	1.0
CAL-101	0.2662701286246583		0.239417879418	0.760582120582	0.239417879418	1.0	0.907791563275	1.0
ML320	0.2672859429559967		0.236257796258	0.763742203742	0.236257796258	1.0	0.909306930693	1.0
cimetidine	0.2686202049447975		0.232474012474	0.767525987526	0.232474012474	1.0	0.911555555556	1.0
ML334 diastereomer	0.2692838574465062		0.230561330561	0.769438669439	0.230561330561	1.0	0.91157635468	1.0
BRD-K75293299	0.27059389610702506		0.226985446985	0.773014553015	0.226985446985	1.0	0.913562653563	1.0
GANT-61	0.2721585026186804		0.222120582121	0.777879417879	0.222120582121	1.0	0.915254237288	1.0
TGX-221	0.27327160900429515		0.218918918919	0.781081081081	0.218918918919	1.0	0.915254237288	1.0
GDC-0879	0.2732760164874563		0.218835758836	0.781164241164	0.218835758836	1.0	0.915254237288	1.0
palmostatin B	0.27355460123666286		0.217754677755	0.782245322245	0.217754677755	1.0	0.915254237288	1.0
BRD-K04800985	0.2746367460221771		0.214303534304	0.785696465696	0.214303534304	1.0	0.915254237288	1.0
BRD-K02492147	0.2747238084476662		0.214137214137	0.785862785863	0.214137214137	1.0	0.915254237288	1.0
HLI 373	0.2762476581830961		0.20948024948	0.79051975052	0.20948024948	1.0	0.91845410628	1.0
BRD8899	0.2799743096052005		0.199168399168	0.800831600832	0.199168399168	1.0	0.928192771084	1.0
cyclophosphamide	0.2807530049780078		0.197130977131	0.802869022869	0.197130977131	1.0	0.928317307692	1.0
BRD-K48477130	0.2832479024912641		0.189979209979	0.810020790021	0.189979209979	1.0	0.934340527578	1.0
austocystin D	0.28454846225840036		0.18656964657	0.81343035343	0.18656964657	1.0	0.936028708134	1.0
BRD-K44224150	0.28630440595779044		0.181205821206	0.818794178794	0.181205821206	1.0	0.939952267303	1.0
WZ4002	0.28747250922910855		0.17817047817	0.82182952183	0.17817047817	1.0	0.940047505938	1.0
ML083	0.28792198214767417		0.177214137214	0.822785862786	0.177214137214	1.0	0.940047505938	1.0
BRD-K50799972	0.2897005677678892		0.17185031185	0.82814968815	0.17185031185	1.0	0.942910798122	1.0
KH-CB19	0.2908769210885029		0.168440748441	0.831559251559	0.168440748441	1.0	0.942910798122	1.0
BRD-K17060750	0.2908843248529765		0.168440748441	0.831559251559	0.168440748441	1.0	0.942910798122	1.0
vandetanib	0.29206887237942725		0.165322245322	0.834677754678	0.165322245322	1.0	0.942910798122	1.0
dasatinib	0.2922026436915667		0.164906444906	0.835093555094	0.164906444906	1.0	0.942910798122	1.0
L-685458	0.29349755386768145		0.161621621622	0.838378378378	0.161621621622	1.0	0.944402810304	1.0
FGIN-1-27	0.2955120157089424		0.156673596674	0.843326403326	0.156673596674	1.0	0.946849315068	1.0
semagacestat	0.29736660168941753		0.1520997921	0.8479002079	0.1520997921	1.0	0.946849315068	1.0
BRD-K94991378	0.2978477126334914		0.150727650728	0.849272349272	0.150727650728	1.0	0.946849315068	1.0
WZ8040	0.298389568133681		0.14972972973	0.85027027027	0.14972972973	1.0	0.946849315068	1.0
NVP-ADW742	0.2994929952251275		0.147068607069	0.852931392931	0.147068607069	1.0	0.946849315068	1.0
BRD-K71781559	0.30063735350501913		0.144365904366	0.855634095634	0.144365904366	1.0	0.946849315068	1.0
BRD-K33199242	0.30138682385157806		0.142203742204	0.857796257796	0.142203742204	1.0	0.946849315068	1.0
MI-1	0.30216131089234927		0.140166320166	0.859833679834	0.140166320166	1.0	0.946849315068	1.0
BRD-K49290616	0.3027015618159275		0.138544698545	0.861455301455	0.138544698545	1.0	0.946849315068	1.0
SGX-523	0.30304878356132026		0.137962577963	0.862037422037	0.137962577963	1.0	0.946849315068	1.0
RO4929097	0.30310382333199604		0.137796257796	0.862203742204	0.137796257796	1.0	0.946849315068	1.0
BRD-K11533227	0.3047272488251181		0.133929313929	0.866070686071	0.133929313929	1.0	0.948929384966	1.0
BRD-K86535717	0.30688932444524514		0.128856548857	0.871143451143	0.128856548857	1.0	0.952318181818	1.0
BCL-LZH-4	0.30826775099006287		0.125738045738	0.874261954262	0.125738045738	1.0	0.953560090703	1.0
WAY-362450	0.31195344496933125		0.11738045738	0.88261954262	0.11738045738	1.0	0.960497737557	1.0
sildenafil	0.31651120410158345		0.106153846154	0.893846153846	0.106153846154	1.0	0.968451327434	1.0
fingolimod	0.3178595318578629		0.103367983368	0.896632016632	0.103367983368	1.0	0.968451327434	1.0
PLX-4032	0.3187724274099656		0.100956340956	0.899043659044	0.100956340956	1.0	0.968451327434	1.0
FSC231	0.3203553751571473		0.0972972972973	0.902702702703	0.0972972972973	1.0	0.968451327434	1.0
trifluoperazine	0.3210046092201977		0.095841995842	0.904158004158	0.095841995842	1.0	0.968451327434	1.0
blebbistatin	0.32156551224246954		0.0948024948025	0.905197505198	0.0948024948025	1.0	0.968451327434	1.0
selumetinib	0.321969809149608		0.0940956340956	0.905904365904	0.0940956340956	1.0	0.968451327434	1.0
neratinib	0.3222885599285525		0.0934303534304	0.90656964657	0.0934303534304	1.0	0.968451327434	1.0
BRD-K90370028	0.3235857144368301		0.0910602910603	0.90893970894	0.0910602910603	1.0	0.968451327434	1.0
gefitinib	0.3242306682375806		0.0899376299376	0.910062370062	0.0899376299376	1.0	0.968451327434	1.0
PF-543	0.3265889236144358		0.0851143451143	0.914885654886	0.0851143451143	1.0	0.971434878587	1.0
BRD-K19103580	0.33321024438134444		0.0734719334719	0.926528066528	0.0734719334719	1.0	0.979213973799	1.0
BRD-K24690302	0.3346172543638615		0.070893970894	0.929106029106	0.070893970894	1.0	0.979213973799	1.0
CIL55	0.3365213219245842		0.0681081081081	0.931891891892	0.0681081081081	1.0	0.979213973799	1.0
erlotinib	0.33678100056754684		0.0676091476091	0.932390852391	0.0676091476091	1.0	0.979213973799	1.0
Compound 23 citrate	0.33680264450813585		0.0676091476091	0.932390852391	0.0676091476091	1.0	0.979213973799	1.0
CHIR-99021	0.33884777131236865		0.0642827442827	0.935717255717	0.0642827442827	1.0	0.980566448802	1.0
canertinib	0.3448811275248388		0.0562162162162	0.943783783784	0.0562162162162	1.0	0.983504273504	1.0
PF-4800567 hydrochloride	0.34673382090002836		0.0533887733888	0.946611226611	0.0533887733888	1.0	0.983504273504	1.0
ABT-737	0.3479495365945404	0.08135201733089657	0.0516008316008	0.948399168399	0.0516008316008	1.0	0.983504273504	1.0
fumonisin B1	0.3496368001410863	0.07060826249074292	0.0494802494802	0.95051975052	0.0494802494802	1.0	0.983504273504	1.0
NSC30930	0.35095058633650844	0.11762258945990031	0.0475675675676	0.952432432432	0.0475675675676	1.0	0.983504273504	1.0
trametinib	0.3527891647198951	0.04220158562838976	0.045446985447	0.954553014553	0.045446985447	1.0	0.983504273504	1.0
ibrutinib	0.3529624466712324	0.07021975189209924	0.0451559251559	0.954844074844	0.0451559251559	1.0	0.983504273504	1.0
BRD-K09587429	0.3550483928621543	0.04333647570815171	0.0431600831601	0.95683991684	0.0431600831601	1.0	0.983504273504	1.0
ML203	0.3552376971342074	0.11246452428070622	0.0430769230769	0.956923076923	0.0430769230769	1.0	0.983504273504	1.0
PRIMA-1-Met	0.36180169389537475	0.020931118423474383	0.0365904365904	0.96340956341	0.0365904365904	1.0	0.985957446809	1.0
PD318088	0.3618791225167098	0.01762113959198943	0.0365904365904	0.96340956341	0.0365904365904	1.0	0.985957446809	1.0
afatinib	0.3694404879216362	0.011824183454607368	0.0298544698545	0.970145530146	0.0298544698545	1.0	0.987737843552	1.0
PLX-4720	0.3695910370707698	0.04314533914316414	0.0297297297297	0.97027027027	0.0297297297297	1.0	0.987737843552	1.0
lapatinib	0.3708210698273028	0.010856442818182283	0.0286902286902	0.97130977131	0.0286902286902	1.0	0.987737843552	1.0
BRD-A05715709	0.3744006419378149	0.10404253390232852	0.0256133056133	0.974386694387	0.0256133056133	1.0	0.988776371308	1.0
birinapant	0.40706938074281107	0.12060468079502297	0.00939708939709	0.990602910603	0.00939708939709	0.645714285714	0.999833679834	0.645714285714
BRD-K99006945	0.40850623143175635	0.14133060988653928	0.00898128898129	0.991018711019	0.00898128898129	0.645714285714	0.999833679834	0.645714285714
BRD-K52037352	0.4154592249664434	0.05487562977596117	0.00681912681913	0.993180873181	0.00681912681913	0.645714285714	0.999833679834	0.645714285714
compound 1B	0.43030821925036455	0.12354210270663228	0.00407484407484	0.995925155925	0.00407484407484	0.49	0.999833679834	0.49
PD 153035	0.44365247983557826	0.010146465916461294	0.00232848232848	0.997671517672	0.00232848232848	0.373333333333	0.999833679834	0.373333333333
dabrafenib	0.46186547465278716	0.08794826351260901	0.000790020790021	0.99920997921	0.000790020790021	0.19	0.999833679834	0.19
O-6-benzylguanine	0.48114909479810397	0.15722738695975128	0.00016632016632	0.999833679834	0.00016632016632	0.08	0.999833679834	0.08
