	score	0.95 moe	p-value (forward)	p-value (reverse)	p-value	fdr (forward)	fdr (reverse)	fdr
CIL55	-0.6018003653296783	0.025720014513911087	1.0	0.0010395010395010396	0.0010395010395010396	1.0	0.2	0.2
linsitinib	-0.5639808547545969	0.07135036677076252	0.99896049896	0.0010395010395	0.0010395010395	1.0	0.2	0.2
BRD-K88742110	-0.5436137929403695	0.01915878651767935	0.997920997921	0.002079002079	0.002079002079	1.0	0.2	0.2
sotrastaurin	-0.5412955409855906	0.009772278028487312	0.997920997921	0.002079002079	0.002079002079	1.0	0.2	0.2
BRD-K42260513	-0.536953782862238	0.05379060528403154	0.997920997921	0.002079002079	0.002079002079	1.0	0.2	0.2
Repligen 136	-0.5264028393661974	0.5014071251449558	0.994802494802	0.00519750519751	0.00519750519751	1.0	0.416666666667	0.416666666667
PD318088	-0.4994547594802604	0.043021550477373875	0.990644490644	0.00935550935551	0.00935550935551	1.0	0.537037037037	0.537037037037
BMS-195614	-0.4832587668288124	0.6004147744584964	0.987525987526	0.012474012474	0.012474012474	1.0	0.537037037037	0.537037037037
necrostatin-7	-0.48156396084750874	0.08740121333985525	0.986486486486	0.0135135135135	0.0135135135135	1.0	0.537037037037	0.537037037037
CBB-1007	-0.47956989047460113	0.07647620472290995	0.982328482328	0.0176715176715	0.0176715176715	1.0	0.537037037037	0.537037037037
968	-0.47898153065651633	0.3826701526345984	0.982328482328	0.0176715176715	0.0176715176715	1.0	0.537037037037	0.537037037037
bafilomycin A1	-0.47861424417057025	0.09772010859456437	0.981288981289	0.018711018711	0.018711018711	1.0	0.537037037037	0.537037037037
BRD-K02251932	-0.47481347592926065	0.05163074511138277	0.980249480249	0.0197505197505	0.0197505197505	1.0	0.537037037037	0.537037037037
PF-4800567 hydrochloride	-0.4736615501239617	0.059674898881541115	0.97920997921	0.02079002079	0.02079002079	1.0	0.537037037037	0.537037037037
austocystin D	-0.4709962159282211	0.05489208870526425	0.976091476091	0.0239085239085	0.0239085239085	1.0	0.537037037037	0.537037037037
BRD-K13999467	-0.47047551194502163	0.5958897970893227	0.976091476091	0.0239085239085	0.0239085239085	1.0	0.537037037037	0.537037037037
QS-11	-0.46919817398859937	0.4359953903881869	0.976091476091	0.0239085239085	0.0239085239085	1.0	0.537037037037	0.537037037037
BRD-K52037352	-0.4681813692780741	0.04500004451790849	0.975051975052	0.024948024948	0.024948024948	1.0	0.537037037037	0.537037037037
PD 153035	-0.4668095328468877	0.026120442605211115	0.974012474012	0.0259875259875	0.0259875259875	1.0	0.537037037037	0.537037037037
selumetinib	-0.4643003607506179	0.0165109415646695	0.974012474012	0.0259875259875	0.0259875259875	1.0	0.537037037037	0.537037037037
skepinone-L	-0.46357006486702707		0.972972972973	0.027027027027	0.027027027027	1.0	0.537037037037	0.537037037037
SB-431542	-0.462762942830321		0.971933471933	0.0280665280665	0.0280665280665	1.0	0.537037037037	0.537037037037
BRD-K41597374	-0.4623145131091071		0.971933471933	0.0280665280665	0.0280665280665	1.0	0.537037037037	0.537037037037
Compound 23 citrate	-0.4592426600997662		0.970893970894	0.029106029106	0.029106029106	1.0	0.537037037037	0.537037037037
trametinib	-0.45840371893289783		0.969854469854	0.0301455301455	0.0301455301455	1.0	0.537037037037	0.537037037037
MLN2480	-0.4579920169202025		0.969854469854	0.0301455301455	0.0301455301455	1.0	0.537037037037	0.537037037037
BRD-K90370028	-0.4576554212866022		0.969854469854	0.0301455301455	0.0301455301455	1.0	0.537037037037	0.537037037037
BRD-K19103580	-0.45571164760964794		0.966735966736	0.033264033264	0.033264033264	1.0	0.571428571429	0.571428571429
procarbazine	-0.45081467115128065		0.960498960499	0.039501039501	0.039501039501	1.0	0.625	0.625
trifluoperazine	-0.44874828117210036		0.959459459459	0.0405405405405	0.0405405405405	1.0	0.625	0.625
FSC231	-0.44815638043840694		0.95841995842	0.04158004158	0.04158004158	1.0	0.625	0.625
RO4929097	-0.44804296827594714		0.95841995842	0.04158004158	0.04158004158	1.0	0.625	0.625
MI-2	-0.4442448181546481		0.956340956341	0.043659043659	0.043659043659	1.0	0.625	0.625
L-685458	-0.44200126498516534		0.954261954262	0.045738045738	0.045738045738	1.0	0.625	0.625
indisulam	-0.44188427295279736		0.954261954262	0.045738045738	0.045738045738	1.0	0.625	0.625
epigallocatechin-3-monogallate	-0.4413085741717224		0.953222453222	0.0467775467775	0.0467775467775	1.0	0.625	0.625
GSK-J4	-0.4400225023447566		0.951143451143	0.0488565488565	0.0488565488565	1.0	0.635135135135	0.635135135135
RITA	-0.43785967999770137		0.949064449064	0.0509355509356	0.0509355509356	1.0	0.644736842105	0.644736842105
afatinib	-0.4349260645274957		0.944906444906	0.0550935550936	0.0550935550936	1.0	0.6625	0.6625
BRD-K27224038	-0.4348522317400212		0.944906444906	0.0550935550936	0.0550935550936	1.0	0.6625	0.6625
itraconazole	-0.43155912964824916		0.939708939709	0.0602910602911	0.0602910602911	1.0	0.707317073171	0.707317073171
fluorouracil	-0.4259665797427112		0.931392931393	0.0686070686071	0.0686070686071	1.0	0.739130434783	0.739130434783
zebularine	-0.4251788588525714		0.931392931393	0.0686070686071	0.0686070686071	1.0	0.739130434783	0.739130434783
Mdivi-1	-0.424060085173239		0.931392931393	0.0686070686071	0.0686070686071	1.0	0.739130434783	0.739130434783
nelarabine	-0.4234087370885174		0.929313929314	0.0706860706861	0.0706860706861	1.0	0.739130434783	0.739130434783
ML029	-0.423307605421273		0.929313929314	0.0706860706861	0.0706860706861	1.0	0.739130434783	0.739130434783
SZ4TA2	-0.41965812773395417		0.924116424116	0.0758835758836	0.0758835758836	1.0	0.760416666667	0.760416666667
PF-543	-0.41959137910972855		0.924116424116	0.0758835758836	0.0758835758836	1.0	0.760416666667	0.760416666667
VAF-347	-0.4162320529160805		0.9158004158	0.0841995841996	0.0841995841996	1.0	0.761363636364	0.761363636364
ibrutinib	-0.4155236763610154		0.914760914761	0.0852390852391	0.0852390852391	1.0	0.761363636364	0.761363636364
isonicotinohydroxamic acid	-0.4150937496605844		0.912681912682	0.0873180873181	0.0873180873181	1.0	0.761363636364	0.761363636364
GDC-0879	-0.41483727513216423		0.912681912682	0.0873180873181	0.0873180873181	1.0	0.761363636364	0.761363636364
etomoxir	-0.41448862492721794		0.912681912682	0.0873180873181	0.0873180873181	1.0	0.761363636364	0.761363636364
HC-067047	-0.4128231441623029		0.909563409563	0.0904365904366	0.0904365904366	1.0	0.761363636364	0.761363636364
imatinib	-0.41222129438623306		0.905405405405	0.0945945945946	0.0945945945946	1.0	0.761363636364	0.761363636364
erismodegib	-0.4112846478104308		0.902286902287	0.0977130977131	0.0977130977131	1.0	0.761363636364	0.761363636364
WAY-362450	-0.41056648377985405		0.902286902287	0.0977130977131	0.0977130977131	1.0	0.761363636364	0.761363636364
erlotinib	-0.41055752701758613		0.902286902287	0.0977130977131	0.0977130977131	1.0	0.761363636364	0.761363636364
barasertib	-0.41031117098267356		0.901247401247	0.0987525987526	0.0987525987526	1.0	0.761363636364	0.761363636364
semagacestat	-0.40774558320674614		0.89501039501	0.10498960499	0.10498960499	1.0	0.761363636364	0.761363636364
lomeguatrib	-0.40692828642667206		0.893970893971	0.106029106029	0.106029106029	1.0	0.761363636364	0.761363636364
brivanib	-0.40673486186982577		0.892931392931	0.107068607069	0.107068607069	1.0	0.761363636364	0.761363636364
azacitidine	-0.40471377297990857		0.889812889813	0.110187110187	0.110187110187	1.0	0.761363636364	0.761363636364
BRD-K96970199	-0.40454811363287185		0.889812889813	0.110187110187	0.110187110187	1.0	0.761363636364	0.761363636364
canertinib	-0.4017755349403668		0.883575883576	0.116424116424	0.116424116424	1.0	0.761363636364	0.761363636364
NVP-TAE684	-0.4017358610005613		0.883575883576	0.116424116424	0.116424116424	1.0	0.761363636364	0.761363636364
BRD-K09587429	-0.40146850758295405		0.883575883576	0.116424116424	0.116424116424	1.0	0.761363636364	0.761363636364
BRD-K27986637	-0.3989638550941974		0.881496881497	0.118503118503	0.118503118503	1.0	0.761363636364	0.761363636364
pifithrin-mu	-0.39890761564776		0.881496881497	0.118503118503	0.118503118503	1.0	0.761363636364	0.761363636364
BRD-A71883111	-0.3985577527300819		0.881496881497	0.118503118503	0.118503118503	1.0	0.761363636364	0.761363636364
decitabine	-0.39780173882318787		0.879417879418	0.120582120582	0.120582120582	1.0	0.761363636364	0.761363636364
istradefylline	-0.3952707319803695		0.87525987526	0.12474012474	0.12474012474	1.0	0.761363636364	0.761363636364
lapatinib	-0.39457760712815004		0.87422037422	0.12577962578	0.12577962578	1.0	0.761363636364	0.761363636364
BMS-754807	-0.3916286430246113		0.871101871102	0.128898128898	0.128898128898	1.0	0.761363636364	0.761363636364
HLI 373	-0.39105450864453567		0.871101871102	0.128898128898	0.128898128898	1.0	0.761363636364	0.761363636364
cimetidine	-0.3883040314797121		0.866943866944	0.133056133056	0.133056133056	1.0	0.761363636364	0.761363636364
BRD-A94377914	-0.3872081201629659		0.866943866944	0.133056133056	0.133056133056	1.0	0.761363636364	0.761363636364
SR8278	-0.38710750558360507		0.866943866944	0.133056133056	0.133056133056	1.0	0.761363636364	0.761363636364
PX-12	-0.38461556630032234		0.863825363825	0.136174636175	0.136174636175	1.0	0.761363636364	0.761363636364
GSK4112	-0.3845146538334476		0.863825363825	0.136174636175	0.136174636175	1.0	0.761363636364	0.761363636364
linifanib	-0.3842976840314497		0.863825363825	0.136174636175	0.136174636175	1.0	0.761363636364	0.761363636364
NVP-ADW742	-0.3831611688048835		0.862785862786	0.137214137214	0.137214137214	1.0	0.761363636364	0.761363636364
ciclosporin	-0.38302917472088294		0.862785862786	0.137214137214	0.137214137214	1.0	0.761363636364	0.761363636364
fingolimod	-0.38291903271136446		0.862785862786	0.137214137214	0.137214137214	1.0	0.761363636364	0.761363636364
BRD-K04800985	-0.38222668261025816		0.861746361746	0.138253638254	0.138253638254	1.0	0.761363636364	0.761363636364
triptolide	-0.3808976915567783		0.858627858628	0.141372141372	0.141372141372	1.0	0.761363636364	0.761363636364
elocalcitol	-0.38076880194384977		0.858627858628	0.141372141372	0.141372141372	1.0	0.761363636364	0.761363636364
SJ-172550	-0.37748020113257147		0.851351351351	0.148648648649	0.148648648649	1.0	0.761363636364	0.761363636364
tipifarnib-P2	-0.3767405352293037		0.849272349272	0.150727650728	0.150727650728	1.0	0.761363636364	0.761363636364
hyperforin	-0.3749888005071896		0.848232848233	0.151767151767	0.151767151767	1.0	0.761363636364	0.761363636364
BCL-LZH-4	-0.37398169598229314		0.847193347193	0.152806652807	0.152806652807	1.0	0.761363636364	0.761363636364
BRD-K85133207	-0.3733247798247673		0.845114345114	0.154885654886	0.154885654886	1.0	0.761363636364	0.761363636364
NSC19630	-0.3732175210587722		0.845114345114	0.154885654886	0.154885654886	1.0	0.761363636364	0.761363636364
crizotinib	-0.3722955518081225		0.844074844075	0.155925155925	0.155925155925	1.0	0.761363636364	0.761363636364
BIRB-796	-0.3708530823705819		0.840956340956	0.159043659044	0.159043659044	1.0	0.761363636364	0.761363636364
veliparib	-0.37042024707218035		0.840956340956	0.159043659044	0.159043659044	1.0	0.761363636364	0.761363636364
BRD-K50799972	-0.3691575516804612		0.837837837838	0.162162162162	0.162162162162	1.0	0.761363636364	0.761363636364
BRD-K17060750	-0.3670697070806121		0.834719334719	0.165280665281	0.165280665281	1.0	0.761363636364	0.761363636364
BRD-K33514849	-0.36682799050416703		0.834719334719	0.165280665281	0.165280665281	1.0	0.761363636364	0.761363636364
importazole	-0.36590137713874465		0.83264033264	0.16735966736	0.16735966736	1.0	0.761363636364	0.761363636364
BRD-K64610608	-0.3647395173894253		0.83264033264	0.16735966736	0.16735966736	1.0	0.761363636364	0.761363636364
tosedostat	-0.36437648375850556		0.830561330561	0.169438669439	0.169438669439	1.0	0.761363636364	0.761363636364
NPC-26	-0.36387137706997724		0.830561330561	0.169438669439	0.169438669439	1.0	0.761363636364	0.761363636364
Bax channel blocker	-0.3636044884988033		0.830561330561	0.169438669439	0.169438669439	1.0	0.761363636364	0.761363636364
BRD-K30019337	-0.3631898576820508		0.828482328482	0.171517671518	0.171517671518	1.0	0.761363636364	0.761363636364
CIL55A	-0.3629947001886372		0.827442827443	0.172557172557	0.172557172557	1.0	0.761363636364	0.761363636364
cytarabine hydrochloride	-0.3617125369211724		0.823284823285	0.176715176715	0.176715176715	1.0	0.761363636364	0.761363636364
sildenafil	-0.3611385117267372		0.821205821206	0.178794178794	0.178794178794	1.0	0.761363636364	0.761363636364
AZD7545	-0.3593093233440924		0.820166320166	0.179833679834	0.179833679834	1.0	0.761363636364	0.761363636364
C6-ceramide	-0.35801896670003275		0.817047817048	0.182952182952	0.182952182952	1.0	0.761363636364	0.761363636364
VU0155056	-0.35608872741957637		0.81288981289	0.18711018711	0.18711018711	1.0	0.761363636364	0.761363636364
brefeldin A	-0.3558173938231964		0.81288981289	0.18711018711	0.18711018711	1.0	0.761363636364	0.761363636364
neratinib	-0.35569298108626973		0.81185031185	0.18814968815	0.18814968815	1.0	0.761363636364	0.761363636364
BMS-536924	-0.35528051311887465		0.81185031185	0.18814968815	0.18814968815	1.0	0.761363636364	0.761363636364
BEC	-0.3548887206489023		0.810810810811	0.189189189189	0.189189189189	1.0	0.761363636364	0.761363636364
gefitinib	-0.35442642593386403		0.810810810811	0.189189189189	0.189189189189	1.0	0.761363636364	0.761363636364
BRD-K14844214	-0.3540643052265027		0.810810810811	0.189189189189	0.189189189189	1.0	0.761363636364	0.761363636364
Ko-143	-0.3527821049593155		0.808731808732	0.191268191268	0.191268191268	1.0	0.761363636364	0.761363636364
TPCA-1	-0.3526002402328719		0.807692307692	0.192307692308	0.192307692308	1.0	0.761363636364	0.761363636364
BIX-01294	-0.3519944552807081		0.805613305613	0.194386694387	0.194386694387	1.0	0.761363636364	0.761363636364
navitoclax	-0.3501327610953136		0.802494802495	0.197505197505	0.197505197505	1.0	0.761363636364	0.761363636364
pandacostat	-0.3487901920321462		0.799376299376	0.200623700624	0.200623700624	1.0	0.761363636364	0.761363636364
BRD-K45681478	-0.34744664524007024		0.798336798337	0.201663201663	0.201663201663	1.0	0.761363636364	0.761363636364
COL-3	-0.3470306732704412		0.798336798337	0.201663201663	0.201663201663	1.0	0.761363636364	0.761363636364
BRD-K84807411	-0.34539440872289384		0.794178794179	0.205821205821	0.205821205821	1.0	0.761363636364	0.761363636364
necrosulfonamide	-0.3451199302356317		0.794178794179	0.205821205821	0.205821205821	1.0	0.761363636364	0.761363636364
BRD-A86708339	-0.34509430566433474		0.794178794179	0.205821205821	0.205821205821	1.0	0.761363636364	0.761363636364
AZ-3146	-0.3450396147021331		0.794178794179	0.205821205821	0.205821205821	1.0	0.761363636364	0.761363636364
belinostat	-0.34433460437987284		0.7920997921	0.2079002079	0.2079002079	1.0	0.761363636364	0.761363636364
PDMP	-0.3439260409104834		0.79106029106	0.20893970894	0.20893970894	1.0	0.761363636364	0.761363636364
spautin-1	-0.34365455301406		0.79106029106	0.20893970894	0.20893970894	1.0	0.761363636364	0.761363636364
bleomycin A2	-0.3436122415995582		0.79106029106	0.20893970894	0.20893970894	1.0	0.761363636364	0.761363636364
prochlorperazine	-0.3411650024956667		0.783783783784	0.216216216216	0.216216216216	1.0	0.777777777778	0.777777777778
tanespimycin	-0.33983725823743255		0.781704781705	0.218295218295	0.218295218295	1.0	0.777777777778	0.777777777778
BRD-K63431240	-0.33981632202330814		0.781704781705	0.218295218295	0.218295218295	1.0	0.777777777778	0.777777777778
PAC-1	-0.3375529723481187		0.775467775468	0.224532224532	0.224532224532	1.0	0.794117647059	0.794117647059
SU11274	-0.335743903182233		0.77130977131	0.22869022869	0.22869022869	1.0	0.802919708029	0.802919708029
I-BET151	-0.3337816733363407		0.767151767152	0.232848232848	0.232848232848	1.0	0.803571428571	0.803571428571
neuronal differentiation inducer III	-0.33368451133691057		0.767151767152	0.232848232848	0.232848232848	1.0	0.803571428571	0.803571428571
tacedinaline	-0.33290417433432173		0.766112266112	0.233887733888	0.233887733888	1.0	0.803571428571	0.803571428571
vorinostat	-0.33105755346456545		0.759875259875	0.240124740125	0.240124740125	1.0	0.81914893617	0.81914893617
GSK525762A	-0.3295385149303183		0.752598752599	0.247401247401	0.247401247401	1.0	0.828767123288	0.828767123288
ciclopirox	-0.32871661197022173		0.74948024948	0.25051975052	0.25051975052	1.0	0.828767123288	0.828767123288
ML334 diastereomer	-0.32819910812036246		0.748440748441	0.251559251559	0.251559251559	1.0	0.828767123288	0.828767123288
MK-2206	-0.3280406309330249		0.748440748441	0.251559251559	0.251559251559	1.0	0.828767123288	0.828767123288
BRD-K48334597	-0.3267892127740674		0.748440748441	0.251559251559	0.251559251559	1.0	0.828767123288	0.828767123288
BRD-K80183349	-0.32554329046642305		0.746361746362	0.253638253638	0.253638253638	1.0	0.829931972789	0.829931972789
SRT-1720	-0.32238786394378965		0.733887733888	0.266112266112	0.266112266112	1.0	0.854304635762	0.854304635762
BRD-K34099515	-0.3221804142365254		0.732848232848	0.267151767152	0.267151767152	1.0	0.854304635762	0.854304635762
BYL-719	-0.32106029842784656		0.731808731809	0.268191268191	0.268191268191	1.0	0.854304635762	0.854304635762
ISOX	-0.32097533504976006		0.731808731809	0.268191268191	0.268191268191	1.0	0.854304635762	0.854304635762
vorapaxar	-0.31986657534244445		0.72972972973	0.27027027027	0.27027027027	1.0	0.855263157895	0.855263157895
NSC632839	-0.31762230257760143		0.726611226611	0.273388773389	0.273388773389	1.0	0.856687898089	0.856687898089
ML320	-0.31694351743944704		0.724532224532	0.275467775468	0.275467775468	1.0	0.856687898089	0.856687898089
nutlin-3	-0.31604459176033234		0.720374220374	0.279625779626	0.279625779626	1.0	0.856687898089	0.856687898089
LBH-589	-0.31597812716405593		0.720374220374	0.279625779626	0.279625779626	1.0	0.856687898089	0.856687898089
SNX-2112	-0.3155961364080421		0.720374220374	0.279625779626	0.279625779626	1.0	0.856687898089	0.856687898089
N9-isopropylolomoucine	-0.3135740922487021		0.713097713098	0.286902286902	0.286902286902	1.0	0.873417721519	0.873417721519
masitinib	-0.3130699691799438		0.709979209979	0.290020790021	0.290020790021	1.0	0.877358490566	0.877358490566
piperlongumine	-0.3120188458170269		0.702702702703	0.297297297297	0.297297297297	1.0	0.885294117647	0.885294117647
StemRegenin 1	-0.30956668098949003		0.694386694387	0.305613305613	0.305613305613	1.0	0.885294117647	0.885294117647
narciclasine	-0.3093366612086126		0.693347193347	0.306652806653	0.306652806653	1.0	0.885294117647	0.885294117647
MI-1	-0.30877207691907654		0.692307692308	0.307692307692	0.307692307692	1.0	0.885294117647	0.885294117647
KHS101	-0.30835762219572427		0.691268191268	0.308731808732	0.308731808732	1.0	0.885294117647	0.885294117647
MK-1775	-0.30798169052132907		0.690228690229	0.309771309771	0.309771309771	1.0	0.885294117647	0.885294117647
sunitinib	-0.30731330025514614		0.690228690229	0.309771309771	0.309771309771	1.0	0.885294117647	0.885294117647
entinostat	-0.3071839487104109		0.689189189189	0.310810810811	0.310810810811	1.0	0.885294117647	0.885294117647
KU-60019	-0.3061306474493205		0.68711018711	0.31288981289	0.31288981289	1.0	0.885294117647	0.885294117647
vandetanib	-0.30593908194321856		0.68711018711	0.31288981289	0.31288981289	1.0	0.885294117647	0.885294117647
saracatinib	-0.305261543458332		0.68711018711	0.31288981289	0.31288981289	1.0	0.885294117647	0.885294117647
valdecoxib	-0.3035564698992277		0.679833679834	0.320166320166	0.320166320166	1.0	0.889204545455	0.889204545455
WZ8040	-0.30278027593010437		0.679833679834	0.320166320166	0.320166320166	1.0	0.889204545455	0.889204545455
GW-405833	-0.30166012337017806		0.677754677755	0.322245322245	0.322245322245	1.0	0.889204545455	0.889204545455
AT13387	-0.3006836071144209		0.676715176715	0.323284823285	0.323284823285	1.0	0.889204545455	0.889204545455
bardoxolone methyl	-0.30012543596004737		0.674636174636	0.325363825364	0.325363825364	1.0	0.889204545455	0.889204545455
PL-DI	-0.29946600767563747		0.674636174636	0.325363825364	0.325363825364	1.0	0.889204545455	0.889204545455
leptomycin B	-0.29876552443076987		0.671517671518	0.328482328482	0.328482328482	1.0	0.891061452514	0.891061452514
cerulenin	-0.2979813676081289		0.668399168399	0.331600831601	0.331600831601	1.0	0.891061452514	0.891061452514
SR-II-138A	-0.2973952228777341		0.668399168399	0.331600831601	0.331600831601	1.0	0.891061452514	0.891061452514
LRRK2-IN-1	-0.2951227235771157		0.658004158004	0.341995841996	0.341995841996	1.0	0.899456521739	0.899456521739
ML311	-0.2936718308550705		0.656964656965	0.343035343035	0.343035343035	1.0	0.899456521739	0.899456521739
JQ-1	-0.293646942958617		0.656964656965	0.343035343035	0.343035343035	1.0	0.899456521739	0.899456521739
SCH-79797	-0.29115583117410154		0.656964656965	0.343035343035	0.343035343035	1.0	0.899456521739	0.899456521739
bosutinib	-0.2902188276237656		0.655925155925	0.344074844075	0.344074844075	1.0	0.899456521739	0.899456521739
MLN2238	-0.28596770568152624		0.643451143451	0.356548856549	0.356548856549	1.0	0.927027027027	0.927027027027
SB-525334	-0.28526897486326713		0.641372141372	0.358627858628	0.358627858628	1.0	0.927419354839	0.927419354839
GDC-0941	-0.2824181098786894		0.635135135135	0.364864864865	0.364864864865	1.0	0.938502673797	0.938502673797
VER-155008	-0.28197902099490757		0.633056133056	0.366943866944	0.366943866944	1.0	0.938829787234	0.938829787234
NVP-231	-0.2799663588814692		0.629937629938	0.370062370062	0.370062370062	1.0	0.941798941799	0.941798941799
clofarabine	-0.27697914864697576		0.62474012474	0.37525987526	0.37525987526	1.0	0.946428571429	0.946428571429
WP1130	-0.2747628082094626		0.622661122661	0.377338877339	0.377338877339	1.0	0.946428571429	0.946428571429
gemcitabine	-0.2710813122384913		0.619542619543	0.380457380457	0.380457380457	1.0	0.946428571429	0.946428571429
PF-573228	-0.26993774538661586		0.617463617464	0.382536382536	0.382536382536	1.0	0.946428571429	0.946428571429
BRD-K97651142	-0.268043871753911		0.614345114345	0.385654885655	0.385654885655	1.0	0.946428571429	0.946428571429
BRD-K09344309	-0.26752565640037745		0.614345114345	0.385654885655	0.385654885655	1.0	0.946428571429	0.946428571429
BRD-K34222889	-0.26725453021424317		0.614345114345	0.385654885655	0.385654885655	1.0	0.946428571429	0.946428571429
bortezomib	-0.26476946511716404		0.60498960499	0.39501039501	0.39501039501	1.0	0.955882352941	0.955882352941
BRD8958	-0.26373573071900736		0.60395010395	0.39604989605	0.39604989605	1.0	0.955882352941	0.955882352941
cyanoquinoline 11	-0.26329635976474053		0.602910602911	0.397089397089	0.397089397089	1.0	0.955882352941	0.955882352941
SCH-529074	-0.2607689081098597		0.599792099792	0.400207900208	0.400207900208	1.0	0.955882352941	0.955882352941
methylstat	-0.2600780173758675		0.598752598753	0.401247401247	0.401247401247	1.0	0.955882352941	0.955882352941
PRIMA-1	-0.2591758182265377		0.597713097713	0.402286902287	0.402286902287	1.0	0.955882352941	0.955882352941
NVP-BSK805	-0.2582853800186011		0.595634095634	0.404365904366	0.404365904366	1.0	0.955882352941	0.955882352941
CR-1-31B	-0.25686554666175654		0.594594594595	0.405405405405	0.405405405405	1.0	0.955882352941	0.955882352941
abiraterone	-0.2457731828243975		0.582120582121	0.417879417879	0.417879417879	1.0	0.978155339806	0.978155339806
KU 0060648	-0.24535345258904545		0.581081081081	0.418918918919	0.418918918919	1.0	0.978155339806	0.978155339806
BRD-K71935468	-0.24074073290634054		0.574844074844	0.425155925156	0.425155925156	1.0	0.985576923077	0.985576923077
TG-101348	-0.23699855231528036		0.573804573805	0.426195426195	0.426195426195	1.0	0.985576923077	0.985576923077
oligomycin A	-0.22937110486433307		0.570686070686	0.429313929314	0.429313929314	1.0	0.988038277512	0.988038277512
fulvestrant	-0.22051437246716069		0.565488565489	0.434511434511	0.434511434511	1.0	0.995238095238	0.995238095238
neopeltolide	0.2117533566290047		0.560291060291	0.439708939709	0.560291060291	0.994464944649	0.997641509434	0.994464944649
methotrexate	0.22434878212552337		0.560291060291	0.439708939709	0.560291060291	0.994464944649	0.997641509434	0.994464944649
BI-2536	0.2326116270527344		0.556133056133	0.443866943867	0.556133056133	0.994423791822	0.99896049896	0.994423791822
obatoclax	0.23970374874576536		0.548856548857	0.451143451143	0.548856548857	0.985074626866	0.99896049896	0.985074626866
SB-743921	0.2486204336117154		0.536382536383	0.463617463617	0.536382536383	0.966292134831	0.99896049896	0.966292134831
BRD-K70511574	0.2555371147594613		0.515592515593	0.484407484407	0.515592515593	0.932330827068	0.99896049896	0.932330827068
CHM-1	0.2560506699916218		0.514553014553	0.485446985447	0.514553014553	0.932330827068	0.99896049896	0.932330827068
BRD4132	0.2581323567024473		0.510395010395	0.489604989605	0.510395010395	0.929924242424	0.99896049896	0.929924242424
AZD8055	0.26040766483768873		0.507276507277	0.492723492723	0.507276507277	0.927756653992	0.99896049896	0.927756653992
BRD-K96431673	0.26110735174584904		0.504158004158	0.495841995842	0.504158004158	0.925572519084	0.99896049896	0.925572519084
3-Cl-AHPC	0.2643142554182549		0.491683991684	0.508316008316	0.491683991684	0.906130268199	0.99896049896	0.906130268199
vincristine	0.2661300016502604		0.487525987526	0.512474012474	0.487525987526	0.901923076923	0.99896049896	0.901923076923
PF-3758309	0.26710144765688354		0.483367983368	0.516632016632	0.483367983368	0.897683397683	0.99896049896	0.897683397683
GW-843682X	0.26786829760792585		0.481288981289	0.518711018711	0.481288981289	0.897286821705	0.99896049896	0.897286821705
HBX-41108	0.26833343246785096		0.477130977131	0.522869022869	0.477130977131	0.892996108949	0.99896049896	0.892996108949
topotecan	0.2685646829017852		0.475051975052	0.524948024948	0.475051975052	0.892578125	0.99896049896	0.892578125
KPT185	0.2696608883076388		0.470893970894	0.529106029106	0.470893970894	0.888235294118	0.99896049896	0.888235294118
EX-527	0.26995955449696735		0.470893970894	0.529106029106	0.470893970894	0.888235294118	0.99896049896	0.888235294118
pevonedistat	0.27154569794324346		0.464656964657	0.535343035343	0.464656964657	0.883399209486	0.99896049896	0.883399209486
nakiterpiosin	0.2739682913495638		0.45738045738	0.54261954262	0.45738045738	0.873015873016	0.99896049896	0.873015873016
UNC0321	0.27496340477399916		0.453222453222	0.546777546778	0.453222453222	0.868525896414	0.99896049896	0.868525896414
daporinad	0.2753314947927032		0.452182952183	0.547817047817	0.452182952183	0.868525896414	0.99896049896	0.868525896414
parbendazole	0.27676955992285635		0.448024948025	0.551975051975	0.448024948025	0.86546184739	0.99896049896	0.86546184739
CD-437	0.2783185014630509		0.444906444906	0.555093555094	0.444906444906	0.862903225806	0.99896049896	0.862903225806
GSK461364	0.2786378484243306		0.444906444906	0.555093555094	0.444906444906	0.862903225806	0.99896049896	0.862903225806
phloretin	0.2791932541829609		0.442827442827	0.557172557173	0.442827442827	0.862903225806	0.99896049896	0.862903225806
BRD9876	0.2819829745085173		0.434511434511	0.565488565489	0.434511434511	0.85306122449	0.99896049896	0.85306122449
myricetin	0.2822482176788304		0.434511434511	0.565488565489	0.434511434511	0.85306122449	0.99896049896	0.85306122449
KX2-391	0.2827974151825542		0.433471933472	0.566528066528	0.433471933472	0.85306122449	0.99896049896	0.85306122449
TW-37	0.28458311317829665		0.430353430353	0.569646569647	0.430353430353	0.85306122449	0.99896049896	0.85306122449
cucurbitacin I	0.28587389659396806		0.430353430353	0.569646569647	0.430353430353	0.85306122449	0.99896049896	0.85306122449
WZ4002	0.28732938718719964		0.424116424116	0.575883575884	0.424116424116	0.85	0.99896049896	0.85
paclitaxel	0.2881855554546133		0.419958419958	0.580041580042	0.419958419958	0.845188284519	0.99896049896	0.845188284519
BMS-345541	0.28878065415244447		0.41683991684	0.58316008316	0.41683991684	0.84243697479	0.99896049896	0.84243697479
FQI-2	0.29055948307295537		0.413721413721	0.586278586279	0.413721413721	0.839662447257	0.99896049896	0.839662447257
B02	0.2926987970219589		0.405405405405	0.594594594595	0.405405405405	0.826271186441	0.99896049896	0.826271186441
YK 4-279	0.2937309858665937		0.405405405405	0.594594594595	0.405405405405	0.826271186441	0.99896049896	0.826271186441
AZD7762	0.29406798462453987		0.404365904366	0.595634095634	0.404365904366	0.826271186441	0.99896049896	0.826271186441
regorafenib	0.29424899476030647		0.403326403326	0.596673596674	0.403326403326	0.826271186441	0.99896049896	0.826271186441
curcumin	0.29568498297139123		0.398128898129	0.601871101871	0.398128898129	0.825431034483	0.99896049896	0.825431034483
parthenolide	0.2963441696396453		0.39501039501	0.60498960499	0.39501039501	0.822510822511	0.99896049896	0.822510822511
SNS-032	0.29674295842017956		0.392931392931	0.607068607069	0.392931392931	0.821739130435	0.99896049896	0.821739130435
mitomycin	0.29822967413105067		0.385654885655	0.614345114345	0.385654885655	0.810043668122	0.99896049896	0.810043668122
rigosertib	0.29896891469435105		0.381496881497	0.618503118503	0.381496881497	0.804824561404	0.99896049896	0.804824561404
teniposide	0.29946991905258913		0.379417879418	0.620582120582	0.379417879418	0.803964757709	0.99896049896	0.803964757709
sitagliptin	0.2997550207167447		0.379417879418	0.620582120582	0.379417879418	0.803964757709	0.99896049896	0.803964757709
ML210	0.29977579004046323		0.379417879418	0.620582120582	0.379417879418	0.803964757709	0.99896049896	0.803964757709
SN-38	0.3000666553867134		0.379417879418	0.620582120582	0.379417879418	0.803964757709	0.99896049896	0.803964757709
PIK-93	0.3050814035577463		0.356548856549	0.643451143451	0.356548856549	0.769058295964	0.99896049896	0.769058295964
sirolimus	0.30847803492644066		0.349272349272	0.650727650728	0.349272349272	0.756756756757	0.99896049896	0.756756756757
LY-2183240	0.3087743513738124		0.347193347193	0.652806652807	0.347193347193	0.755656108597	0.99896049896	0.755656108597
MG-132	0.30890902591168534		0.344074844075	0.655925155925	0.344074844075	0.752272727273	0.99896049896	0.752272727273
SMER-3	0.30891148856051553		0.344074844075	0.655925155925	0.344074844075	0.752272727273	0.99896049896	0.752272727273
STF-31	0.30922961022434836		0.344074844075	0.655925155925	0.344074844075	0.752272727273	0.99896049896	0.752272727273
triazolothiadiazine	0.30930969125714697		0.344074844075	0.655925155925	0.344074844075	0.752272727273	0.99896049896	0.752272727273
KW-2449	0.3093664114728558		0.344074844075	0.655925155925	0.344074844075	0.752272727273	0.99896049896	0.752272727273
DBeQ	0.310026765670699		0.343035343035	0.656964656965	0.343035343035	0.752272727273	0.99896049896	0.752272727273
NVP-BEZ235	0.31053287959506387		0.341995841996	0.658004158004	0.341995841996	0.752272727273	0.99896049896	0.752272727273
purmorphamine	0.31202488164114744		0.334719334719	0.665280665281	0.334719334719	0.752272727273	0.99896049896	0.752272727273
BRD-K94991378	0.31280757575575413		0.33367983368	0.66632016632	0.33367983368	0.752272727273	0.99896049896	0.752272727273
R428	0.31301205041911995		0.33367983368	0.66632016632	0.33367983368	0.752272727273	0.99896049896	0.752272727273
PHA-793887	0.3133654256355295		0.33264033264	0.66735966736	0.33264033264	0.752272727273	0.99896049896	0.752272727273
ETP-46464	0.31357954209304134		0.33264033264	0.66735966736	0.33264033264	0.752272727273	0.99896049896	0.752272727273
ML258	0.3137299654149339		0.33264033264	0.66735966736	0.33264033264	0.752272727273	0.99896049896	0.752272727273
MK-0752	0.31485928486780573		0.328482328482	0.671517671518	0.328482328482	0.752272727273	0.99896049896	0.752272727273
docetaxel	0.3150392888101768		0.328482328482	0.671517671518	0.328482328482	0.752272727273	0.99896049896	0.752272727273
ceranib-2	0.3150455165450521		0.328482328482	0.671517671518	0.328482328482	0.752272727273	0.99896049896	0.752272727273
betulinic acid	0.31505439384630635		0.328482328482	0.671517671518	0.328482328482	0.752272727273	0.99896049896	0.752272727273
quizartinib	0.31589067345823785		0.325363825364	0.674636174636	0.325363825364	0.752272727273	0.99896049896	0.752272727273
dexamethasone	0.31670393272185177		0.321205821206	0.678794178794	0.321205821206	0.752272727273	0.99896049896	0.752272727273
BRD-K35604418	0.3170628309705988		0.320166320166	0.679833679834	0.320166320166	0.752272727273	0.99896049896	0.752272727273
pluripotin	0.3173818535562931		0.318087318087	0.681912681913	0.318087318087	0.752272727273	0.99896049896	0.752272727273
cediranib	0.3179876289215012		0.317047817048	0.682952182952	0.317047817048	0.752272727273	0.99896049896	0.752272727273
1S,3R-RSL-3	0.3180009652683358		0.317047817048	0.682952182952	0.317047817048	0.752272727273	0.99896049896	0.752272727273
nintedanib	0.31801336809740877		0.317047817048	0.682952182952	0.317047817048	0.752272727273	0.99896049896	0.752272727273
ZSTK474	0.3190130185492355		0.31185031185	0.68814968815	0.31185031185	0.752272727273	0.99896049896	0.752272727273
tivantinib	0.32019505088846556		0.306652806653	0.693347193347	0.306652806653	0.752272727273	0.99896049896	0.752272727273
BRD-K55116708	0.32036760443905543		0.304573804574	0.695426195426	0.304573804574	0.752272727273	0.99896049896	0.752272727273
alvocidib	0.3207171503825444		0.302494802495	0.697505197505	0.302494802495	0.752272727273	0.99896049896	0.752272727273
doxorubicin	0.32295671219675726		0.298336798337	0.701663201663	0.298336798337	0.747395833333	0.99896049896	0.747395833333
gossypol	0.3230776602340531		0.298336798337	0.701663201663	0.298336798337	0.747395833333	0.99896049896	0.747395833333
Merck60	0.3242567193613161		0.296257796258	0.703742203742	0.296257796258	0.747395833333	0.99896049896	0.747395833333
RAF265	0.32535091421006385		0.293139293139	0.706860706861	0.293139293139	0.746031746032	0.99896049896	0.746031746032
Ki8751	0.3263231946259194		0.290020790021	0.709979209979	0.290020790021	0.742021276596	0.99896049896	0.742021276596
UNC0638	0.3269653151565655		0.283783783784	0.716216216216	0.283783783784	0.729946524064	0.99896049896	0.729946524064
LY-2157299	0.327712916628973		0.281704781705	0.718295218295	0.281704781705	0.728494623656	0.99896049896	0.728494623656
cytochalasin B	0.3280149219997873		0.280665280665	0.719334719335	0.280665280665	0.728494623656	0.99896049896	0.728494623656
isoevodiamine	0.3283771988273408		0.279625779626	0.720374220374	0.279625779626	0.728494623656	0.99896049896	0.728494623656
CAY10618	0.33005774574917474		0.276507276507	0.723492723493	0.276507276507	0.726775956284	0.99896049896	0.726775956284
BRD-K78574327	0.3302275046791832		0.275467775468	0.724532224532	0.275467775468	0.726775956284	0.99896049896	0.726775956284
salermide	0.33148961369764723		0.27130977131	0.72869022869	0.27130977131	0.720994475138	0.99896049896	0.720994475138
dinaciclib	0.3321218791375781		0.269230769231	0.730769230769	0.269230769231	0.719444444444	0.99896049896	0.719444444444
lovastatin	0.33243290606481685		0.269230769231	0.730769230769	0.269230769231	0.719444444444	0.99896049896	0.719444444444
OSI-027	0.333978358023426		0.265072765073	0.734927234927	0.265072765073	0.716292134831	0.99896049896	0.716292134831
omacetaxine mepesuccinate	0.3341518177574362		0.264033264033	0.735966735967	0.264033264033	0.716292134831	0.99896049896	0.716292134831
AT7867	0.3342621749086446		0.264033264033	0.735966735967	0.264033264033	0.716292134831	0.99896049896	0.716292134831
etoposide	0.33437627433730144		0.264033264033	0.735966735967	0.264033264033	0.716292134831	0.99896049896	0.716292134831
LE-135	0.33482619992311113		0.264033264033	0.735966735967	0.264033264033	0.716292134831	0.99896049896	0.716292134831
ouabain	0.3350744851101878		0.264033264033	0.735966735967	0.264033264033	0.716292134831	0.99896049896	0.716292134831
ML312	0.33571054274728945		0.262993762994	0.737006237006	0.262993762994	0.716292134831	0.99896049896	0.716292134831
CI-976	0.3358544328307741		0.262993762994	0.737006237006	0.262993762994	0.716292134831	0.99896049896	0.716292134831
PF-184	0.33719702611034547		0.257796257796	0.742203742204	0.257796257796	0.716292134831	0.99896049896	0.716292134831
pyrazolanthrone	0.3374906017073061		0.257796257796	0.742203742204	0.257796257796	0.716292134831	0.99896049896	0.716292134831
GSK2636771	0.33797009881942175		0.255717255717	0.744282744283	0.255717255717	0.716292134831	0.99896049896	0.716292134831
CIL41	0.33840261070083655		0.253638253638	0.746361746362	0.253638253638	0.716292134831	0.99896049896	0.716292134831
apicidin	0.33889779021694216		0.251559251559	0.748440748441	0.251559251559	0.716292134831	0.99896049896	0.716292134831
palmostatin B	0.340156942889114		0.247401247401	0.752598752599	0.247401247401	0.716292134831	0.99896049896	0.716292134831
JW-55	0.34067249150256496		0.244282744283	0.755717255717	0.244282744283	0.716292134831	0.99896049896	0.716292134831
AA-COCF3	0.34139466062233964		0.241164241164	0.758835758836	0.241164241164	0.711656441718	0.99896049896	0.711656441718
BRD-K48477130	0.34248901016554373		0.237006237006	0.762993762994	0.237006237006	0.703703703704	0.99896049896	0.703703703704
GMX-1778	0.3426927381356		0.237006237006	0.762993762994	0.237006237006	0.703703703704	0.99896049896	0.703703703704
KU-0063794	0.3440555238733048		0.232848232848	0.767151767152	0.232848232848	0.7	0.99896049896	0.7
BIBR-1532	0.3467379674585232		0.222453222453	0.777546777547	0.222453222453	0.672955974843	0.99896049896	0.672955974843
ML006	0.3495955853263373		0.216216216216	0.783783783784	0.216216216216	0.658227848101	0.99896049896	0.658227848101
BRD-K01737880	0.3496704541839799		0.216216216216	0.783783783784	0.216216216216	0.658227848101	0.99896049896	0.658227848101
silmitasertib	0.34970339504430054		0.216216216216	0.783783783784	0.216216216216	0.658227848101	0.99896049896	0.658227848101
AGK-2	0.35013718080130074		0.216216216216	0.783783783784	0.216216216216	0.658227848101	0.99896049896	0.658227848101
CID-5951923	0.3505743403683021		0.216216216216	0.783783783784	0.216216216216	0.658227848101	0.99896049896	0.658227848101
BRD-K66453893	0.3514121437567905		0.214137214137	0.785862785863	0.214137214137	0.658227848101	0.99896049896	0.658227848101
KH-CB19	0.35243632321552065		0.209979209979	0.790020790021	0.209979209979	0.658227848101	0.99896049896	0.658227848101
tigecycline	0.3534891203740328		0.2079002079	0.7920997921	0.2079002079	0.658227848101	0.99896049896	0.658227848101
KU-55933	0.35388379715732576		0.205821205821	0.794178794179	0.205821205821	0.658227848101	0.99896049896	0.658227848101
tamatinib	0.3542449368482712		0.203742203742	0.796257796258	0.203742203742	0.657718120805	0.99896049896	0.657718120805
GSK1059615	0.3543552482692022		0.203742203742	0.796257796258	0.203742203742	0.657718120805	0.99896049896	0.657718120805
GANT-61	0.3546492719545616		0.202702702703	0.797297297297	0.202702702703	0.657718120805	0.99896049896	0.657718120805
AM-580	0.3547226594707589		0.202702702703	0.797297297297	0.202702702703	0.657718120805	0.99896049896	0.657718120805
momelotinib	0.3554316144606971		0.197505197505	0.802494802495	0.197505197505	0.655172413793	0.99896049896	0.655172413793
temozolomide	0.3557695968968742		0.197505197505	0.802494802495	0.197505197505	0.655172413793	0.99896049896	0.655172413793
CAY10594	0.35585989101039667		0.197505197505	0.802494802495	0.197505197505	0.655172413793	0.99896049896	0.655172413793
PF-750	0.3559470612369223		0.197505197505	0.802494802495	0.197505197505	0.655172413793	0.99896049896	0.655172413793
temsirolimus	0.3561630755037677		0.196465696466	0.803534303534	0.196465696466	0.655172413793	0.99896049896	0.655172413793
PRL-3 inhibitor I	0.35647099178260444		0.195426195426	0.804573804574	0.195426195426	0.655172413793	0.99896049896	0.655172413793
BRD-K66532283	0.35683504796245574		0.193347193347	0.806652806653	0.193347193347	0.655172413793	0.99896049896	0.655172413793
ML031	0.3573125140023135		0.192307692308	0.807692307692	0.192307692308	0.655172413793	0.99896049896	0.655172413793
BRD6340	0.3578347627584468		0.192307692308	0.807692307692	0.192307692308	0.655172413793	0.99896049896	0.655172413793
simvastatin	0.3580103739054971		0.192307692308	0.807692307692	0.192307692308	0.655172413793	0.99896049896	0.655172413793
sorafenib	0.35803482976112533		0.192307692308	0.807692307692	0.192307692308	0.655172413793	0.99896049896	0.655172413793
BRD-K16147474	0.3582076761695587		0.192307692308	0.807692307692	0.192307692308	0.655172413793	0.99896049896	0.655172413793
marinopyrrole A	0.3584811107395991		0.192307692308	0.807692307692	0.192307692308	0.655172413793	0.99896049896	0.655172413793
axitinib	0.35977063087590605		0.189189189189	0.810810810811	0.189189189189	0.655172413793	0.99896049896	0.655172413793
SB-225002	0.36018675901766234		0.18814968815	0.81185031185	0.18814968815	0.655172413793	0.99896049896	0.655172413793
BRD1812	0.3604787259996952		0.186070686071	0.813929313929	0.186070686071	0.655172413793	0.99896049896	0.655172413793
dasatinib	0.36078387024821945		0.186070686071	0.813929313929	0.186070686071	0.655172413793	0.99896049896	0.655172413793
CHIR-99021	0.3613834264677498		0.181912681913	0.818087318087	0.181912681913	0.655172413793	0.99896049896	0.655172413793
Ch-55	0.3624960072672904		0.179833679834	0.820166320166	0.179833679834	0.655172413793	0.99896049896	0.655172413793
BRD-K49290616	0.3630092510127668		0.178794178794	0.821205821206	0.178794178794	0.655172413793	0.99896049896	0.655172413793
dacarbazine	0.3630443061302793		0.178794178794	0.821205821206	0.178794178794	0.655172413793	0.99896049896	0.655172413793
OSI-930	0.3638690187569356		0.176715176715	0.823284823285	0.176715176715	0.655172413793	0.99896049896	0.655172413793
CCT036477	0.36470278635094294		0.174636174636	0.825363825364	0.174636174636	0.655172413793	0.99896049896	0.655172413793
tandutinib	0.36739966556332054		0.163201663202	0.836798336798	0.163201663202	0.643442622951	0.99896049896	0.643442622951
BRD8899	0.36887467711840494		0.158004158004	0.841995841996	0.158004158004	0.628099173554	0.99896049896	0.628099173554
BRD-K44224150	0.3704499175069195		0.154885654886	0.845114345114	0.154885654886	0.620833333333	0.99896049896	0.620833333333
SKI-II	0.37048323112467424		0.154885654886	0.845114345114	0.154885654886	0.620833333333	0.99896049896	0.620833333333
tivozanib	0.37075414349632235		0.153846153846	0.846153846154	0.153846153846	0.620833333333	0.99896049896	0.620833333333
AZD4547	0.37182490192340456		0.151767151767	0.848232848233	0.151767151767	0.620833333333	0.99896049896	0.620833333333
PI-103	0.3725626812779951		0.151767151767	0.848232848233	0.151767151767	0.620833333333	0.99896049896	0.620833333333
erastin	0.37273333085135024		0.151767151767	0.848232848233	0.151767151767	0.620833333333	0.99896049896	0.620833333333
AZD1480	0.3731227255818064		0.151767151767	0.848232848233	0.151767151767	0.620833333333	0.99896049896	0.620833333333
alisertib	0.37436906175675		0.151767151767	0.848232848233	0.151767151767	0.620833333333	0.99896049896	0.620833333333
BRD-K37390332	0.3744249632079705		0.150727650728	0.849272349272	0.150727650728	0.620833333333	0.99896049896	0.620833333333
AC55649	0.3747065283151196		0.150727650728	0.849272349272	0.150727650728	0.620833333333	0.99896049896	0.620833333333
IC-87114	0.3750416978684352		0.150727650728	0.849272349272	0.150727650728	0.620833333333	0.99896049896	0.620833333333
BRD-K71781559	0.38007991330914453		0.138253638254	0.861746361746	0.138253638254	0.610091743119	0.99896049896	0.610091743119
VX-680	0.38018990699054517		0.138253638254	0.861746361746	0.138253638254	0.610091743119	0.99896049896	0.610091743119
BRD-A02303741	0.3802104800662911		0.138253638254	0.861746361746	0.138253638254	0.610091743119	0.99896049896	0.610091743119
TGX-221	0.3805606054972322		0.136174636175	0.863825363825	0.136174636175	0.610091743119	0.99896049896	0.610091743119
BRD-K33199242	0.3806908276770404		0.135135135135	0.864864864865	0.135135135135	0.610091743119	0.99896049896	0.610091743119
SID 26681509	0.38129217105161783		0.135135135135	0.864864864865	0.135135135135	0.610091743119	0.99896049896	0.610091743119
CAL-101	0.3813455515508032		0.135135135135	0.864864864865	0.135135135135	0.610091743119	0.99896049896	0.610091743119
NSC95397	0.38178859316708297		0.134095634096	0.865904365904	0.134095634096	0.610091743119	0.99896049896	0.610091743119
bendamustine	0.3824621108434788		0.134095634096	0.865904365904	0.134095634096	0.610091743119	0.99896049896	0.610091743119
ifosfamide	0.38332755947778346		0.129937629938	0.870062370062	0.129937629938	0.610091743119	0.99896049896	0.610091743119
pazopanib	0.38378983047963994		0.129937629938	0.870062370062	0.129937629938	0.610091743119	0.99896049896	0.610091743119
FQI-1	0.38422838513750496		0.127858627859	0.872141372141	0.127858627859	0.610091743119	0.99896049896	0.610091743119
fumonisin B1	0.3842691501382832		0.127858627859	0.872141372141	0.127858627859	0.610091743119	0.99896049896	0.610091743119
GSK-3 inhibitor IX	0.38587670421915704		0.123700623701	0.876299376299	0.123700623701	0.610091743119	0.99896049896	0.610091743119
AZD6482	0.3871094435223297		0.118503118503	0.881496881497	0.118503118503	0.6	0.99896049896	0.6
cabozantinib	0.3874387980729417		0.117463617464	0.882536382536	0.117463617464	0.6	0.99896049896	0.6
JW-480	0.3880067544697481		0.116424116424	0.883575883576	0.116424116424	0.6	0.99896049896	0.6
Compound 7d-cis	0.39102588560010515		0.108108108108	0.891891891892	0.108108108108	0.565217391304	0.99896049896	0.565217391304
avicin D	0.3917622450462193		0.107068607069	0.892931392931	0.107068607069	0.565217391304	0.99896049896	0.565217391304
BRD-K61166597	0.392559262653611		0.102910602911	0.897089397089	0.102910602911	0.55	0.99896049896	0.55
CD-1530	0.3933279834763919		0.0997920997921	0.900207900208	0.0997920997921	0.539325842697	0.99896049896	0.539325842697
serdemetan	0.3939741027969179		0.0977130977131	0.902286902287	0.0977130977131	0.534090909091	0.99896049896	0.534090909091
QW-BI-011	0.3956549468729123		0.0904365904366	0.909563409563	0.0904365904366	0.5	0.99896049896	0.5
NSC 74859	0.39646111567182896		0.0883575883576	0.911642411642	0.0883575883576	0.494186046512	0.99896049896	0.494186046512
BRD-A05715709	0.39685673996577825		0.0883575883576	0.911642411642	0.0883575883576	0.494186046512	0.99896049896	0.494186046512
thalidomide	0.39686928811753475		0.0883575883576	0.911642411642	0.0883575883576	0.494186046512	0.99896049896	0.494186046512
foretinib	0.39693363944192794		0.0883575883576	0.911642411642	0.0883575883576	0.494186046512	0.99896049896	0.494186046512
BRD-K41334119	0.3993336576406166		0.0821205821206	0.917879417879	0.0821205821206	0.481707317073	0.99896049896	0.481707317073
CIL70	0.401612962034085		0.0779625779626	0.922037422037	0.0779625779626	0.462962962963	0.99896049896	0.462962962963
BRD-K29313308	0.40288678051563137		0.0758835758836	0.924116424116	0.0758835758836	0.45625	0.99896049896	0.45625
fluvastatin	0.4040526557916687		0.0738045738046	0.926195426195	0.0738045738046	0.449367088608	0.99896049896	0.449367088608
chlorambucil	0.4067587125967727		0.0654885654886	0.934511434511	0.0654885654886	0.403846153846	0.99896049896	0.403846153846
PYR-41	0.40693211120727785		0.0654885654886	0.934511434511	0.0654885654886	0.403846153846	0.99896049896	0.403846153846
isoliquiritigenin	0.4081736190591488		0.0634095634096	0.93659043659	0.0634095634096	0.401315789474	0.99896049896	0.401315789474
ABT-737	0.4093783086742351		0.0613305613306	0.938669438669	0.0613305613306	0.393333333333	0.99896049896	0.393333333333
tacrolimus	0.41053550423147855		0.0602910602911	0.939708939709	0.0602910602911	0.391891891892	0.99896049896	0.391891891892
ELCPK	0.41081659364685497		0.0602910602911	0.939708939709	0.0602910602911	0.391891891892	0.99896049896	0.391891891892
A-804598	0.41097718185078586		0.0602910602911	0.939708939709	0.0602910602911	0.391891891892	0.99896049896	0.391891891892
IPR-456	0.41148310652893455		0.0602910602911	0.939708939709	0.0602910602911	0.391891891892	0.99896049896	0.391891891892
YM-155	0.41157222501263796		0.0602910602911	0.939708939709	0.0602910602911	0.391891891892	0.99896049896	0.391891891892
ML083	0.41181388976033567		0.0602910602911	0.939708939709	0.0602910602911	0.391891891892	0.99896049896	0.391891891892
BRD-K11533227	0.4131085436571373		0.0561330561331	0.943866943867	0.0561330561331	0.391891891892	0.99896049896	0.391891891892
lenvatinib	0.41393648905595837		0.0561330561331	0.943866943867	0.0561330561331	0.391891891892	0.99896049896	0.391891891892
BRD-K30748066	0.4142435944743517		0.0561330561331	0.943866943867	0.0561330561331	0.391891891892	0.99896049896	0.391891891892
BRD1835	0.4146345452429929		0.0561330561331	0.943866943867	0.0561330561331	0.391891891892	0.99896049896	0.391891891892
manumycin A	0.41497686579336424		0.0550935550936	0.944906444906	0.0550935550936	0.391891891892	0.99896049896	0.391891891892
MST-312	0.4174733853871483		0.0509355509356	0.949064449064	0.0509355509356	0.388888888889	0.99896049896	0.388888888889
nilotinib	0.41784372391779223		0.0509355509356	0.949064449064	0.0509355509356	0.388888888889	0.99896049896	0.388888888889
ML162	0.4206310022314986		0.0467775467775	0.953222453222	0.0467775467775	0.368852459016	0.99896049896	0.368852459016
ruxolitinib	0.4207616322263626		0.0467775467775	0.953222453222	0.0467775467775	0.368852459016	0.99896049896	0.368852459016
JW-74	0.4211688287364303		0.0467775467775	0.953222453222	0.0467775467775	0.368852459016	0.99896049896	0.368852459016
BRD-K86535717	0.4212171816606421		0.0467775467775	0.953222453222	0.0467775467775	0.368852459016	0.99896049896	0.368852459016
MGCD-265	0.42183628406659657		0.045738045738	0.954261954262	0.045738045738	0.368852459016	0.99896049896	0.368852459016
BRD-K02492147	0.42258064379127286		0.045738045738	0.954261954262	0.045738045738	0.368852459016	0.99896049896	0.368852459016
cyclophosphamide	0.4233585055918934		0.045738045738	0.954261954262	0.045738045738	0.368852459016	0.99896049896	0.368852459016
TG-100-115	0.42522097325208646		0.0446985446985	0.955301455301	0.0446985446985	0.368852459016	0.99896049896	0.368852459016
CIL56	0.4255727574422176		0.0446985446985	0.955301455301	0.0446985446985	0.368852459016	0.99896049896	0.368852459016
blebbistatin	0.4268928494418971		0.04158004158	0.95841995842	0.04158004158	0.368852459016	0.99896049896	0.368852459016
BRD-K28456706	0.4293769202173103		0.04158004158	0.95841995842	0.04158004158	0.368852459016	0.99896049896	0.368852459016
PLX-4032	0.43177517507287067		0.035343035343	0.964656964657	0.035343035343	0.34	0.99896049896	0.34
AT-406	0.43450768259043526		0.0343035343035	0.965696465696	0.0343035343035	0.336734693878	0.99896049896	0.336734693878
darinaparsin	0.43497786120936976		0.033264033264	0.966735966736	0.033264033264	0.333333333333	0.99896049896	0.333333333333
FGIN-1-27	0.43692273737367276		0.0322245322245	0.967775467775	0.0322245322245	0.329787234043	0.99896049896	0.329787234043
BRD-K75293299	0.43932372554631577		0.031185031185	0.968814968815	0.031185031185	0.326086956522	0.99896049896	0.326086956522
bexarotene	0.44138805828880273		0.031185031185	0.968814968815	0.031185031185	0.326086956522	0.99896049896	0.326086956522
SR1001	0.4414898755045608		0.031185031185	0.968814968815	0.031185031185	0.326086956522	0.99896049896	0.326086956522
tipifarnib-P1	0.4420171931417391		0.0301455301455	0.969854469854	0.0301455301455	0.326086956522	0.99896049896	0.326086956522
pifithrin-alpha	0.4427485586267297		0.0280665280665	0.971933471933	0.0280665280665	0.321428571429	0.99896049896	0.321428571429
tretinoin	0.4438243154226788		0.0280665280665	0.971933471933	0.0280665280665	0.321428571429	0.99896049896	0.321428571429
RG-108	0.4456695617538171		0.024948024948	0.975051975052	0.024948024948	0.3	0.99896049896	0.3
ABT-199	0.44745129468991723		0.0239085239085	0.976091476091	0.0239085239085	0.294871794872	0.99896049896	0.294871794872
BRD-K92856060	0.4491348406374163		0.022869022869	0.977130977131	0.022869022869	0.289473684211	0.99896049896	0.289473684211
staurosporine	0.450623255581987		0.0218295218295	0.97817047817	0.0218295218295	0.283783783784	0.99896049896	0.283783783784
IU1	0.4512949309729554		0.0218295218295	0.97817047817	0.0218295218295	0.283783783784	0.99896049896	0.283783783784
BRD-M00053801	0.4523374502993471		0.02079002079	0.97920997921	0.02079002079	0.283783783784	0.99896049896	0.283783783784
BRD-K51490254	0.45532085349374674		0.0197505197505	0.980249480249	0.0197505197505	0.279411764706	0.99896049896	0.279411764706
necrostatin-1	0.4561272627657837		0.0197505197505	0.980249480249	0.0197505197505	0.279411764706	0.99896049896	0.279411764706
olaparib	0.4568880859529285		0.0197505197505	0.980249480249	0.0197505197505	0.279411764706	0.99896049896	0.279411764706
niclosamide	0.45701956632389873		0.0197505197505	0.980249480249	0.0197505197505	0.279411764706	0.99896049896	0.279411764706
16-beta-bromoandrosterone	0.4575806217242199		0.016632016632	0.983367983368	0.016632016632	0.266666666667	0.99896049896	0.266666666667
ML203	0.4579696665428278		0.016632016632	0.983367983368	0.016632016632	0.266666666667	0.99896049896	0.266666666667
tamoxifen	0.46179764040253685		0.0155925155925	0.984407484407	0.0155925155925	0.266666666667	0.99896049896	0.266666666667
BRD-K34485477	0.46245057222624675		0.0155925155925	0.984407484407	0.0155925155925	0.266666666667	0.99896049896	0.266666666667
birinapant	0.462963370454206		0.0155925155925	0.984407484407	0.0155925155925	0.266666666667	0.99896049896	0.266666666667
pitstop2	0.46340282237522246		0.0155925155925	0.984407484407	0.0155925155925	0.266666666667	0.99896049896	0.266666666667
myriocin	0.46456336780198443		0.0155925155925	0.984407484407	0.0155925155925	0.266666666667	0.99896049896	0.266666666667
CAY10576	0.4660962466203462		0.0155925155925	0.984407484407	0.0155925155925	0.266666666667	0.99896049896	0.266666666667
NSC23766	0.47145997718368166		0.0155925155925	0.984407484407	0.0155925155925	0.266666666667	0.99896049896	0.266666666667
PRIMA-1-Met	0.471893956695739		0.0155925155925	0.984407484407	0.0155925155925	0.266666666667	0.99896049896	0.266666666667
SGX-523	0.4719634191227094	0.037235249188702364	0.0155925155925	0.984407484407	0.0155925155925	0.266666666667	0.99896049896	0.266666666667
BMS-270394	0.4729400397320902	0.04036778883018587	0.0155925155925	0.984407484407	0.0155925155925	0.266666666667	0.99896049896	0.266666666667
avrainvillamide	0.47528269685694324	0.5123586467915838	0.014553014553	0.985446985447	0.014553014553	0.266666666667	0.99896049896	0.266666666667
NSC48300	0.4753419828212848	0.07106701380290815	0.014553014553	0.985446985447	0.014553014553	0.266666666667	0.99896049896	0.266666666667
BRD9647	0.475534630823323	0.5551857086355307	0.014553014553	0.985446985447	0.014553014553	0.266666666667	0.99896049896	0.266666666667
compound 1B	0.4758694774846819	0.029912651584177	0.014553014553	0.985446985447	0.014553014553	0.266666666667	0.99896049896	0.266666666667
NSC30930	0.47658662104922717	0.0033888976562455164	0.014553014553	0.985446985447	0.014553014553	0.266666666667	0.99896049896	0.266666666667
BRD-K24690302	0.4801614994641817	0.5781142921173574	0.012474012474	0.987525987526	0.012474012474	0.266666666667	0.99896049896	0.266666666667
BRD-K26531177	0.4823091689403047	0.041099423015914745	0.012474012474	0.987525987526	0.012474012474	0.266666666667	0.99896049896	0.266666666667
Compound 1541A	0.48515434835838755	0.5007242185273679	0.010395010395	0.989604989605	0.010395010395	0.266666666667	0.99896049896	0.266666666667
XL765	0.48704154259883886	0.015719700414365663	0.00935550935551	0.990644490644	0.00935550935551	0.266666666667	0.99896049896	0.266666666667
ML239	0.4880572533237089	0.025795991237680952	0.00935550935551	0.990644490644	0.00935550935551	0.266666666667	0.99896049896	0.266666666667
BRD-K99006945	0.4922077193223999	0.03265539129154355	0.00935550935551	0.990644490644	0.00935550935551	0.266666666667	0.99896049896	0.266666666667
BRD-K51831558	0.49488108175946	0.5520387854727382	0.00935550935551	0.990644490644	0.00935550935551	0.266666666667	0.99896049896	0.266666666667
dabrafenib	0.5062931036889862	0.03532941363276733	0.00519750519751	0.994802494802	0.00519750519751	0.266666666667	0.99896049896	0.266666666667
PLX-4720	0.5118633975666717	0.04396245263957122	0.00519750519751	0.994802494802	0.00519750519751	0.266666666667	0.99896049896	0.266666666667
ML050	0.5137263475143482	0.6030920091656976	0.00519750519751	0.994802494802	0.00519750519751	0.266666666667	0.99896049896	0.266666666667
tubastatin A	0.5307142646495231	0.41904063823856946	0.002079002079	0.997920997921	0.002079002079	0.266666666667	0.99896049896	0.266666666667
BRD-K29086754	0.5451210692848804	0.41430562171856783	0.0010395010395	0.99896049896	0.0010395010395	0.25	0.99896049896	0.25
O-6-benzylguanine	0.55008335919896	0.6464142371036735	0.0010395010395	0.99896049896	0.0010395010395	0.25	0.99896049896	0.25
