	score	0.95 moe	p-value (forward)	p-value (reverse)	p-value	fdr (forward)	fdr (reverse)	fdr
compound 1B	-0.5486237394121313	0.14144085628249886	0.999750519751	0.00024948024948	0.00024948024948	0.999750519751	0.12	0.12
AZD4547	-0.5167570789065292	0.014740111156343863	0.999043659044	0.000956340956341	0.000956340956341	0.999750519751	0.23	0.23
BRD-K99006945	-0.4842465067458859	0.11085745856367543	0.996715176715	0.00328482328482	0.00328482328482	0.999750519751	0.526666666667	0.526666666667
chlorambucil	-0.45322229808401704	0.12350931431312018	0.99130977131	0.00869022869023	0.00869022869023	0.997531380753	0.548837209302	0.548837209302
BRD-K26531177	-0.4500142340436268	0.04675325883702224	0.990602910603	0.00939708939709	0.00939708939709	0.997531380753	0.548837209302	0.548837209302
lenvatinib	-0.44605751222367157	0.01914828389446187	0.989397089397	0.0106029106029	0.0106029106029	0.997531380753	0.548837209302	0.548837209302
ML162	-0.4457611408358762	0.018737333407325495	0.989230769231	0.0107692307692	0.0107692307692	0.997531380753	0.548837209302	0.548837209302
tubastatin A	-0.4401528443809819	0.07624902484686931	0.987234927235	0.0127650727651	0.0127650727651	0.997531380753	0.548837209302	0.548837209302
staurosporine	-0.4377194803104944	0.022685924055983367	0.986528066528	0.0134719334719	0.0134719334719	0.997531380753	0.548837209302	0.548837209302
CIL55	-0.4359341720720737	0.09257832331357821	0.985821205821	0.0141787941788	0.0141787941788	0.997531380753	0.548837209302	0.548837209302
ML239	-0.4345070302567803	0.021612831592499514	0.985031185031	0.0149688149688	0.0149688149688	0.997531380753	0.548837209302	0.548837209302
CCT036477	-0.43092958667918	0.018581941757028837	0.983367983368	0.016632016632	0.016632016632	0.997531380753	0.548837209302	0.548837209302
SZ4TA2	-0.4265897596416035	0.1134345735511546	0.981413721414	0.0185862785863	0.0185862785863	0.997531380753	0.548837209302	0.548837209302
imatinib	-0.4240592530836871	0.10592199011630889	0.979875259875	0.0201247401247	0.0201247401247	0.997531380753	0.548837209302	0.548837209302
BMS-195614	-0.42278165509229676	0.1270195191694286	0.979168399168	0.0208316008316	0.0208316008316	0.997531380753	0.548837209302	0.548837209302
RG-108	-0.4188821553455107	0.051017329431139076	0.977172557173	0.0228274428274	0.0228274428274	0.997531380753	0.548837209302	0.548837209302
BRD-K51490254	-0.4163245247796982	0.0735898998800658	0.975135135135	0.0248648648649	0.0248648648649	0.997531380753	0.548837209302	0.548837209302
tretinoin	-0.4162385102455001	0.06718044942289572	0.975093555094	0.0249064449064	0.0249064449064	0.997531380753	0.548837209302	0.548837209302
BRD-K42260513	-0.4161417807199685	0.12097471496681754	0.975051975052	0.024948024948	0.024948024948	0.997531380753	0.548837209302	0.548837209302
XL765	-0.41155040051500474	0.020970070321539164	0.972224532225	0.0277754677755	0.0277754677755	0.997531380753	0.548837209302	0.548837209302
ruxolitinib	-0.4104106127189182		0.97130977131	0.0286902286902	0.0286902286902	0.997531380753	0.548837209302	0.548837209302
ML203	-0.4049334587938885		0.966486486486	0.0335135135135	0.0335135135135	0.997531380753	0.548837209302	0.548837209302
PF-4800567 hydrochloride	-0.4026265860113255		0.964158004158	0.035841995842	0.035841995842	0.997531380753	0.548837209302	0.548837209302
cytochalasin B	-0.4025595135145945		0.964158004158	0.035841995842	0.035841995842	0.997531380753	0.548837209302	0.548837209302
olaparib	-0.40249376557797145		0.964074844075	0.0359251559252	0.0359251559252	0.997531380753	0.548837209302	0.548837209302
AZD1480	-0.402126717818233		0.963825363825	0.0361746361746	0.0361746361746	0.997531380753	0.548837209302	0.548837209302
PLX-4032	-0.4017884073788085		0.963700623701	0.0362993762994	0.0362993762994	0.997531380753	0.548837209302	0.548837209302
PRIMA-1-Met	-0.39982536186625167		0.96182952183	0.0381704781705	0.0381704781705	0.997531380753	0.548837209302	0.548837209302
fluvastatin	-0.39959325888845065		0.961663201663	0.0383367983368	0.0383367983368	0.997531380753	0.548837209302	0.548837209302
SGX-523	-0.39738086774447506		0.958835758836	0.0411642411642	0.0411642411642	0.997531380753	0.548837209302	0.548837209302
BRD-A05715709	-0.39550736928668023		0.956881496881	0.0431185031185	0.0431185031185	0.997531380753	0.548837209302	0.548837209302
BRD-K29086754	-0.3951238114763281		0.956424116424	0.0435758835759	0.0435758835759	0.997531380753	0.548837209302	0.548837209302
PLX-4720	-0.39451960444006656		0.955841995842	0.044158004158	0.044158004158	0.997531380753	0.548837209302	0.548837209302
tivozanib	-0.39389087470207296		0.955218295218	0.0447817047817	0.0447817047817	0.997531380753	0.548837209302	0.548837209302
ML050	-0.3935298155468423		0.95501039501	0.0449896049896	0.0449896049896	0.997531380753	0.548837209302	0.548837209302
AT7867	-0.39341716289712764		0.954760914761	0.0452390852391	0.0452390852391	0.997531380753	0.548837209302	0.548837209302
CHIR-99021	-0.3934009827688846		0.954719334719	0.0452806652807	0.0452806652807	0.997531380753	0.548837209302	0.548837209302
serdemetan	-0.39238891776088025		0.953180873181	0.0468191268191	0.0468191268191	0.997531380753	0.548837209302	0.548837209302
BRD9647	-0.39199063333315814		0.952598752599	0.0474012474012	0.0474012474012	0.997531380753	0.548837209302	0.548837209302
KW-2449	-0.3912921703011251		0.951683991684	0.048316008316	0.048316008316	0.997531380753	0.548837209302	0.548837209302
NSC30930	-0.3907606527754162		0.95130977131	0.0486902286902	0.0486902286902	0.997531380753	0.548837209302	0.548837209302
TG-100-115	-0.39039859055042053		0.950977130977	0.0490228690229	0.0490228690229	0.997531380753	0.548837209302	0.548837209302
BMS-270394	-0.3902505570759617		0.950935550936	0.0490644490644	0.0490644490644	0.997531380753	0.548837209302	0.548837209302
SR1001	-0.3873259356844794		0.947650727651	0.0523492723493	0.0523492723493	0.997531380753	0.570212765957	0.570212765957
BRD-K34485477	-0.385609348101152		0.945239085239	0.0547609147609	0.0547609147609	0.997531380753	0.570212765957	0.570212765957
simvastatin	-0.3850551567193252		0.944615384615	0.0553846153846	0.0553846153846	0.997531380753	0.570212765957	0.570212765957
BRD-K24690302	-0.38484780742733216		0.944282744283	0.0557172557173	0.0557172557173	0.997531380753	0.570212765957	0.570212765957
Compound 1541A	-0.38349463912300347		0.942577962578	0.057422037422	0.057422037422	0.997531380753	0.571020408163	0.571020408163
CBB-1007	-0.38291735936198634		0.94182952183	0.0581704781705	0.0581704781705	0.997531380753	0.571020408163	0.571020408163
pitstop2	-0.38178924244254536		0.940041580042	0.0599584199584	0.0599584199584	0.997531380753	0.5768	0.5768
Ki8751	-0.37970086872461484		0.937130977131	0.062869022869	0.062869022869	0.997531380753	0.592941176471	0.592941176471
CAY10576	-0.37686874563589723		0.933388773389	0.0666112266112	0.0666112266112	0.997531380753	0.59298245614	0.59298245614
pazopanib	-0.37677751736316284		0.933180873181	0.0668191268191	0.0668191268191	0.997531380753	0.59298245614	0.59298245614
avrainvillamide	-0.37618110336074706		0.932390852391	0.0676091476091	0.0676091476091	0.997531380753	0.59298245614	0.59298245614
lovastatin	-0.37518686219948844		0.930686070686	0.0693139293139	0.0693139293139	0.997531380753	0.59298245614	0.59298245614
IPR-456	-0.3745650307235352		0.929979209979	0.0700207900208	0.0700207900208	0.997531380753	0.59298245614	0.59298245614
NSC48300	-0.37430994021437236		0.92972972973	0.0702702702703	0.0702702702703	0.997531380753	0.59298245614	0.59298245614
tandutinib	-0.37231560074123327		0.926777546778	0.0732224532225	0.0732224532225	0.997531380753	0.595666666667	0.595666666667
foretinib	-0.3718423583877443		0.925821205821	0.0741787941788	0.0741787941788	0.997531380753	0.595666666667	0.595666666667
axitinib	-0.3717382816994773		0.925696465696	0.0743035343035	0.0743035343035	0.997531380753	0.595666666667	0.595666666667
epigallocatechin-3-monogallate	-0.36994063597633126		0.92316008316	0.0768399168399	0.0768399168399	0.997531380753	0.597974683544	0.597974683544
UNC0638	-0.3686518780861453		0.921205821206	0.0787941787942	0.0787941787942	0.997531380753	0.597974683544	0.597974683544
NSC23766	-0.36788227761065334		0.920124740125	0.0798752598753	0.0798752598753	0.997531380753	0.597974683544	0.597974683544
nilotinib	-0.3675132238803168		0.919625779626	0.0803742203742	0.0803742203742	0.997531380753	0.597974683544	0.597974683544
ML210	-0.366021758213118		0.916798336798	0.0832016632017	0.0832016632017	0.997531380753	0.597974683544	0.597974683544
PYR-41	-0.36578277923780494		0.916465696466	0.0835343035343	0.0835343035343	0.997531380753	0.597974683544	0.597974683544
BRD-K04800985	-0.36489752986739754		0.914594594595	0.0854054054054	0.0854054054054	0.997531380753	0.597974683544	0.597974683544
sildenafil	-0.3646758976414759		0.91422037422	0.0857796257796	0.0857796257796	0.997531380753	0.597974683544	0.597974683544
TGX-221	-0.363577881685209		0.912474012474	0.087525987526	0.087525987526	0.997531380753	0.597974683544	0.597974683544
RITA	-0.3626553933821232		0.910644490644	0.0893555093555	0.0893555093555	0.997531380753	0.597974683544	0.597974683544
CIL56	-0.36210421561824063		0.90972972973	0.0902702702703	0.0902702702703	0.997531380753	0.597974683544	0.597974683544
1S,3R-RSL-3	-0.36172329926997554		0.909397089397	0.0906029106029	0.0906029106029	0.997531380753	0.597974683544	0.597974683544
CIL41	-0.3608407368532084		0.9079002079	0.0920997920998	0.0920997920998	0.997531380753	0.597974683544	0.597974683544
IC-87114	-0.35970525111950874		0.905654885655	0.0943451143451	0.0943451143451	0.997531380753	0.597974683544	0.597974683544
cabozantinib	-0.35970447722397314		0.905654885655	0.0943451143451	0.0943451143451	0.997531380753	0.597974683544	0.597974683544
cediranib	-0.3590678451144683		0.904490644491	0.0955093555094	0.0955093555094	0.997531380753	0.597974683544	0.597974683544
fumonisin B1	-0.35832933730003824		0.902785862786	0.0972141372141	0.0972141372141	0.997531380753	0.597974683544	0.597974683544
ML083	-0.35809516316043		0.902328482328	0.0976715176715	0.0976715176715	0.997531380753	0.597974683544	0.597974683544
GSK-3 inhibitor IX	-0.3579177062417259		0.901787941788	0.0982120582121	0.0982120582121	0.997531380753	0.597974683544	0.597974683544
BRD-K33199242	-0.3561048879490011		0.898087318087	0.101912681913	0.101912681913	0.997531380753	0.603294117647	0.603294117647
tacrolimus	-0.3560407827312782		0.898087318087	0.101912681913	0.101912681913	0.997531380753	0.603294117647	0.603294117647
tipifarnib-P1	-0.354642562038276		0.8958004158	0.1041995842	0.1041995842	0.997531380753	0.603294117647	0.603294117647
NSC95397	-0.35393878552092684		0.894428274428	0.105571725572	0.105571725572	0.997531380753	0.603294117647	0.603294117647
erastin	-0.35374089936706155		0.893970893971	0.106029106029	0.106029106029	0.997531380753	0.603294117647	0.603294117647
bendamustine	-0.35346184638099026		0.893388773389	0.106611226611	0.106611226611	0.997531380753	0.603294117647	0.603294117647
BRD-K94991378	-0.34762920042363177		0.882203742204	0.117796257796	0.117796257796	0.997531380753	0.642888888889	0.642888888889
thalidomide	-0.3472951624041099		0.881746361746	0.118253638254	0.118253638254	0.997531380753	0.642888888889	0.642888888889
neopeltolide	-0.34723921969834604		0.881704781705	0.118295218295	0.118295218295	0.997531380753	0.642888888889	0.642888888889
JW-55	-0.3463270251337094		0.879916839917	0.120083160083	0.120083160083	0.997531380753	0.642888888889	0.642888888889
BRD-K51831558	-0.3462340601956394		0.879708939709	0.120291060291	0.120291060291	0.997531380753	0.642888888889	0.642888888889
isonicotinohydroxamic acid	-0.34416866317531336		0.874927234927	0.125072765073	0.125072765073	0.997531380753	0.661098901099	0.661098901099
MGCD-265	-0.3420835146582479		0.869521829522	0.130478170478	0.130478170478	0.997531380753	0.682173913043	0.682173913043
cyclophosphamide	-0.3395628965013609		0.864158004158	0.135841995842	0.135841995842	0.997531380753	0.69914893617	0.69914893617
avicin D	-0.33929802619593324		0.863367983368	0.136632016632	0.136632016632	0.997531380753	0.69914893617	0.69914893617
A-804598	-0.3376298539389719		0.859459459459	0.140540540541	0.140540540541	0.997531380753	0.711578947368	0.711578947368
nintedanib	-0.33649686087945596		0.857089397089	0.142910602911	0.142910602911	0.997531380753	0.716041666667	0.716041666667
palmostatin B	-0.33430288012146175		0.851434511435	0.148565488565	0.148565488565	0.997531380753	0.717523809524	0.717523809524
BIX-01294	-0.3338749510296748		0.850395010395	0.149604989605	0.149604989605	0.997531380753	0.717523809524	0.717523809524
BRD-K11533227	-0.3322286852912095		0.846902286902	0.153097713098	0.153097713098	0.997531380753	0.717523809524	0.717523809524
FGIN-1-27	-0.3319422636678164		0.846195426195	0.153804573805	0.153804573805	0.997531380753	0.717523809524	0.717523809524
STF-31	-0.3318781553770412		0.846070686071	0.153929313929	0.153929313929	0.997531380753	0.717523809524	0.717523809524
BRD-K37390332	-0.33148178528614203		0.845197505198	0.154802494802	0.154802494802	0.997531380753	0.717523809524	0.717523809524
BRD-K48477130	-0.3313463541637906		0.844948024948	0.155051975052	0.155051975052	0.997531380753	0.717523809524	0.717523809524
manumycin A	-0.3311862110081091		0.844407484407	0.155592515593	0.155592515593	0.997531380753	0.717523809524	0.717523809524
veliparib	-0.33074820961766765		0.843367983368	0.156632016632	0.156632016632	0.997531380753	0.717523809524	0.717523809524
quizartinib	-0.33010525273678765		0.841621621622	0.158378378378	0.158378378378	0.997531380753	0.718679245283	0.718679245283
AC55649	-0.32732282989017886		0.834095634096	0.165904365904	0.165904365904	0.997531380753	0.741705426357	0.741705426357
BRD-M00053801	-0.3266305561020241		0.831808731809	0.168191268191	0.168191268191	0.997531380753	0.741705426357	0.741705426357
azacitidine	-0.3243011951819538		0.826029106029	0.173970893971	0.173970893971	0.997531380753	0.741705426357	0.741705426357
ML320	-0.32381886718892655		0.824948024948	0.175051975052	0.175051975052	0.997531380753	0.741705426357	0.741705426357
ABT-199	-0.3232787870527978		0.823617463617	0.176382536383	0.176382536383	0.997531380753	0.741705426357	0.741705426357
BRD-K44224150	-0.3226204421095716		0.821663201663	0.178336798337	0.178336798337	0.997531380753	0.741705426357	0.741705426357
SID 26681509	-0.32202692227085017		0.820457380457	0.179542619543	0.179542619543	0.997531380753	0.741705426357	0.741705426357
CAL-101	-0.3212587706937363		0.81841995842	0.18158004158	0.18158004158	0.997531380753	0.741705426357	0.741705426357
sunitinib	-0.320576323862279		0.816964656965	0.183035343035	0.183035343035	0.997531380753	0.741705426357	0.741705426357
CIL70	-0.32055185672841097		0.816881496881	0.183118503119	0.183118503119	0.997531380753	0.741705426357	0.741705426357
JW-74	-0.3203237064662833		0.816340956341	0.183659043659	0.183659043659	0.997531380753	0.741705426357	0.741705426357
fulvestrant	-0.31966635827759654		0.814802494802	0.185197505198	0.185197505198	0.997531380753	0.741705426357	0.741705426357
GMX-1778	-0.3189341604535792		0.812972972973	0.187027027027	0.187027027027	0.997531380753	0.741705426357	0.741705426357
NPC-26	-0.318393501739456		0.811476091476	0.188523908524	0.188523908524	0.997531380753	0.741705426357	0.741705426357
ouabain	-0.3182527456910028		0.811018711019	0.188981288981	0.188981288981	0.997531380753	0.741705426357	0.741705426357
vorapaxar	-0.3168447945692241		0.808191268191	0.191808731809	0.191808731809	0.997531380753	0.741705426357	0.741705426357
PRL-3 inhibitor I	-0.3157580521185974		0.805114345114	0.194885654886	0.194885654886	0.997531380753	0.741705426357	0.741705426357
AT-406	-0.315675179380781		0.804948024948	0.195051975052	0.195051975052	0.997531380753	0.741705426357	0.741705426357
navitoclax	-0.3156310568148924		0.804864864865	0.195135135135	0.195135135135	0.997531380753	0.741705426357	0.741705426357
KH-CB19	-0.3152118510448636		0.803825363825	0.196174636175	0.196174636175	0.997531380753	0.741705426357	0.741705426357
SKI-II	-0.31482082744457157		0.803076923077	0.196923076923	0.196923076923	0.997531380753	0.741705426357	0.741705426357
BRD-K92856060	-0.3146564694978251		0.802577962578	0.197422037422	0.197422037422	0.997531380753	0.741705426357	0.741705426357
nelarabine	-0.3140751116075193		0.801081081081	0.198918918919	0.198918918919	0.997531380753	0.741705426357	0.741705426357
GANT-61	-0.312013615242809		0.795717255717	0.204282744283	0.204282744283	0.997531380753	0.755846153846	0.755846153846
ifosfamide	-0.30786889806690143		0.78474012474	0.21525987526	0.21525987526	0.997531380753	0.789696969697	0.789696969697
CID-5951923	-0.3073646370836111		0.783284823285	0.216715176715	0.216715176715	0.997531380753	0.789696969697	0.789696969697
bexarotene	-0.30553062410169973		0.778336798337	0.221663201663	0.221663201663	0.997531380753	0.793823529412	0.793823529412
BCL-LZH-4	-0.30520148213063497		0.777463617464	0.222536382536	0.222536382536	0.997531380753	0.793823529412	0.793823529412
sorafenib	-0.30509574967222625		0.777172557173	0.222827442827	0.222827442827	0.997531380753	0.793823529412	0.793823529412
BRD-K14844214	-0.3045258560153399		0.775550935551	0.224449064449	0.224449064449	0.997531380753	0.793823529412	0.793823529412
PI-103	-0.3038246047442183		0.773222453222	0.226777546778	0.226777546778	0.997531380753	0.794057971014	0.794057971014
etoposide	-0.303412974982051		0.772182952183	0.227817047817	0.227817047817	0.997531380753	0.794057971014	0.794057971014
KU-0063794	-0.3025877696321357		0.769688149688	0.230311850312	0.230311850312	0.997531380753	0.796978417266	0.796978417266
alisertib	-0.30039370391883247		0.762037422037	0.237962577963	0.237962577963	0.997531380753	0.799215686275	0.799215686275
BRD-K34099515	-0.30037524014304956		0.762037422037	0.237962577963	0.237962577963	0.997531380753	0.799215686275	0.799215686275
ML334 diastereomer	-0.30024345886973247		0.761621621622	0.238378378378	0.238378378378	0.997531380753	0.799215686275	0.799215686275
GSK2636771	-0.29995516067062383		0.760997920998	0.239002079002	0.239002079002	0.997531380753	0.799215686275	0.799215686275
importazole	-0.2983629834911452		0.757047817048	0.242952182952	0.242952182952	0.997531380753	0.799215686275	0.799215686275
NSC632839	-0.2979770974042282		0.755966735967	0.244033264033	0.244033264033	0.997531380753	0.799215686275	0.799215686275
BIBR-1532	-0.29767917283381234		0.754885654886	0.245114345114	0.245114345114	0.997531380753	0.799215686275	0.799215686275
BRD8899	-0.297359581017062		0.75422037422	0.24577962578	0.24577962578	0.997531380753	0.799215686275	0.799215686275
dasatinib	-0.29673940971880275		0.752557172557	0.247442827443	0.247442827443	0.997531380753	0.799215686275	0.799215686275
BRD-K86535717	-0.296263633913506		0.750977130977	0.249022869023	0.249022869023	0.997531380753	0.799215686275	0.799215686275
PX-12	-0.2951968531666722		0.748482328482	0.251517671518	0.251517671518	0.997531380753	0.799215686275	0.799215686275
LY-2183240	-0.2950755960529597		0.747983367983	0.252016632017	0.252016632017	0.997531380753	0.799215686275	0.799215686275
pifithrin-alpha	-0.29457492522682316		0.746403326403	0.253596673597	0.253596673597	0.997531380753	0.799215686275	0.799215686275
PF-184	-0.29440613497036894		0.74577962578	0.25422037422	0.25422037422	0.997531380753	0.799215686275	0.799215686275
dacarbazine	-0.2928368132598579		0.740540540541	0.259459459459	0.259459459459	0.997531380753	0.80735483871	0.80735483871
CD-1530	-0.2925900689943572		0.739833679834	0.260166320166	0.260166320166	0.997531380753	0.80735483871	0.80735483871
SN-38	-0.29162505840053315		0.737006237006	0.262993762994	0.262993762994	0.997531380753	0.807484662577	0.807484662577
QW-BI-011	-0.29109780709749583		0.735218295218	0.264781704782	0.264781704782	0.997531380753	0.807484662577	0.807484662577
tamatinib	-0.28968796814253134		0.731018711019	0.268981288981	0.268981288981	0.997531380753	0.807484662577	0.807484662577
ELCPK	-0.2892905459383238		0.729896049896	0.270103950104	0.270103950104	0.997531380753	0.807484662577	0.807484662577
momelotinib	-0.2889202656990993		0.728523908524	0.271476091476	0.271476091476	0.997531380753	0.807484662577	0.807484662577
MG-132	-0.28890042325787185		0.728482328482	0.271517671518	0.271517671518	0.997531380753	0.807484662577	0.807484662577
BMS-754807	-0.28855405923856076		0.727318087318	0.272681912682	0.272681912682	0.997531380753	0.807484662577	0.807484662577
AZD6482	-0.28823873391576765		0.726361746362	0.273638253638	0.273638253638	0.997531380753	0.807484662577	0.807484662577
darinaparsin	-0.28734136674975774		0.723367983368	0.276632016632	0.276632016632	0.997531380753	0.811341463415	0.811341463415
NVP-BSK805	-0.286297874733143		0.720124740125	0.279875259875	0.279875259875	0.997531380753	0.811609195402	0.811609195402
AZD7762	-0.2847670157065258		0.714844074844	0.285155925156	0.285155925156	0.997531380753	0.811609195402	0.811609195402
CIL55A	-0.28470296708529674		0.714553014553	0.285446985447	0.285446985447	0.997531380753	0.811609195402	0.811609195402
purmorphamine	-0.2843283081269156		0.713180873181	0.286819126819	0.286819126819	0.997531380753	0.811609195402	0.811609195402
Ch-55	-0.2832013225830299		0.709771309771	0.290228690229	0.290228690229	0.997531380753	0.811609195402	0.811609195402
NVP-ADW742	-0.28306283002182603		0.709272349272	0.290727650728	0.290727650728	0.997531380753	0.811609195402	0.811609195402
BRD-K90370028	-0.28283908569981314		0.708440748441	0.291559251559	0.291559251559	0.997531380753	0.811609195402	0.811609195402
BEC	-0.28280486078283396		0.708316008316	0.291683991684	0.291683991684	0.997531380753	0.811609195402	0.811609195402
BRD-A02303741	-0.28237751635243824		0.707193347193	0.292806652807	0.292806652807	0.997531380753	0.811609195402	0.811609195402
BRD-K71935468	-0.28221741631341485		0.706403326403	0.293596673597	0.293596673597	0.997531380753	0.811609195402	0.811609195402
BRD-K34222889	-0.28043429896819927		0.70079002079	0.29920997921	0.29920997921	0.997531380753	0.812921348315	0.812921348315
MK-0752	-0.2804330835338917		0.70079002079	0.29920997921	0.29920997921	0.997531380753	0.812921348315	0.812921348315
ETP-46464	-0.28021218238804274		0.700041580042	0.299958419958	0.299958419958	0.997531380753	0.812921348315	0.812921348315
BRD-K35604418	-0.2799052710613575		0.699168399168	0.300831600832	0.300831600832	0.997531380753	0.812921348315	0.812921348315
PRIMA-1	-0.2781585332040044		0.692390852391	0.307609147609	0.307609147609	0.997531380753	0.826592178771	0.826592178771
AM-580	-0.2774897562022341		0.690145530146	0.309854469854	0.309854469854	0.997531380753	0.828	0.828
BRD1812	-0.2769991901635887		0.688274428274	0.311725571726	0.311725571726	0.997531380753	0.828397790055	0.828397790055
QS-11	-0.27447020887660645		0.679542619543	0.320457380457	0.320457380457	0.997531380753	0.846923076923	0.846923076923
PIK-93	-0.2732409340347739		0.675509355509	0.324490644491	0.324490644491	0.997531380753	0.847340425532	0.847340425532
niclosamide	-0.27230860368124155		0.6720997921	0.3279002079	0.3279002079	0.997531380753	0.847340425532	0.847340425532
LE-135	-0.2720470150042163		0.671434511435	0.328565488565	0.328565488565	0.997531380753	0.847340425532	0.847340425532
UNC0321	-0.27165416133299863		0.669937629938	0.330062370062	0.330062370062	0.997531380753	0.847340425532	0.847340425532
temozolomide	-0.27146604499250865		0.669563409563	0.330436590437	0.330436590437	0.997531380753	0.847340425532	0.847340425532
NVP-BEZ235	-0.271258904494673		0.668814968815	0.331185031185	0.331185031185	0.997531380753	0.847340425532	0.847340425532
HLI 373	-0.26979075054883733		0.664158004158	0.335841995842	0.335841995842	0.997531380753	0.854708994709	0.854708994709
NVP-TAE684	-0.2675438557704422		0.655925155925	0.344074844075	0.344074844075	0.997531380753	0.867434554974	0.867434554974
teniposide	-0.2674248200080748		0.655550935551	0.344449064449	0.344449064449	0.997531380753	0.867434554974	0.867434554974
nutlin-3	-0.266151929339795		0.651683991684	0.348316008316	0.348316008316	0.997531380753	0.872604166667	0.872604166667
WP1130	-0.2650028112952099		0.647318087318	0.352681912682	0.352681912682	0.997531380753	0.875773195876	0.875773195876
FQI-1	-0.264793977259284		0.646777546778	0.353222453222	0.353222453222	0.997531380753	0.875773195876	0.875773195876
R428	-0.26185986134645		0.638087318087	0.361912681913	0.361912681913	0.997531380753	0.885025125628	0.885025125628
triazolothiadiazine	-0.2617155890656819		0.63738045738	0.36261954262	0.36261954262	0.997531380753	0.885025125628	0.885025125628
BRD-K66532283	-0.2616837923997175		0.637255717256	0.362744282744	0.362744282744	0.997531380753	0.885025125628	0.885025125628
regorafenib	-0.2610983629785514		0.635051975052	0.364948024948	0.364948024948	0.997531380753	0.885025125628	0.885025125628
CI-976	-0.26069129982897604		0.633846153846	0.366153846154	0.366153846154	0.997531380753	0.885025125628	0.885025125628
doxorubicin	-0.25860607082524545		0.627817047817	0.372182952183	0.372182952183	0.997531380753	0.887586206897	0.887586206897
cucurbitacin I	-0.25825376248636656		0.627234927235	0.372765072765	0.372765072765	0.997531380753	0.887586206897	0.887586206897
ZSTK474	-0.2580187892948957		0.626361746362	0.373638253638	0.373638253638	0.997531380753	0.887586206897	0.887586206897
DBeQ	-0.2577677143281511		0.625405405405	0.374594594595	0.374594594595	0.997531380753	0.887586206897	0.887586206897
BRD-K75293299	-0.2571219832313297		0.623076923077	0.376923076923	0.376923076923	0.997531380753	0.888725490196	0.888725490196
BRD8958	-0.25388978770326565		0.612266112266	0.387733887734	0.387733887734	0.997531380753	0.909417475728	0.909417475728
SMER-3	-0.2533715085418902		0.61051975052	0.38948024948	0.38948024948	0.997531380753	0.909417475728	0.909417475728
TG-101348	-0.2503654569861246		0.601496881497	0.398503118503	0.398503118503	0.997531380753	0.925990338164	0.925990338164
dexamethasone	-0.24923322005094484		0.59841995842	0.40158004158	0.40158004158	0.997531380753	0.928653846154	0.928653846154
SB-225002	-0.244703396808078		0.584282744283	0.415717255717	0.415717255717	0.997531380753	0.945471698113	0.945471698113
ML031	-0.24451771808331374		0.583575883576	0.416424116424	0.416424116424	0.997531380753	0.945471698113	0.945471698113
tigecycline	-0.24444938975770442		0.583284823285	0.416715176715	0.416715176715	0.997531380753	0.945471698113	0.945471698113
sirolimus	-0.24444487842378862		0.583284823285	0.416715176715	0.416715176715	0.997531380753	0.945471698113	0.945471698113
B02	-0.24127597891570982		0.574261954262	0.425738045738	0.425738045738	0.997531380753	0.958504672897	0.958504672897
vincristine	-0.24094313420445426		0.573555093555	0.426444906445	0.426444906445	0.997531380753	0.958504672897	0.958504672897
EX-527	-0.24026200044440943		0.571517671518	0.428482328482	0.428482328482	0.997531380753	0.958604651163	0.958604651163
BRD-K96970199	-0.2374113976342575		0.563201663202	0.436798336798	0.436798336798	0.997531380753	0.972685185185	0.972685185185
parthenolide	-0.23626792305098912		0.559750519751	0.440249480249	0.440249480249	0.997531380753	0.975852534562	0.975852534562
parbendazole	-0.23292220878060657		0.549937629938	0.450062370062	0.450062370062	0.997531380753	0.993027522936	0.993027522936
masitinib	-0.22301246512040637		0.526444906445	0.473555093555	0.473555093555	0.962813688213	0.999376299376	0.999376299376
silmitasertib	-0.22260862536605386		0.52553014553	0.47446985447	0.47446985447	0.962813688213	0.999376299376	0.999376299376
SCH-529074	-0.21989933994838223		0.520706860707	0.479293139293	0.479293139293	0.959616858238	0.999376299376	0.999376299376
BRD4132	-0.2192149165213918		0.519542619543	0.480457380457	0.480457380457	0.959616858238	0.999376299376	0.999376299376
methylstat	-0.21427015845800812		0.510228690229	0.489771309771	0.489771309771	0.947567567568	0.999376299376	0.999376299376
LRRK2-IN-1	-0.20557000616742463		0.500415800416	0.499584199584	0.499584199584	0.932945736434	0.999376299376	0.999376299376
AZD8055	-0.2006573076761747		0.496008316008	0.503991683992	0.503991683992	0.928326848249	0.999376299376	0.999376299376
obatoclax	-0.196220779551266		0.492848232848	0.507151767152	0.507151767152	0.926015625	0.999376299376	0.999376299376
temsirolimus	-0.18937931894614252		0.488981288981	0.511018711019	0.511018711019	0.922352941176	0.999376299376	0.999376299376
BRD-K09344309	0.20063571670949104		0.470769230769	0.529230769231	0.470769230769	0.891496062992	0.999376299376	0.891496062992
ML312	0.22000042040490006		0.446029106029	0.553970893971	0.446029106029	0.847984189723	0.999376299376	0.847984189723
myricetin	0.22071266233616044		0.444532224532	0.555467775468	0.444532224532	0.847984189723	0.999376299376	0.847984189723
BRD9876	0.222251015795007		0.441372141372	0.558627858628	0.441372141372	0.845816733068	0.999376299376	0.845816733068
BRD-K48334597	0.22406626171764152		0.437796257796	0.562203742204	0.437796257796	0.84232	0.999376299376	0.84232
BRD-A94377914	0.2263548057296877		0.432806652807	0.567193347193	0.432806652807	0.836064257028	0.999376299376	0.836064257028
JQ-1	0.22727549513047549		0.431351351351	0.568648648649	0.431351351351	0.836064257028	0.999376299376	0.836064257028
KU 0060648	0.2274372824071561		0.430810810811	0.569189189189	0.430810810811	0.836064257028	0.999376299376	0.836064257028
BRD-K78574327	0.22769223421896867		0.430353430353	0.569646569647	0.430353430353	0.836064257028	0.999376299376	0.836064257028
cimetidine	0.22941629769361743		0.426611226611	0.573388773389	0.426611226611	0.836064257028	0.999376299376	0.836064257028
SB-743921	0.22979362324833802		0.425987525988	0.574012474012	0.425987525988	0.836064257028	0.999376299376	0.836064257028
abiraterone	0.23245926449982726		0.418835758836	0.581164241164	0.418835758836	0.829053497942	0.999376299376	0.829053497942
HBX-41108	0.23522176700599856		0.411226611227	0.588773388773	0.411226611227	0.817355371901	0.999376299376	0.817355371901
BRD-K30019337	0.23525378473513744		0.411185031185	0.588814968815	0.411185031185	0.817355371901	0.999376299376	0.817355371901
paclitaxel	0.23584732529992194		0.409854469854	0.590145530146	0.409854469854	0.817355371901	0.999376299376	0.817355371901
TW-37	0.23973689403616597		0.399833679834	0.600166320166	0.399833679834	0.804686192469	0.999376299376	0.804686192469
PF-573228	0.239784399111251		0.399708939709	0.600291060291	0.399708939709	0.804686192469	0.999376299376	0.804686192469
BRD-K96431673	0.24123180601994146		0.396216216216	0.603783783784	0.396216216216	0.804135021097	0.999376299376	0.804135021097
GSK1059615	0.24247936282934016		0.393721413721	0.606278586279	0.393721413721	0.802457627119	0.999376299376	0.802457627119
BRD-K84807411	0.24537671197353556		0.384698544699	0.615301455301	0.384698544699	0.787404255319	0.999376299376	0.787404255319
salermide	0.24598721601480955		0.382952182952	0.617047817048	0.382952182952	0.787179487179	0.999376299376	0.787179487179
prochlorperazine	0.24681984573895624		0.38103950104	0.61896049896	0.38103950104	0.78660944206	0.999376299376	0.78660944206
NSC19630	0.24724821400844357		0.379667359667	0.620332640333	0.379667359667	0.78660944206	0.999376299376	0.78660944206
betulinic acid	0.24752357495666263		0.379043659044	0.620956340956	0.379043659044	0.78660944206	0.999376299376	0.78660944206
FQI-2	0.24765103042071696		0.378544698545	0.621455301455	0.378544698545	0.78660944206	0.999376299376	0.78660944206
CHM-1	0.2480867111312391		0.377214137214	0.622785862786	0.377214137214	0.78660944206	0.999376299376	0.78660944206
BRD-K70511574	0.24823100917777502		0.376507276507	0.623492723493	0.376507276507	0.78660944206	0.999376299376	0.78660944206
tipifarnib-P2	0.2529829196607287		0.362328482328	0.637671517672	0.362328482328	0.767753303965	0.999376299376	0.767753303965
KX2-391	0.25332510306424105		0.361288981289	0.638711018711	0.361288981289	0.767753303965	0.999376299376	0.767753303965
AT13387	0.25409295873475435		0.358544698545	0.641455301455	0.358544698545	0.766488888889	0.999376299376	0.766488888889
PL-DI	0.2548905817010437		0.356424116424	0.643575883576	0.356424116424	0.765357142857	0.999376299376	0.765357142857
nakiterpiosin	0.25537993508397505		0.354677754678	0.645322245322	0.354677754678	0.765022421525	0.999376299376	0.765022421525
rigosertib	0.2557998060800838		0.353222453222	0.646777546778	0.353222453222	0.765022421525	0.999376299376	0.765022421525
AZ-3146	0.25755482396220325		0.346943866944	0.653056133056	0.346943866944	0.755113122172	0.999376299376	0.755113122172
SRT-1720	0.2579651443607732		0.345613305613	0.654386694387	0.345613305613	0.755113122172	0.999376299376	0.755113122172
BRD-K66453893	0.25946470697065005		0.340748440748	0.659251559252	0.340748440748	0.748401826484	0.999376299376	0.748401826484
NVP-231	0.26043523934168583		0.337879417879	0.662120582121	0.337879417879	0.745504587156	0.999376299376	0.745504587156
I-BET151	0.2606901141389582		0.336798336798	0.663201663202	0.336798336798	0.745504587156	0.999376299376	0.745504587156
GDC-0941	0.26168238126097043		0.333970893971	0.666029106029	0.333970893971	0.743703703704	0.999376299376	0.743703703704
WZ4002	0.26338544146852305		0.329147609148	0.670852390852	0.329147609148	0.736372093023	0.999376299376	0.736372093023
cerulenin	0.26382992947700495		0.327567567568	0.672432432432	0.327567567568	0.736261682243	0.999376299376	0.736261682243
Bax channel blocker	0.2641628078498941		0.32656964657	0.67343035343	0.32656964657	0.736261682243	0.999376299376	0.736261682243
omacetaxine mepesuccinate	0.2644273030754159		0.325696465696	0.674303534304	0.325696465696	0.736261682243	0.999376299376	0.736261682243
BI-2536	0.26528146221076077		0.323575883576	0.676424116424	0.323575883576	0.736261682243	0.999376299376	0.736261682243
SNX-2112	0.2653748024455194		0.323367983368	0.676632016632	0.323367983368	0.736261682243	0.999376299376	0.736261682243
OSI-027	0.2667066704888779		0.31920997921	0.68079002079	0.31920997921	0.734641148325	0.999376299376	0.734641148325
MK-2206	0.2692603951006484		0.311600831601	0.688399168399	0.311600831601	0.720576923077	0.999376299376	0.720576923077
pyrazolanthrone	0.2700345651569358		0.309147609148	0.690852390852	0.309147609148	0.718357487923	0.999376299376	0.718357487923
GW-405833	0.27165947191790213		0.304158004158	0.695841995842	0.304158004158	0.710194174757	0.999376299376	0.710194174757
PF-3758309	0.2717413175648914		0.304033264033	0.695966735967	0.304033264033	0.710194174757	0.999376299376	0.710194174757
tivantinib	0.27199266526146404		0.303451143451	0.696548856549	0.303451143451	0.710194174757	0.999376299376	0.710194174757
ML311	0.2725403972939437		0.301663201663	0.698336798337	0.301663201663	0.710194174757	0.999376299376	0.710194174757
tanespimycin	0.2728926086797419		0.300623700624	0.699376299376	0.300623700624	0.710194174757	0.999376299376	0.710194174757
gemcitabine	0.2732311594143319		0.299334719335	0.700665280665	0.299334719335	0.710194174757	0.999376299376	0.710194174757
YK 4-279	0.27366281624274413		0.298087318087	0.701912681913	0.298087318087	0.710194174757	0.999376299376	0.710194174757
topotecan	0.27376550091486207		0.29762993763	0.70237006237	0.29762993763	0.710194174757	0.999376299376	0.710194174757
PAC-1	0.2739299482297963		0.297297297297	0.702702702703	0.297297297297	0.710194174757	0.999376299376	0.710194174757
SJ-172550	0.275131820299799		0.294095634096	0.705904365904	0.294095634096	0.710194174757	0.999376299376	0.710194174757
N9-isopropylolomoucine	0.27517653721021784		0.294012474012	0.705987525988	0.294012474012	0.710194174757	0.999376299376	0.710194174757
ML006	0.2773980507048679		0.287401247401	0.712598752599	0.287401247401	0.708923076923	0.999376299376	0.708923076923
KPT185	0.27867004454018934		0.283659043659	0.716340956341	0.283659043659	0.703298969072	0.999376299376	0.703298969072
WZ8040	0.27891942450120116		0.282785862786	0.717214137214	0.282785862786	0.703298969072	0.999376299376	0.703298969072
pluripotin	0.27918970305376734		0.282037422037	0.717962577963	0.282037422037	0.703298969072	0.999376299376	0.703298969072
BRD-K80183349	0.2793056946977843		0.281663201663	0.718336798337	0.281663201663	0.703298969072	0.999376299376	0.703298969072
piperlongumine	0.279671452134258		0.280374220374	0.719625779626	0.280374220374	0.703298969072	0.999376299376	0.703298969072
bafilomycin A1	0.28030805212439924		0.278752598753	0.721247401247	0.278752598753	0.703298969072	0.999376299376	0.703298969072
daporinad	0.28077338431110954		0.276923076923	0.723076923077	0.276923076923	0.703298969072	0.999376299376	0.703298969072
mitomycin	0.28080705514481163		0.27683991684	0.72316008316	0.27683991684	0.703298969072	0.999376299376	0.703298969072
BRD-K27224038	0.28087468544626115		0.276632016632	0.723367983368	0.276632016632	0.703298969072	0.999376299376	0.703298969072
oligomycin A	0.28115142416306144		0.275758835759	0.724241164241	0.275758835759	0.703298969072	0.999376299376	0.703298969072
valdecoxib	0.2823015535417211		0.272390852391	0.727609147609	0.272390852391	0.703298969072	0.999376299376	0.703298969072
BRD-K45681478	0.28256674549962085		0.271559251559	0.728440748441	0.271559251559	0.703298969072	0.999376299376	0.703298969072
clofarabine	0.28322634418282483		0.268898128898	0.731101871102	0.268898128898	0.703298969072	0.999376299376	0.703298969072
gossypol	0.28325211333619144		0.268814968815	0.731185031185	0.268814968815	0.703298969072	0.999376299376	0.703298969072
CAY10594	0.2846103349314335		0.264490644491	0.735509355509	0.264490644491	0.703298969072	0.999376299376	0.703298969072
GSK461364	0.2855049565503402		0.261746361746	0.738253638254	0.261746361746	0.703298969072	0.999376299376	0.703298969072
GSK4112	0.2863943491120258		0.258835758836	0.741164241164	0.258835758836	0.699438202247	0.999376299376	0.699438202247
ciclosporin	0.28676756357545763		0.257671517672	0.742328482328	0.257671517672	0.699438202247	0.999376299376	0.699438202247
RAF265	0.28696880907620204		0.256881496881	0.743118503119	0.256881496881	0.699438202247	0.999376299376	0.699438202247
phloretin	0.28705186900611307		0.256673596674	0.743326403326	0.256673596674	0.699438202247	0.999376299376	0.699438202247
BRD-K63431240	0.28720474625482395		0.256091476091	0.743908523909	0.256091476091	0.699438202247	0.999376299376	0.699438202247
StemRegenin 1	0.28779846327274894		0.254553014553	0.745446985447	0.254553014553	0.699438202247	0.999376299376	0.699438202247
neuronal differentiation inducer III	0.2879127981222336		0.25422037422	0.74577962578	0.25422037422	0.699438202247	0.999376299376	0.699438202247
crizotinib	0.2882139300548945		0.253139293139	0.746860706861	0.253139293139	0.699438202247	0.999376299376	0.699438202247
bardoxolone methyl	0.2884935907601874		0.252474012474	0.747525987526	0.252474012474	0.699438202247	0.999376299376	0.699438202247
BMS-345541	0.28952864422477764		0.249272349272	0.750727650728	0.249272349272	0.699438202247	0.999376299376	0.699438202247
BMS-536924	0.289962366624182		0.248357588358	0.751642411642	0.248357588358	0.699438202247	0.999376299376	0.699438202247
erismodegib	0.29012202070348		0.247858627859	0.752141372141	0.247858627859	0.699438202247	0.999376299376	0.699438202247
MK-1775	0.2903868643928092		0.247193347193	0.752806652807	0.247193347193	0.699438202247	0.999376299376	0.699438202247
necrosulfonamide	0.2906583977212635		0.246153846154	0.753846153846	0.246153846154	0.699438202247	0.999376299376	0.699438202247
curcumin	0.2919102698457396		0.243243243243	0.756756756757	0.243243243243	0.699438202247	0.999376299376	0.699438202247
docetaxel	0.2931078293166228		0.240166320166	0.759833679834	0.240166320166	0.699438202247	0.999376299376	0.699438202247
Merck60	0.2935194822411124		0.238752598753	0.761247401247	0.238752598753	0.699438202247	0.999376299376	0.699438202247
methotrexate	0.29375747392459656		0.238253638254	0.761746361746	0.238253638254	0.699438202247	0.999376299376	0.699438202247
CD-437	0.29383232644135837		0.23817047817	0.76182952183	0.23817047817	0.699438202247	0.999376299376	0.699438202247
SNS-032	0.29437188950837406		0.236424116424	0.763575883576	0.236424116424	0.699438202247	0.999376299376	0.699438202247
Ko-143	0.2948327721117631		0.234844074844	0.765155925156	0.234844074844	0.699438202247	0.999376299376	0.699438202247
BRD-K41334119	0.29547108340955736		0.23288981289	0.76711018711	0.23288981289	0.699438202247	0.999376299376	0.699438202247
ML258	0.2961800429145063		0.230561330561	0.769438669439	0.230561330561	0.699438202247	0.999376299376	0.699438202247
isoevodiamine	0.2961969840632095		0.230478170478	0.769521829522	0.230478170478	0.699438202247	0.999376299376	0.699438202247
fingolimod	0.2967524938478943		0.228898128898	0.771101871102	0.228898128898	0.699438202247	0.999376299376	0.699438202247
TPCA-1	0.2968002241989781		0.228731808732	0.771268191268	0.228731808732	0.699438202247	0.999376299376	0.699438202247
ceranib-2	0.29695467805485226		0.228274428274	0.771725571726	0.228274428274	0.699438202247	0.999376299376	0.699438202247
AGK-2	0.29815577940199134		0.224532224532	0.775467775468	0.224532224532	0.699438202247	0.999376299376	0.699438202247
MI-1	0.2982179289318078		0.224074844075	0.775925155925	0.224074844075	0.699438202247	0.999376299376	0.699438202247
YM-155	0.299996830307446		0.21920997921	0.78079002079	0.21920997921	0.699438202247	0.999376299376	0.699438202247
SCH-79797	0.30004117568888994		0.219126819127	0.780873180873	0.219126819127	0.699438202247	0.999376299376	0.699438202247
pevonedistat	0.30014395541094807		0.219002079002	0.780997920998	0.219002079002	0.699438202247	0.999376299376	0.699438202247
hyperforin	0.30019286952702		0.218794178794	0.781205821206	0.218794178794	0.699438202247	0.999376299376	0.699438202247
BRD-K55116708	0.3009181106188689		0.216964656965	0.783035343035	0.216964656965	0.699438202247	0.999376299376	0.699438202247
3-Cl-AHPC	0.30225616935672067		0.212972972973	0.787027027027	0.212972972973	0.699438202247	0.999376299376	0.699438202247
bortezomib	0.3028122166965296		0.211559251559	0.788440748441	0.211559251559	0.699438202247	0.999376299376	0.699438202247
AA-COCF3	0.3037311117646764		0.208731808732	0.791268191268	0.208731808732	0.699438202247	0.999376299376	0.699438202247
trifluoperazine	0.30420162848118476		0.207151767152	0.792848232848	0.207151767152	0.699438202247	0.999376299376	0.699438202247
VAF-347	0.30501245283744033		0.205239085239	0.794760914761	0.205239085239	0.699438202247	0.999376299376	0.699438202247
SB-525334	0.3057133829138863		0.203367983368	0.796632016632	0.203367983368	0.699438202247	0.999376299376	0.699438202247
PF-750	0.3061127765631469		0.202162162162	0.797837837838	0.202162162162	0.699438202247	0.999376299376	0.699438202247
brefeldin A	0.3067105441384292		0.200457380457	0.799542619543	0.200457380457	0.699438202247	0.999376299376	0.699438202247
bleomycin A2	0.30676404476240376		0.200374220374	0.799625779626	0.200374220374	0.699438202247	0.999376299376	0.699438202247
BRD-K49290616	0.30705758186492393		0.199833679834	0.800166320166	0.199833679834	0.699438202247	0.999376299376	0.699438202247
sitagliptin	0.307486906304049		0.198586278586	0.801413721414	0.198586278586	0.699438202247	0.999376299376	0.699438202247
BIRB-796	0.30755015788020923		0.198503118503	0.801496881497	0.198503118503	0.699438202247	0.999376299376	0.699438202247
BRD-K64610608	0.30795600161668274		0.197837837838	0.802162162162	0.197837837838	0.699438202247	0.999376299376	0.699438202247
cyanoquinoline 11	0.3090972442050044		0.194844074844	0.805155925156	0.194844074844	0.699438202247	0.999376299376	0.699438202247
OSI-930	0.3091868253535301		0.194677754678	0.805322245322	0.194677754678	0.699438202247	0.999376299376	0.699438202247
ciclopirox	0.3116160222118175		0.187692307692	0.812307692308	0.187692307692	0.699438202247	0.999376299376	0.699438202247
FSC231	0.31203033730183505		0.186652806653	0.813347193347	0.186652806653	0.699438202247	0.999376299376	0.699438202247
BRD-K50799972	0.312691927261854		0.185280665281	0.814719334719	0.185280665281	0.699438202247	0.999376299376	0.699438202247
KHS101	0.31294328084121276		0.184615384615	0.815384615385	0.184615384615	0.699438202247	0.999376299376	0.699438202247
BRD-K27986637	0.3136725856500507		0.182744282744	0.817255717256	0.182744282744	0.699438202247	0.999376299376	0.699438202247
BRD-K01737880	0.3151484985074991		0.178794178794	0.821205821206	0.178794178794	0.693548387097	0.999376299376	0.693548387097
GW-843682X	0.3157080967818435		0.177463617464	0.822536382536	0.177463617464	0.693548387097	0.999376299376	0.693548387097
Compound 7d-cis	0.3164467945542643		0.175634095634	0.824365904366	0.175634095634	0.692459016393	0.999376299376	0.692459016393
GSK525762A	0.3174250569925474		0.173180873181	0.826819126819	0.173180873181	0.688429752066	0.999376299376	0.688429752066
JW-480	0.3185108058862807		0.17027027027	0.82972972973	0.17027027027	0.6825	0.999376299376	0.6825
C6-ceramide	0.31886713990784743		0.169230769231	0.830769230769	0.169230769231	0.6825	0.999376299376	0.6825
myriocin	0.32145661852572566		0.162744282744	0.837255717256	0.162744282744	0.663389830508	0.999376299376	0.663389830508
BYL-719	0.3228572605479168		0.159708939709	0.840291060291	0.159708939709	0.656581196581	0.999376299376	0.656581196581
SU11274	0.32308361047584283		0.159293139293	0.840706860707	0.159293139293	0.656581196581	0.999376299376	0.656581196581
GDC-0879	0.32439194708564983		0.156340956341	0.843659043659	0.156340956341	0.653913043478	0.999376299376	0.653913043478
KU-60019	0.32528338687522945		0.154261954262	0.845738045738	0.154261954262	0.650877192982	0.999376299376	0.650877192982
tosedostat	0.3262425854352196		0.151725571726	0.848274428274	0.151725571726	0.645840707965	0.999376299376	0.645840707965
MST-312	0.32676566640786076		0.150727650728	0.849272349272	0.150727650728	0.645840707965	0.999376299376	0.645840707965
apicidin	0.32713351437797444		0.15027027027	0.84972972973	0.15027027027	0.645840707965	0.999376299376	0.645840707965
CAY10618	0.32797509861829044		0.148773388773	0.851226611227	0.148773388773	0.645840707965	0.999376299376	0.645840707965
pandacostat	0.32818825281560704		0.148440748441	0.851559251559	0.148440748441	0.645840707965	0.999376299376	0.645840707965
BRD-K33514849	0.32959065552663636		0.145114345114	0.854885654886	0.145114345114	0.645840707965	0.999376299376	0.645840707965
L-685458	0.33026427992634366		0.143866943867	0.856133056133	0.143866943867	0.645840707965	0.999376299376	0.645840707965
BRD-K17060750	0.3305552168542575		0.143284823285	0.856715176715	0.143284823285	0.645840707965	0.999376299376	0.645840707965
BRD-K30748066	0.33146975007273366		0.141746361746	0.858253638254	0.141746361746	0.645840707965	0.999376299376	0.645840707965
BRD-K09587429	0.3318907858762003		0.140748440748	0.859251559252	0.140748440748	0.645840707965	0.999376299376	0.645840707965
LBH-589	0.33265256641495566		0.139459459459	0.860540540541	0.139459459459	0.645840707965	0.999376299376	0.645840707965
BRD-K02492147	0.3328983687105589		0.13896049896	0.86103950104	0.13896049896	0.645840707965	0.999376299376	0.645840707965
KU-55933	0.33479040208666117		0.135384615385	0.864615384615	0.135384615385	0.644752475248	0.999376299376	0.644752475248
spautin-1	0.3351829411039503		0.134677754678	0.865322245322	0.134677754678	0.644752475248	0.999376299376	0.644752475248
saracatinib	0.3354647447137073		0.134095634096	0.865904365904	0.134095634096	0.644752475248	0.999376299376	0.644752475248
marinopyrrole A	0.33556773614649554		0.133970893971	0.866029106029	0.133970893971	0.644752475248	0.999376299376	0.644752475248
narciclasine	0.33602557477286366		0.133014553015	0.866985446985	0.133014553015	0.644752475248	0.999376299376	0.644752475248
BRD-K97651142	0.33864564759122856		0.127733887734	0.872266112266	0.127733887734	0.64	0.999376299376	0.64
lomeguatrib	0.34205403594156514		0.119667359667	0.880332640333	0.119667359667	0.605894736842	0.999376299376	0.605894736842
itraconazole	0.34258562742089027		0.118586278586	0.881413721414	0.118586278586	0.605894736842	0.999376299376	0.605894736842
RO4929097	0.34270454368646625		0.118295218295	0.881704781705	0.118295218295	0.605894736842	0.999376299376	0.605894736842
BRD-K71781559	0.3435843746516191		0.116881496881	0.883118503119	0.116881496881	0.605894736842	0.999376299376	0.605894736842
AZD7545	0.3436426608692034		0.116756756757	0.883243243243	0.116756756757	0.605894736842	0.999376299376	0.605894736842
MLN2238	0.3441714985253021		0.115592515593	0.884407484407	0.115592515593	0.605894736842	0.999376299376	0.605894736842
alvocidib	0.3454563877749581		0.113097713098	0.886902286902	0.113097713098	0.605894736842	0.999376299376	0.605894736842
BRD-A71883111	0.34575625789960535		0.112515592516	0.887484407484	0.112515592516	0.605894736842	0.999376299376	0.605894736842
pifithrin-mu	0.3462184976920956		0.111683991684	0.888316008316	0.111683991684	0.605894736842	0.999376299376	0.605894736842
CR-1-31B	0.3469660417571329		0.110311850312	0.889688149688	0.110311850312	0.605894736842	0.999376299376	0.605894736842
elocalcitol	0.3472770329082587		0.109854469854	0.890145530146	0.109854469854	0.605894736842	0.999376299376	0.605894736842
BRD-K85133207	0.34728141513293925		0.109854469854	0.890145530146	0.109854469854	0.605894736842	0.999376299376	0.605894736842
vorinostat	0.3476327359448849		0.10869022869	0.89130977131	0.10869022869	0.605894736842	0.999376299376	0.605894736842
MI-2	0.34782608137971716		0.108482328482	0.891517671518	0.108482328482	0.605894736842	0.999376299376	0.605894736842
cytarabine hydrochloride	0.3480147278890775		0.1079002079	0.8920997921	0.1079002079	0.605894736842	0.999376299376	0.605894736842
PF-543	0.34822914991574483		0.107525987526	0.892474012474	0.107525987526	0.605894736842	0.999376299376	0.605894736842
BRD-A86708339	0.3484629754291309		0.107234927235	0.892765072765	0.107234927235	0.605894736842	0.999376299376	0.605894736842
WAY-362450	0.34890021852214165		0.106444906445	0.893555093555	0.106444906445	0.605894736842	0.999376299376	0.605894736842
fluorouracil	0.3491926200325791		0.106029106029	0.893970893971	0.106029106029	0.605894736842	0.999376299376	0.605894736842
entinostat	0.3492125944617178		0.106029106029	0.893970893971	0.106029106029	0.605894736842	0.999376299376	0.605894736842
decitabine	0.3501918423836098		0.103700623701	0.896299376299	0.103700623701	0.605894736842	0.999376299376	0.605894736842
PDMP	0.35102548591394994		0.102079002079	0.897920997921	0.102079002079	0.605894736842	0.999376299376	0.605894736842
vandetanib	0.35285642464523836		0.0983367983368	0.901663201663	0.0983367983368	0.605894736842	0.999376299376	0.605894736842
selumetinib	0.3543592920959277		0.0955509355509	0.904449064449	0.0955509355509	0.605894736842	0.999376299376	0.605894736842
LY-2157299	0.3547956428322509		0.0947609147609	0.905239085239	0.0947609147609	0.605894736842	0.999376299376	0.605894736842
isoliquiritigenin	0.3559077665210067		0.0928898128898	0.90711018711	0.0928898128898	0.605894736842	0.999376299376	0.605894736842
triptolide	0.3563236887829384		0.0920997920998	0.9079002079	0.0920997920998	0.605894736842	0.999376299376	0.605894736842
BRD-K61166597	0.357420065940236		0.0904781704782	0.909521829522	0.0904781704782	0.605894736842	0.999376299376	0.605894736842
ABT-737	0.35787123123120584		0.089604989605	0.910395010395	0.089604989605	0.605894736842	0.999376299376	0.605894736842
zebularine	0.3580999448361454		0.0893139293139	0.910686070686	0.0893139293139	0.605894736842	0.999376299376	0.605894736842
NSC 74859	0.3592788611439069		0.0872765072765	0.912723492723	0.0872765072765	0.605894736842	0.999376299376	0.605894736842
VER-155008	0.3605446993304986		0.0849896049896	0.91501039501	0.0849896049896	0.605894736842	0.999376299376	0.605894736842
BRD-K28456706	0.3606561370912561		0.0847401247401	0.91525987526	0.0847401247401	0.605894736842	0.999376299376	0.605894736842
brivanib	0.3608763892784946		0.0842411642412	0.915758835759	0.0842411642412	0.605894736842	0.999376299376	0.605894736842
VX-680	0.3612502601313214		0.083659043659	0.916340956341	0.083659043659	0.605894736842	0.999376299376	0.605894736842
semagacestat	0.36215897604265807		0.0822453222453	0.917754677755	0.0822453222453	0.605894736842	0.999376299376	0.605894736842
istradefylline	0.36437949600158104		0.0783783783784	0.921621621622	0.0783783783784	0.605894736842	0.999376299376	0.605894736842
BRD-K02251932	0.3649851187138974		0.077422037422	0.922577962578	0.077422037422	0.605894736842	0.999376299376	0.605894736842
trametinib	0.36566875122086423		0.0761330561331	0.923866943867	0.0761330561331	0.605894736842	0.999376299376	0.605894736842
necrostatin-7	0.3656948858982444		0.0760914760915	0.923908523909	0.0760914760915	0.605894736842	0.999376299376	0.605894736842
barasertib	0.366083998904006		0.0752598752599	0.92474012474	0.0752598752599	0.605894736842	0.999376299376	0.605894736842
VU0155056	0.3671787730817156		0.0730977130977	0.926902286902	0.0730977130977	0.605894736842	0.999376299376	0.605894736842
PHA-793887	0.36812047960167976		0.0717255717256	0.928274428274	0.0717255717256	0.605894736842	0.999376299376	0.605894736842
necrostatin-1	0.36813588061171376		0.0716424116424	0.928357588358	0.0716424116424	0.605894736842	0.999376299376	0.605894736842
bosutinib	0.36927222156637296		0.0702286902287	0.929771309771	0.0702286902287	0.605894736842	0.999376299376	0.605894736842
BRD-K16147474	0.37121376110176374		0.0672765072765	0.932723492723	0.0672765072765	0.605894736842	0.999376299376	0.605894736842
tacedinaline	0.3712923274723051		0.0671517671518	0.932848232848	0.0671517671518	0.605894736842	0.999376299376	0.605894736842
dinaciclib	0.3718213082664986		0.0661954261954	0.933804573805	0.0661954261954	0.605894736842	0.999376299376	0.605894736842
BRD-K19103580	0.3719018254890599		0.0661954261954	0.933804573805	0.0661954261954	0.605894736842	0.999376299376	0.605894736842
SR-II-138A	0.37229122620628785		0.0653222453222	0.934677754678	0.0653222453222	0.605894736842	0.999376299376	0.605894736842
968	0.3725306533549793		0.0651559251559	0.934844074844	0.0651559251559	0.605894736842	0.999376299376	0.605894736842
procarbazine	0.3735704235094437		0.0631185031185	0.936881496881	0.0631185031185	0.605894736842	0.999376299376	0.605894736842
ISOX	0.3753699254535078		0.0604158004158	0.939584199584	0.0604158004158	0.605894736842	0.999376299376	0.605894736842
tamoxifen	0.37708953312779137		0.0580873180873	0.941912681913	0.0580873180873	0.605894736842	0.999376299376	0.605894736842
BRD-K41597374	0.3777515143430588		0.0572972972973	0.942702702703	0.0572972972973	0.605894736842	0.999376299376	0.605894736842
canertinib	0.3779011247384059		0.057130977131	0.942869022869	0.057130977131	0.605894736842	0.999376299376	0.605894736842
BRD6340	0.3791948575958848		0.0554261954262	0.944573804574	0.0554261954262	0.605894736842	0.999376299376	0.605894736842
MLN2480	0.3793182216981121		0.0551767151767	0.944823284823	0.0551767151767	0.605894736842	0.999376299376	0.605894736842
linifanib	0.3800962781320509		0.0543451143451	0.945654885655	0.0543451143451	0.605894736842	0.999376299376	0.605894736842
HC-067047	0.38103477698927757		0.0528898128898	0.94711018711	0.0528898128898	0.605894736842	0.999376299376	0.605894736842
BRD-K29313308	0.3857868958418942		0.0468191268191	0.953180873181	0.0468191268191	0.605894736842	0.999376299376	0.605894736842
neratinib	0.38588111936904956		0.0465696465696	0.95343035343	0.0465696465696	0.605894736842	0.999376299376	0.605894736842
16-beta-bromoandrosterone	0.3862121954230022		0.0461538461538	0.953846153846	0.0461538461538	0.605894736842	0.999376299376	0.605894736842
COL-3	0.387086485446873		0.0452390852391	0.954760914761	0.0452390852391	0.605894736842	0.999376299376	0.605894736842
blebbistatin	0.39074614679167247		0.0420374220374	0.957962577963	0.0420374220374	0.605894736842	0.999376299376	0.605894736842
Repligen 136	0.39119133623632923		0.0417879417879	0.958212058212	0.0417879417879	0.605894736842	0.999376299376	0.605894736842
ML029	0.39604742291384726		0.0367983367983	0.963201663202	0.0367983367983	0.605894736842	0.999376299376	0.605894736842
sotrastaurin	0.3990498723936593		0.0344698544699	0.96553014553	0.0344698544699	0.592142857143	0.999376299376	0.592142857143
O-6-benzylguanine	0.399571088999726		0.0340124740125	0.965987525988	0.0340124740125	0.592142857143	0.999376299376	0.592142857143
BRD-K13999467	0.40179833626975925		0.032182952183	0.967817047817	0.032182952183	0.592142857143	0.999376299376	0.592142857143
indisulam	0.40488145408469906		0.0293555093555	0.970644490644	0.0293555093555	0.5648	0.999376299376	0.5648
Mdivi-1	0.4098751692226685		0.0259875259875	0.974012474012	0.0259875259875	0.520833333333	0.999376299376	0.520833333333
BRD1835	0.40996191075874155		0.0259875259875	0.974012474012	0.0259875259875	0.520833333333	0.999376299376	0.520833333333
Compound 23 citrate	0.4151517088807262		0.0223284823285	0.977671517672	0.0223284823285	0.488181818182	0.999376299376	0.488181818182
etomoxir	0.41519778319084605		0.0222037422037	0.977796257796	0.0222037422037	0.488181818182	0.999376299376	0.488181818182
BRD-K52037352	0.4162859950386668	0.13600419228394153	0.0216216216216	0.978378378378	0.0216216216216	0.488181818182	0.999376299376	0.488181818182
leptomycin B	0.4234529682056805	0.022528330107270848	0.017920997921	0.982079002079	0.017920997921	0.453684210526	0.999376299376	0.453684210526
BRD-K88742110	0.42597964905558905	0.13897714771333664	0.016632016632	0.983367983368	0.016632016632	0.444444444444	0.999376299376	0.444444444444
birinapant	0.4294119056844102	0.12816367026872064	0.0150103950104	0.98498960499	0.0150103950104	0.424705882353	0.999376299376	0.424705882353
GSK-J4	0.43109198389482795	0.047734673258379566	0.0142203742204	0.98577962578	0.0142203742204	0.424705882353	0.999376299376	0.424705882353
IU1	0.4355454691193071	0.12144130113346621	0.0123076923077	0.987692307692	0.0123076923077	0.394666666667	0.999376299376	0.394666666667
SB-431542	0.4406014741231019	0.1237206924296064	0.0106860706861	0.989313929314	0.0106860706861	0.367142857143	0.999376299376	0.367142857143
ibrutinib	0.4438106479007036	0.019460995553095516	0.00952182952183	0.990478170478	0.00952182952183	0.352307692308	0.999376299376	0.352307692308
PD318088	0.4456493589735318	0.01574373634581585	0.00885654885655	0.991143451143	0.00885654885655	0.352307692308	0.999376299376	0.352307692308
gefitinib	0.4470549105405191	0.012815104909079294	0.00852390852391	0.991476091476	0.00852390852391	0.352307692308	0.999376299376	0.352307692308
belinostat	0.45210724290753734	0.022356909210970582	0.00727650727651	0.992723492723	0.00727650727651	0.35	0.999376299376	0.35
dabrafenib	0.4594235845322152	0.06982980741756922	0.00573804573805	0.994261954262	0.00573804573805	0.306666666667	0.999376299376	0.306666666667
austocystin D	0.4626336879229777	0.016169690568900944	0.00519750519751	0.994802494802	0.00519750519751	0.306666666667	0.999376299376	0.306666666667
skepinone-L	0.46864172630430323	0.05381925672399565	0.00440748440748	0.995592515593	0.00440748440748	0.302857142857	0.999376299376	0.302857142857
lapatinib	0.4725512767306664	0.013617675727046172	0.0039501039501	0.99604989605	0.0039501039501	0.302857142857	0.999376299376	0.302857142857
afatinib	0.4881742073136788	0.015134647165747427	0.00237006237006	0.99762993763	0.00237006237006	0.228	0.999376299376	0.228
SR8278	0.4986651894402107	0.027375286446897684	0.00158004158004	0.99841995842	0.00158004158004	0.19	0.999376299376	0.19
PD 153035	0.5059564194451576	0.014137006159164774	0.00116424116424	0.998835758836	0.00116424116424	0.186666666667	0.999376299376	0.186666666667
linsitinib	0.5212768661880077	0.06094193225389665	0.000831600831601	0.999168399168	0.000831600831601	0.186666666667	0.999376299376	0.186666666667
erlotinib	0.52866712183121	0.016179496878132436	0.000623700623701	0.999376299376	0.000623700623701	0.186666666667	0.999376299376	0.186666666667
