	score	0.95 moe	p-value (forward)	p-value (reverse)	p-value	fdr (forward)	fdr (reverse)	fdr
BRD-K99006945	-0.5169850036194439	0.026986280507781697	1.0	0.0010395010395010396	0.0010395010395010396	1.0	0.5	0.5
O-6-benzylguanine	-0.4586644146264254	0.5330658640733661	0.993762993763	0.00623700623701	0.00623700623701	0.995833333333	0.99896049896	0.99896049896
CIL55	-0.44751850723274217	0.42432634170021916	0.992723492723	0.00727650727651	0.00727650727651	0.995833333333	0.99896049896	0.99896049896
IU1	-0.4359801039108781	0.5179122078584861	0.987525987526	0.012474012474	0.012474012474	0.993723849372	0.99896049896	0.99896049896
compound 1B	-0.4268419396973552	0.06776721977853674	0.984407484407	0.0155925155925	0.0155925155925	0.992662473795	0.99896049896	0.99896049896
Mdivi-1	-0.42325672035087114	0.03605746966019099	0.984407484407	0.0155925155925	0.0155925155925	0.992662473795	0.99896049896	0.99896049896
PF-4800567 hydrochloride	-0.41749799348059585	0.43522659727181595	0.981288981289	0.018711018711	0.018711018711	0.992662473795	0.99896049896	0.99896049896
thalidomide	-0.41741187962699444	0.07357596304519254	0.981288981289	0.018711018711	0.018711018711	0.992662473795	0.99896049896	0.99896049896
CBB-1007	-0.41035402174365787	0.42106814103418866	0.975051975052	0.024948024948	0.024948024948	0.991543340381	0.99896049896	0.99896049896
BRD-K19103580	-0.4092915609537443	0.4974760511048826	0.975051975052	0.024948024948	0.024948024948	0.991543340381	0.99896049896	0.99896049896
birinapant	-0.40583240439319535	0.44645475332658735	0.972972972973	0.027027027027	0.027027027027	0.991543340381	0.99896049896	0.99896049896
JW-55	-0.40499390989613826	0.08970613974759616	0.971933471933	0.0280665280665	0.0280665280665	0.991543340381	0.99896049896	0.99896049896
BRD-K51831558	-0.4029818001138802	0.12130565778112205	0.970893970894	0.029106029106	0.029106029106	0.991543340381	0.99896049896	0.99896049896
SZ4TA2	-0.40213036735175095	0.4615090165478776	0.969854469854	0.0301455301455	0.0301455301455	0.991543340381	0.99896049896	0.99896049896
RITA	-0.3947079849373412	0.009267137856562966	0.960498960499	0.039501039501	0.039501039501	0.989293361884	0.99896049896	0.99896049896
BRD-K49290616	-0.3935509321124851	0.04666023279230927	0.959459459459	0.0405405405405	0.0405405405405	0.989293361884	0.99896049896	0.99896049896
BRD-K52037352	-0.3922092131345095	0.04932598816017136	0.95841995842	0.04158004158	0.04158004158	0.989293361884	0.99896049896	0.99896049896
BRD-K13999467	-0.3889587454841444	0.030465797475114985	0.955301455301	0.0446985446985	0.0446985446985	0.989293361884	0.99896049896	0.99896049896
BRD-K26531177	-0.38348310362442195	0.41807404992841946	0.951143451143	0.0488565488565	0.0488565488565	0.988120950324	0.99896049896	0.99896049896
necrostatin-7	-0.38273696495300463	0.4379154255427625	0.951143451143	0.0488565488565	0.0488565488565	0.988120950324	0.99896049896	0.99896049896
PRIMA-1-Met	-0.3761992091862339		0.943866943867	0.0561330561331	0.0561330561331	0.984815618221	0.99896049896	0.99896049896
necrostatin-1	-0.3754422111762187		0.941787941788	0.0582120582121	0.0582120582121	0.984782608696	0.99896049896	0.99896049896
ABT-199	-0.3737811344806425		0.935550935551	0.0644490644491	0.0644490644491	0.980392156863	0.99896049896	0.99896049896
etomoxir	-0.3709601934297101		0.931392931393	0.0686070686071	0.0686070686071	0.978165938865	0.99896049896	0.99896049896
SR1001	-0.3686562850011019		0.927234927235	0.0727650727651	0.0727650727651	0.975929978118	0.99896049896	0.99896049896
VAF-347	-0.36812673302673043		0.925155925156	0.0748440748441	0.0748440748441	0.975877192982	0.99896049896	0.99896049896
itraconazole	-0.3640596843523619		0.919958419958	0.0800415800416	0.0800415800416	0.972527472527	0.99896049896	0.99896049896
ABT-737	-0.363636688921096		0.918918918919	0.0810810810811	0.0810810810811	0.972527472527	0.99896049896	0.99896049896
staurosporine	-0.36176558176062257		0.91683991684	0.0831600831601	0.0831600831601	0.972527472527	0.99896049896	0.99896049896
istradefylline	-0.36014756576754614		0.914760914761	0.0852390852391	0.0852390852391	0.972527472527	0.99896049896	0.99896049896
SGX-523	-0.3582738701247455		0.908523908524	0.0914760914761	0.0914760914761	0.968957871397	0.99896049896	0.99896049896
BRD9647	-0.35728798069454837		0.906444906445	0.0935550935551	0.0935550935551	0.968888888889	0.99896049896	0.99896049896
BCL-LZH-4	-0.3571002690045561		0.906444906445	0.0935550935551	0.0935550935551	0.968888888889	0.99896049896	0.99896049896
BRD1835	-0.3562276732185125		0.905405405405	0.0945945945946	0.0945945945946	0.968888888889	0.99896049896	0.99896049896
XL765	-0.3540859837863034		0.902286902287	0.0977130977131	0.0977130977131	0.968888888889	0.99896049896	0.99896049896
IC-87114	-0.3527941747169918		0.898128898129	0.101871101871	0.101871101871	0.968609865471	0.99896049896	0.99896049896
dasatinib	-0.35159039765662303		0.892931392931	0.107068607069	0.107068607069	0.965168539326	0.99896049896	0.99896049896
NSC30930	-0.35079040933971145		0.891891891892	0.108108108108	0.108108108108	0.965168539326	0.99896049896	0.99896049896
ML029	-0.34867374483673447		0.885654885655	0.114345114345	0.114345114345	0.961625282167	0.99896049896	0.99896049896
pifithrin-alpha	-0.3461374279662529		0.881496881497	0.118503118503	0.118503118503	0.9592760181	0.99896049896	0.99896049896
TGX-221	-0.34431921595439763		0.877338877339	0.122661122661	0.122661122661	0.956916099773	0.99896049896	0.99896049896
IPR-456	-0.3441363650399808		0.877338877339	0.122661122661	0.122661122661	0.956916099773	0.99896049896	0.99896049896
sildenafil	-0.34410759850927514		0.877338877339	0.122661122661	0.122661122661	0.956916099773	0.99896049896	0.99896049896
lomeguatrib	-0.34320458658981257		0.87525987526	0.12474012474	0.12474012474	0.956916099773	0.99896049896	0.99896049896
BRD-K09587429	-0.3428639837056135		0.873180873181	0.126819126819	0.126819126819	0.956916099773	0.99896049896	0.99896049896
ML239	-0.3404244715546878		0.865904365904	0.134095634096	0.134095634096	0.955275229358	0.99896049896	0.99896049896
tacrolimus	-0.3389322467637711		0.863825363825	0.136174636175	0.136174636175	0.955172413793	0.99896049896	0.99896049896
JW-74	-0.3378032189197177		0.857588357588	0.142411642412	0.142411642412	0.950460829493	0.99896049896	0.99896049896
YM-155	-0.3320876618933351		0.841995841996	0.158004158004	0.158004158004	0.935334872979	0.99896049896	0.99896049896
nelarabine	-0.33016316513012706		0.837837837838	0.162162162162	0.162162162162	0.93287037037	0.99896049896	0.99896049896
BRD-K02492147	-0.3266752936974484		0.830561330561	0.169438669439	0.169438669439	0.926914153132	0.99896049896	0.99896049896
fumonisin B1	-0.32657487688763326		0.830561330561	0.169438669439	0.169438669439	0.926914153132	0.99896049896	0.99896049896
ML162	-0.32647372842000805		0.830561330561	0.169438669439	0.169438669439	0.926914153132	0.99896049896	0.99896049896
JW-480	-0.3244956082684323		0.829521829522	0.170478170478	0.170478170478	0.926914153132	0.99896049896	0.99896049896
GSK2636771	-0.3219971264066579		0.823284823285	0.176715176715	0.176715176715	0.926914153132	0.99896049896	0.99896049896
CIL41	-0.32117427163635776		0.821205821206	0.178794178794	0.178794178794	0.926914153132	0.99896049896	0.99896049896
veliparib	-0.32105691548041276		0.821205821206	0.178794178794	0.178794178794	0.926914153132	0.99896049896	0.99896049896
BRD-K17060750	-0.31967529314145476		0.814968814969	0.185031185031	0.185031185031	0.924528301887	0.99896049896	0.99896049896
navitoclax	-0.31947700660483086		0.813929313929	0.186070686071	0.186070686071	0.924528301887	0.99896049896	0.99896049896
BRD-K33199242	-0.31704140661792013		0.806652806653	0.193347193347	0.193347193347	0.919431279621	0.99896049896	0.99896049896
BRD-K75293299	-0.31517134826597704		0.803534303534	0.196465696466	0.196465696466	0.918052256532	0.99896049896	0.99896049896
BRD-K29086754	-0.3145197349334434		0.802494802495	0.197505197505	0.197505197505	0.918052256532	0.99896049896	0.99896049896
SJ-172550	-0.3113811296114824		0.796257796258	0.203742203742	0.203742203742	0.914081145585	0.99896049896	0.99896049896
erlotinib	-0.3108696205931853		0.795218295218	0.204781704782	0.204781704782	0.914081145585	0.99896049896	0.99896049896
fluvastatin	-0.3097920077211859		0.7920997921	0.2079002079	0.2079002079	0.913669064748	0.99896049896	0.99896049896
QS-11	-0.305782549268633		0.784823284823	0.215176715177	0.215176715177	0.907451923077	0.99896049896	0.99896049896
BRD-K86535717	-0.30577008089008895		0.784823284823	0.215176715177	0.215176715177	0.907451923077	0.99896049896	0.99896049896
NSC48300	-0.3040090836963977		0.779625779626	0.220374220374	0.220374220374	0.905797101449	0.99896049896	0.99896049896
968	-0.30390444856529336		0.778586278586	0.221413721414	0.221413721414	0.905797101449	0.99896049896	0.99896049896
simvastatin	-0.3027518311094374		0.772349272349	0.227650727651	0.227650727651	0.901699029126	0.99896049896	0.99896049896
tamatinib	-0.3026585065479313		0.772349272349	0.227650727651	0.227650727651	0.901699029126	0.99896049896	0.99896049896
myriocin	-0.3023938950190434		0.772349272349	0.227650727651	0.227650727651	0.901699029126	0.99896049896	0.99896049896
CAY10576	-0.30137063119253715		0.769230769231	0.230769230769	0.230769230769	0.901699029126	0.99896049896	0.99896049896
BRD-K16147474	-0.30110767981208464		0.769230769231	0.230769230769	0.230769230769	0.901699029126	0.99896049896	0.99896049896
ML083	-0.3003885769150509		0.768191268191	0.231808731809	0.231808731809	0.901699029126	0.99896049896	0.99896049896
SKI-II	-0.29768303333794616		0.758835758836	0.241164241164	0.241164241164	0.899014778325	0.99896049896	0.99896049896
VU0155056	-0.29579525023221076		0.753638253638	0.246361746362	0.246361746362	0.895061728395	0.99896049896	0.99896049896
BRD-K14844214	-0.29550657513219153		0.753638253638	0.246361746362	0.246361746362	0.895061728395	0.99896049896	0.99896049896
BRD8899	-0.2949872345857703		0.751559251559	0.248440748441	0.248440748441	0.895061728395	0.99896049896	0.99896049896
GSK-3 inhibitor IX	-0.29380529993324794		0.744282744283	0.255717255717	0.255717255717	0.890547263682	0.99896049896	0.99896049896
MI-2	-0.2927575383468369		0.741164241164	0.258835758836	0.258835758836	0.889027431421	0.99896049896	0.99896049896
CHIR-99021	-0.2915826242075574		0.730769230769	0.269230769231	0.269230769231	0.87875	0.99896049896	0.99896049896
KU-55933	-0.29105579335851356		0.72869022869	0.27130977131	0.27130977131	0.878446115288	0.99896049896	0.99896049896
erastin	-0.2908424186334926		0.72869022869	0.27130977131	0.27130977131	0.878446115288	0.99896049896	0.99896049896
lenvatinib	-0.2901455328603725		0.722453222453	0.277546777547	0.277546777547	0.875314861461	0.99896049896	0.99896049896
ML320	-0.28853973507950276		0.715176715177	0.284823284823	0.284823284823	0.868686868687	0.99896049896	0.99896049896
CCT036477	-0.287560912574118		0.712058212058	0.287941787942	0.287941787942	0.867088607595	0.99896049896	0.99896049896
1S,3R-RSL-3	-0.2871823490177052		0.711018711019	0.288981288981	0.288981288981	0.867088607595	0.99896049896	0.99896049896
azacitidine	-0.2868460771701597		0.709979209979	0.290020790021	0.290020790021	0.867088607595	0.99896049896	0.99896049896
BRD-K78574327	-0.28678578407917993		0.709979209979	0.290020790021	0.290020790021	0.867088607595	0.99896049896	0.99896049896
ML210	-0.2855157332489348		0.705821205821	0.294178794179	0.294178794179	0.867088607595	0.99896049896	0.99896049896
vorapaxar	-0.28372242797384933		0.695426195426	0.304573804574	0.304573804574	0.857692307692	0.99896049896	0.99896049896
BRD-K37390332	-0.28350960737196546		0.692307692308	0.307692307692	0.307692307692	0.856041131105	0.99896049896	0.99896049896
hyperforin	-0.2816401519291418		0.685031185031	0.314968814969	0.314968814969	0.849226804124	0.99896049896	0.99896049896
CAL-101	-0.2792941472929786		0.672557172557	0.327442827443	0.327442827443	0.835917312661	0.99896049896	0.99896049896
ifosfamide	-0.2788312379596831		0.671517671518	0.328482328482	0.328482328482	0.835917312661	0.99896049896	0.99896049896
BRD-K96431673	-0.27686547345855084		0.670478170478	0.329521829522	0.329521829522	0.835917312661	0.99896049896	0.99896049896
betulinic acid	-0.2758985023883895		0.669438669439	0.330561330561	0.330561330561	0.835917312661	0.99896049896	0.99896049896
BRD-K50799972	-0.27475349981260483		0.665280665281	0.334719334719	0.334719334719	0.835509138381	0.99896049896	0.99896049896
blebbistatin	-0.2730486535668501		0.651767151767	0.348232848233	0.348232848233	0.820680628272	0.99896049896	0.99896049896
cucurbitacin I	-0.27278127020822224		0.650727650728	0.349272349272	0.349272349272	0.820680628272	0.99896049896	0.99896049896
darinaparsin	-0.270491259329303		0.647609147609	0.352390852391	0.352390852391	0.819736842105	0.99896049896	0.99896049896
WZ4002	-0.2687048123382026		0.637214137214	0.362785862786	0.362785862786	0.808707124011	0.99896049896	0.99896049896
BRD-K34099515	-0.26841441119776316		0.633056133056	0.366943866944	0.366943866944	0.805555555556	0.99896049896	0.99896049896
CIL56	-0.26547447064561813		0.622661122661	0.377338877339	0.377338877339	0.794429708223	0.99896049896	0.99896049896
CAY10594	-0.2653022535153133		0.621621621622	0.378378378378	0.378378378378	0.794429708223	0.99896049896	0.99896049896
BRD-K96970199	-0.2629524829889015		0.606029106029	0.393970893971	0.393970893971	0.777333333333	0.99896049896	0.99896049896
sitagliptin	-0.26080626505697113		0.596673596674	0.403326403326	0.403326403326	0.767379679144	0.99896049896	0.99896049896
FGIN-1-27	-0.260323969409148		0.595634095634	0.404365904366	0.404365904366	0.767379679144	0.99896049896	0.99896049896
cytochalasin B	-0.2598062797045933		0.594594594595	0.405405405405	0.405405405405	0.767379679144	0.99896049896	0.99896049896
R428	-0.2579068261033991		0.586278586279	0.413721413721	0.413721413721	0.760107816712	0.99896049896	0.99896049896
BRD-K41334119	-0.2570723779447656		0.5841995842	0.4158004158	0.4158004158	0.759459459459	0.99896049896	0.99896049896
purmorphamine	-0.25648793897072847		0.5841995842	0.4158004158	0.4158004158	0.759459459459	0.99896049896	0.99896049896
momelotinib	-0.2540438325289767		0.575883575884	0.424116424116	0.424116424116	0.752717391304	0.99896049896	0.99896049896
saracatinib	-0.25359416027833986		0.572765072765	0.427234927235	0.427234927235	0.75068119891	0.99896049896	0.99896049896
ciclosporin	-0.25173078309162805		0.564449064449	0.435550935551	0.435550935551	0.741803278689	0.99896049896	0.99896049896
abiraterone	-0.25128243681435586		0.564449064449	0.435550935551	0.435550935551	0.741803278689	0.99896049896	0.99896049896
vandetanib	-0.2496973098803061		0.557172557173	0.442827442827	0.442827442827	0.736263736264	0.99896049896	0.99896049896
myricetin	-0.2496814013213921		0.557172557173	0.442827442827	0.442827442827	0.736263736264	0.99896049896	0.99896049896
cimetidine	-0.24757446177355716		0.547817047817	0.452182952183	0.452182952183	0.727900552486	0.99896049896	0.99896049896
BRD-K34485477	-0.24756782746931452		0.547817047817	0.452182952183	0.452182952183	0.727900552486	0.99896049896	0.99896049896
lovastatin	-0.24711761255492656		0.547817047817	0.452182952183	0.452182952183	0.727900552486	0.99896049896	0.99896049896
BRD-K27224038	-0.24286767323688974		0.528066528067	0.471933471933	0.471933471933	0.707520891365	0.99896049896	0.99896049896
dexamethasone	-0.24113768276784728		0.515592515593	0.484407484407	0.484407484407	0.692737430168	0.99896049896	0.99896049896
BRD-K84807411	-0.24099181292317412		0.514553014553	0.485446985447	0.485446985447	0.692737430168	0.99896049896	0.99896049896
CI-976	-0.23888451372750996		0.506237006237	0.493762993763	0.493762993763	0.683988764045	0.99896049896	0.99896049896
BRD-K44224150	-0.23831094616631185		0.505197505198	0.494802494802	0.494802494802	0.683988764045	0.99896049896	0.99896049896
BRD-K27986637	-0.23647648385123168		0.494802494802	0.505197505198	0.505197505198	0.672316384181	0.99896049896	0.99896049896
SRT-1720	-0.23339667346386822		0.483367983368	0.516632016632	0.516632016632	0.658640226629	0.99896049896	0.99896049896
fulvestrant	-0.23007021331202832		0.470893970894	0.529106029106	0.529106029106	0.643465909091	0.99896049896	0.99896049896
AZD6482	-0.22972544806344902		0.468814968815	0.531185031185	0.531185031185	0.64245014245	0.99896049896	0.99896049896
CID-5951923	-0.22841489420548183		0.463617463617	0.536382536383	0.536382536383	0.637142857143	0.99896049896	0.99896049896
BRD8958	-0.22120362222646336		0.429313929314	0.570686070686	0.570686070686	0.591690544413	0.99896049896	0.99896049896
BRD-K30019337	-0.2169595771778986		0.423076923077	0.576923076923	0.576923076923	0.584770114943	0.99896049896	0.99896049896
BEC	-0.2091008601136394		0.403326403326	0.596673596674	0.596673596674	0.559077809798	0.99896049896	0.99896049896
TG-101348	-0.20269793944663458		0.388773388773	0.611226611227	0.611226611227	0.540462427746	0.99896049896	0.99896049896
QW-BI-011	-0.20226811147777204		0.388773388773	0.611226611227	0.611226611227	0.540462427746	0.99896049896	0.99896049896
BRD-K48334597	-0.172452931552277		0.359667359667	0.640332640333	0.640332640333	0.502906976744	0.99896049896	0.99896049896
KU 0060648	0.18854965157536072		0.337837837838	0.662162162162	0.337837837838	0.473760932945	0.99896049896	0.473760932945
temsirolimus	0.19431768342402675		0.33367983368	0.66632016632	0.33367983368	0.469298245614	0.99896049896	0.469298245614
BRD-K71935468	0.195726804091133		0.33264033264	0.66735966736	0.33264033264	0.469208211144	0.99896049896	0.469208211144
tigecycline	0.19641830454121317		0.33264033264	0.66735966736	0.33264033264	0.469208211144	0.99896049896	0.469208211144
valdecoxib	0.19823242563870358		0.329521829522	0.670478170478	0.329521829522	0.467551622419	0.99896049896	0.467551622419
PIK-93	0.20721246338463462		0.320166320166	0.679833679834	0.320166320166	0.455621301775	0.99896049896	0.455621301775
ML312	0.20999502712490095		0.318087318087	0.681912681913	0.318087318087	0.454005934718	0.99896049896	0.454005934718
oligomycin A	0.21315049388972612		0.314968814969	0.685031185031	0.314968814969	0.450892857143	0.99896049896	0.450892857143
sirolimus	0.2138862122327964		0.314968814969	0.685031185031	0.314968814969	0.450892857143	0.99896049896	0.450892857143
GW-405833	0.21466393134751185		0.31288981289	0.68711018711	0.31288981289	0.450598802395	0.99896049896	0.450598802395
niclosamide	0.21668771956535215		0.305613305613	0.694386694387	0.305613305613	0.441441441441	0.99896049896	0.441441441441
salermide	0.21704406864063844		0.304573804574	0.695426195426	0.304573804574	0.441265060241	0.99896049896	0.441265060241
BRD9876	0.21792515785857036		0.303534303534	0.696465696466	0.303534303534	0.441087613293	0.99896049896	0.441087613293
austocystin D	0.22219501935361904		0.293139293139	0.706860706861	0.293139293139	0.427272727273	0.99896049896	0.427272727273
StemRegenin 1	0.22255063518697793		0.2920997921	0.7079002079	0.2920997921	0.427051671733	0.99896049896	0.427051671733
phloretin	0.2228286599985328		0.29106029106	0.70893970894	0.29106029106	0.426829268293	0.99896049896	0.426829268293
methotrexate	0.22283340289410528		0.29106029106	0.70893970894	0.29106029106	0.426829268293	0.99896049896	0.426829268293
JQ-1	0.2247111091434507		0.288981288981	0.711018711019	0.288981288981	0.426380368098	0.99896049896	0.426380368098
BRD4132	0.22561477742131425		0.286902286902	0.713097713098	0.286902286902	0.424615384615	0.99896049896	0.424615384615
pluripotin	0.22755393460775894		0.280665280665	0.719334719335	0.280665280665	0.416666666667	0.99896049896	0.416666666667
masitinib	0.2281251387783755		0.279625779626	0.720374220374	0.279625779626	0.416408668731	0.99896049896	0.416408668731
BRD-K30748066	0.22995516875387334		0.278586278586	0.721413721414	0.278586278586	0.416149068323	0.99896049896	0.416149068323
ZSTK474	0.2313570226922418		0.276507276507	0.723492723493	0.276507276507	0.414330218069	0.99896049896	0.414330218069
DBeQ	0.23136888105781944		0.276507276507	0.723492723493	0.276507276507	0.414330218069	0.99896049896	0.414330218069
NVP-BSK805	0.23196088332998993		0.275467775468	0.724532224532	0.275467775468	0.414330218069	0.99896049896	0.414330218069
bortezomib	0.23384722768071775		0.273388773389	0.726611226611	0.273388773389	0.413522012579	0.99896049896	0.413522012579
BRD-K97651142	0.23628722963876805		0.265072765073	0.734927234927	0.265072765073	0.402208201893	0.99896049896	0.402208201893
UNC0321	0.23813942882287809		0.260914760915	0.739085239085	0.260914760915	0.397151898734	0.99896049896	0.397151898734
gemcitabine	0.23877620004879346		0.259875259875	0.740124740125	0.259875259875	0.396825396825	0.99896049896	0.396825396825
parthenolide	0.2406014883939938		0.257796257796	0.742203742204	0.257796257796	0.394904458599	0.99896049896	0.394904458599
methylstat	0.24088139089537935		0.256756756757	0.743243243243	0.256756756757	0.394568690096	0.99896049896	0.394568690096
clofarabine	0.2415301063351969		0.256756756757	0.743243243243	0.256756756757	0.394568690096	0.99896049896	0.394568690096
BRD-K09344309	0.24243842101699672		0.255717255717	0.744282744283	0.255717255717	0.394568690096	0.99896049896	0.394568690096
RAF265	0.24281351138904148		0.255717255717	0.744282744283	0.255717255717	0.394568690096	0.99896049896	0.394568690096
spautin-1	0.24290169842561482		0.255717255717	0.744282744283	0.255717255717	0.394568690096	0.99896049896	0.394568690096
I-BET151	0.24329718079055843		0.253638253638	0.746361746362	0.253638253638	0.394568690096	0.99896049896	0.394568690096
EX-527	0.24348701319516913		0.251559251559	0.748440748441	0.251559251559	0.394136807818	0.99896049896	0.394136807818
AT7867	0.24468726270434046		0.248440748441	0.751559251559	0.248440748441	0.390522875817	0.99896049896	0.390522875817
AM-580	0.24539507902211588		0.248440748441	0.751559251559	0.248440748441	0.390522875817	0.99896049896	0.390522875817
pyrazolanthrone	0.2454640943587922		0.248440748441	0.751559251559	0.248440748441	0.390522875817	0.99896049896	0.390522875817
PI-103	0.2459845133312365		0.247401247401	0.752598752599	0.247401247401	0.390522875817	0.99896049896	0.390522875817
GANT-61	0.24851557651666828		0.243243243243	0.756756756757	0.243243243243	0.387417218543	0.99896049896	0.387417218543
SID 26681509	0.25141082237884144		0.234927234927	0.765072765073	0.234927234927	0.375415282392	0.99896049896	0.375415282392
bosutinib	0.2515963513697767		0.233887733888	0.766112266112	0.233887733888	0.375	0.99896049896	0.375
PRIMA-1	0.2524744901112415		0.232848232848	0.767151767152	0.232848232848	0.374581939799	0.99896049896	0.374581939799
GSK525762A	0.25281197778561165		0.230769230769	0.769230769231	0.230769230769	0.372483221477	0.99896049896	0.372483221477
AZD7762	0.25288942562985145		0.22972972973	0.77027027027	0.22972972973	0.372053872054	0.99896049896	0.372053872054
CIL70	0.25303505475158233		0.22972972973	0.77027027027	0.22972972973	0.372053872054	0.99896049896	0.372053872054
BI-2536	0.25304216996519496		0.22972972973	0.77027027027	0.22972972973	0.372053872054	0.99896049896	0.372053872054
AZ-3146	0.2536290764819094		0.22869022869	0.77130977131	0.22869022869	0.372053872054	0.99896049896	0.372053872054
COL-3	0.25429589635739086		0.227650727651	0.772349272349	0.227650727651	0.372053872054	0.99896049896	0.372053872054
gossypol	0.25433206186580243		0.227650727651	0.772349272349	0.227650727651	0.372053872054	0.99896049896	0.372053872054
avicin D	0.2548067412216182		0.227650727651	0.772349272349	0.227650727651	0.372053872054	0.99896049896	0.372053872054
WP1130	0.2548517767671583		0.227650727651	0.772349272349	0.227650727651	0.372053872054	0.99896049896	0.372053872054
BRD-K94991378	0.2563428466671707		0.226611226611	0.773388773389	0.226611226611	0.372053872054	0.99896049896	0.372053872054
Ki8751	0.2566637291264158		0.226611226611	0.773388773389	0.226611226611	0.372053872054	0.99896049896	0.372053872054
OSI-027	0.256799732085715		0.226611226611	0.773388773389	0.226611226611	0.372053872054	0.99896049896	0.372053872054
LE-135	0.25696289591985033		0.225571725572	0.774428274428	0.225571725572	0.372053872054	0.99896049896	0.372053872054
BRD-K34222889	0.2571993892947706		0.225571725572	0.774428274428	0.225571725572	0.372053872054	0.99896049896	0.372053872054
MK-1775	0.257689669898977		0.225571725572	0.774428274428	0.225571725572	0.372053872054	0.99896049896	0.372053872054
AZD8055	0.25779834617856406		0.225571725572	0.774428274428	0.225571725572	0.372053872054	0.99896049896	0.372053872054
GSK4112	0.25896184051478494		0.219334719335	0.780665280665	0.219334719335	0.372053872054	0.99896049896	0.372053872054
STF-31	0.2595122942246972		0.218295218295	0.781704781705	0.218295218295	0.372053872054	0.99896049896	0.372053872054
teniposide	0.25982333559517257		0.217255717256	0.782744282744	0.217255717256	0.372053872054	0.99896049896	0.372053872054
Ch-55	0.2602357496297239		0.216216216216	0.783783783784	0.216216216216	0.372053872054	0.99896049896	0.372053872054
BRD-K70511574	0.26054892330146384		0.212058212058	0.787941787942	0.212058212058	0.36690647482	0.99896049896	0.36690647482
BRD-K55116708	0.26069908514321205		0.212058212058	0.787941787942	0.212058212058	0.36690647482	0.99896049896	0.36690647482
SB-525334	0.26101463385430795		0.211018711019	0.788981288981	0.211018711019	0.36690647482	0.99896049896	0.36690647482
LY-2157299	0.2613895191179707		0.209979209979	0.790020790021	0.209979209979	0.36690647482	0.99896049896	0.36690647482
silmitasertib	0.26142880976696087		0.209979209979	0.790020790021	0.209979209979	0.36690647482	0.99896049896	0.36690647482
daporinad	0.26271291459584195		0.20893970894	0.79106029106	0.20893970894	0.36690647482	0.99896049896	0.36690647482
paclitaxel	0.26315278350175225		0.205821205821	0.794178794179	0.205821205821	0.363970588235	0.99896049896	0.363970588235
PF-184	0.26326648399877256		0.205821205821	0.794178794179	0.205821205821	0.363970588235	0.99896049896	0.363970588235
TW-37	0.26363154610112705		0.204781704782	0.795218295218	0.204781704782	0.363970588235	0.99896049896	0.363970588235
tivozanib	0.2640390282478706		0.204781704782	0.795218295218	0.204781704782	0.363970588235	0.99896049896	0.363970588235
piperlongumine	0.2640693486496166		0.204781704782	0.795218295218	0.204781704782	0.363970588235	0.99896049896	0.363970588235
GW-843682X	0.2643517920652404		0.202702702703	0.797297297297	0.202702702703	0.363970588235	0.99896049896	0.363970588235
BRD-K63431240	0.2647185358437229		0.200623700624	0.799376299376	0.200623700624	0.362781954887	0.99896049896	0.362781954887
MLN2238	0.2647883275612333		0.200623700624	0.799376299376	0.200623700624	0.362781954887	0.99896049896	0.362781954887
PF-573228	0.26498669298349364		0.200623700624	0.799376299376	0.200623700624	0.362781954887	0.99896049896	0.362781954887
WZ8040	0.2652980027306715		0.199584199584	0.800415800416	0.199584199584	0.362781954887	0.99896049896	0.362781954887
TPCA-1	0.2666800393148043		0.196465696466	0.803534303534	0.196465696466	0.360687022901	0.99896049896	0.360687022901
GDC-0941	0.2670335998848107		0.195426195426	0.804573804574	0.195426195426	0.360153256705	0.99896049896	0.360153256705
tipifarnib-P2	0.267386656214982		0.195426195426	0.804573804574	0.195426195426	0.360153256705	0.99896049896	0.360153256705
Ko-143	0.2675567889072076		0.194386694387	0.805613305613	0.194386694387	0.360153256705	0.99896049896	0.360153256705
3-Cl-AHPC	0.26888296286802066		0.190228690229	0.809771309771	0.190228690229	0.354651162791	0.99896049896	0.354651162791
MK-0752	0.26918931103134475		0.18711018711	0.81288981289	0.18711018711	0.350194552529	0.99896049896	0.350194552529
SCH-529074	0.2696435766052332		0.18711018711	0.81288981289	0.18711018711	0.350194552529	0.99896049896	0.350194552529
neratinib	0.269844576085296		0.18711018711	0.81288981289	0.18711018711	0.350194552529	0.99896049896	0.350194552529
regorafenib	0.2700650580894224		0.186070686071	0.813929313929	0.186070686071	0.350194552529	0.99896049896	0.350194552529
brefeldin A	0.2702627543274793		0.186070686071	0.813929313929	0.186070686071	0.350194552529	0.99896049896	0.350194552529
B02	0.27069240637293335		0.186070686071	0.813929313929	0.186070686071	0.350194552529	0.99896049896	0.350194552529
KU-60019	0.27076110651064184		0.186070686071	0.813929313929	0.186070686071	0.350194552529	0.99896049896	0.350194552529
nakiterpiosin	0.27080985717283285		0.186070686071	0.813929313929	0.186070686071	0.350194552529	0.99896049896	0.350194552529
PRL-3 inhibitor I	0.27086220025756313		0.185031185031	0.814968814969	0.185031185031	0.350194552529	0.99896049896	0.350194552529
triazolothiadiazine	0.2719832414417559		0.181912681913	0.818087318087	0.181912681913	0.350194552529	0.99896049896	0.350194552529
NVP-231	0.2721861635358667		0.181912681913	0.818087318087	0.181912681913	0.350194552529	0.99896049896	0.350194552529
quizartinib	0.2728528590299204		0.179833679834	0.820166320166	0.179833679834	0.350194552529	0.99896049896	0.350194552529
mitomycin	0.2731235293959365		0.179833679834	0.820166320166	0.179833679834	0.350194552529	0.99896049896	0.350194552529
triptolide	0.2733785735717529		0.179833679834	0.820166320166	0.179833679834	0.350194552529	0.99896049896	0.350194552529
OSI-930	0.2738447825288563		0.178794178794	0.821205821206	0.178794178794	0.350194552529	0.99896049896	0.350194552529
CIL55A	0.2743190111022693		0.178794178794	0.821205821206	0.178794178794	0.350194552529	0.99896049896	0.350194552529
BMS-536924	0.27502162314920253		0.177754677755	0.822245322245	0.177754677755	0.350194552529	0.99896049896	0.350194552529
MI-1	0.27504068443223223		0.177754677755	0.822245322245	0.177754677755	0.350194552529	0.99896049896	0.350194552529
parbendazole	0.2754482215523443		0.177754677755	0.822245322245	0.177754677755	0.350194552529	0.99896049896	0.350194552529
CD-1530	0.2754630908062137		0.177754677755	0.822245322245	0.177754677755	0.350194552529	0.99896049896	0.350194552529
BIRB-796	0.27589475183852696		0.176715176715	0.823284823285	0.176715176715	0.350194552529	0.99896049896	0.350194552529
bardoxolone methyl	0.2759640877267671		0.175675675676	0.824324324324	0.175675675676	0.350194552529	0.99896049896	0.350194552529
nintedanib	0.27639021395249075		0.175675675676	0.824324324324	0.175675675676	0.350194552529	0.99896049896	0.350194552529
ML334 diastereomer	0.27673196961011176		0.173596673597	0.826403326403	0.173596673597	0.350194552529	0.99896049896	0.350194552529
GSK1059615	0.2767837886794089		0.172557172557	0.827442827443	0.172557172557	0.350194552529	0.99896049896	0.350194552529
rigosertib	0.27740235914959055		0.169438669439	0.830561330561	0.169438669439	0.350194552529	0.99896049896	0.350194552529
ML006	0.2779435245463741		0.169438669439	0.830561330561	0.169438669439	0.350194552529	0.99896049896	0.350194552529
etoposide	0.2793854797665236		0.165280665281	0.834719334719	0.165280665281	0.345652173913	0.99896049896	0.345652173913
Bax channel blocker	0.2796278135710828		0.165280665281	0.834719334719	0.165280665281	0.345652173913	0.99896049896	0.345652173913
NSC95397	0.28024271992652566		0.164241164241	0.835758835759	0.164241164241	0.345652173913	0.99896049896	0.345652173913
SB-743921	0.28092856828150126		0.164241164241	0.835758835759	0.164241164241	0.345652173913	0.99896049896	0.345652173913
semagacestat	0.28157075622845695		0.164241164241	0.835758835759	0.164241164241	0.345652173913	0.99896049896	0.345652173913
Merck60	0.28187079827840683		0.164241164241	0.835758835759	0.164241164241	0.345652173913	0.99896049896	0.345652173913
KU-0063794	0.2822321952448025		0.163201663202	0.836798336798	0.163201663202	0.345652173913	0.99896049896	0.345652173913
prochlorperazine	0.2822526210968964		0.163201663202	0.836798336798	0.163201663202	0.345652173913	0.99896049896	0.345652173913
NVP-TAE684	0.28244189683864224		0.163201663202	0.836798336798	0.163201663202	0.345652173913	0.99896049896	0.345652173913
neopeltolide	0.28312197362881125		0.162162162162	0.837837837838	0.162162162162	0.345652173913	0.99896049896	0.345652173913
BRD-K71781559	0.28382195531603255		0.160083160083	0.839916839917	0.160083160083	0.345652173913	0.99896049896	0.345652173913
obatoclax	0.28429115115614956		0.160083160083	0.839916839917	0.160083160083	0.345652173913	0.99896049896	0.345652173913
sorafenib	0.2847250113445922		0.160083160083	0.839916839917	0.160083160083	0.345652173913	0.99896049896	0.345652173913
PF-750	0.28519049452015754		0.159043659044	0.840956340956	0.159043659044	0.345652173913	0.99896049896	0.345652173913
BRD-K45681478	0.2853214601479906		0.159043659044	0.840956340956	0.159043659044	0.345652173913	0.99896049896	0.345652173913
AZD7545	0.2857656229219372		0.158004158004	0.841995841996	0.158004158004	0.345652173913	0.99896049896	0.345652173913
NVP-BEZ235	0.28626243602363094		0.153846153846	0.846153846154	0.153846153846	0.345652173913	0.99896049896	0.345652173913
topotecan	0.2873398944163124		0.151767151767	0.848232848233	0.151767151767	0.342723004695	0.99896049896	0.342723004695
palmostatin B	0.28746214587857594		0.150727650728	0.849272349272	0.150727650728	0.341981132075	0.99896049896	0.341981132075
GSK461364	0.2878025339270092		0.150727650728	0.849272349272	0.150727650728	0.341981132075	0.99896049896	0.341981132075
FQI-1	0.2879736049468786		0.150727650728	0.849272349272	0.150727650728	0.341981132075	0.99896049896	0.341981132075
erismodegib	0.2879878380194353		0.150727650728	0.849272349272	0.150727650728	0.341981132075	0.99896049896	0.341981132075
curcumin	0.288723943248302		0.150727650728	0.849272349272	0.150727650728	0.341981132075	0.99896049896	0.341981132075
FQI-2	0.2889188178592837		0.150727650728	0.849272349272	0.150727650728	0.341981132075	0.99896049896	0.341981132075
KX2-391	0.28899058194406263		0.150727650728	0.849272349272	0.150727650728	0.341981132075	0.99896049896	0.341981132075
temozolomide	0.29042007946964354		0.147609147609	0.852390852391	0.147609147609	0.341981132075	0.99896049896	0.341981132075
BRD-K85133207	0.29114030342214187		0.147609147609	0.852390852391	0.147609147609	0.341981132075	0.99896049896	0.341981132075
VER-155008	0.29122843954005656		0.147609147609	0.852390852391	0.147609147609	0.341981132075	0.99896049896	0.341981132075
CAY10618	0.2927631887455718		0.144490644491	0.855509355509	0.144490644491	0.341981132075	0.99896049896	0.341981132075
ML258	0.2927711347540663		0.144490644491	0.855509355509	0.144490644491	0.341981132075	0.99896049896	0.341981132075
tivantinib	0.2935674681089368		0.141372141372	0.858627858628	0.141372141372	0.34	0.99896049896	0.34
NSC632839	0.29372176807920863		0.140332640333	0.859667359667	0.140332640333	0.339195979899	0.99896049896	0.339195979899
KW-2449	0.294691528781333		0.139293139293	0.860706860707	0.139293139293	0.338383838384	0.99896049896	0.338383838384
trametinib	0.29470594990124105		0.139293139293	0.860706860707	0.139293139293	0.338383838384	0.99896049896	0.338383838384
ML311	0.29482531318981503		0.139293139293	0.860706860707	0.139293139293	0.338383838384	0.99896049896	0.338383838384
LRRK2-IN-1	0.29499937472498494		0.139293139293	0.860706860707	0.139293139293	0.338383838384	0.99896049896	0.338383838384
CD-437	0.29504684231194694		0.139293139293	0.860706860707	0.139293139293	0.338383838384	0.99896049896	0.338383838384
ceranib-2	0.29529737834090136		0.139293139293	0.860706860707	0.139293139293	0.338383838384	0.99896049896	0.338383838384
BRD-K01737880	0.2954313349783569		0.139293139293	0.860706860707	0.139293139293	0.338383838384	0.99896049896	0.338383838384
gefitinib	0.29622520651716555		0.139293139293	0.860706860707	0.139293139293	0.338383838384	0.99896049896	0.338383838384
SB-225002	0.2968121067779749		0.139293139293	0.860706860707	0.139293139293	0.338383838384	0.99896049896	0.338383838384
FSC231	0.2971311048488852		0.139293139293	0.860706860707	0.139293139293	0.338383838384	0.99896049896	0.338383838384
YK 4-279	0.298533920636717		0.136174636175	0.863825363825	0.136174636175	0.338383838384	0.99896049896	0.338383838384
BRD-A86708339	0.2986618110690961		0.136174636175	0.863825363825	0.136174636175	0.338383838384	0.99896049896	0.338383838384
BIBR-1532	0.29931579818292503		0.135135135135	0.864864864865	0.135135135135	0.338383838384	0.99896049896	0.338383838384
BRD-K66532283	0.29995231473010797		0.134095634096	0.865904365904	0.134095634096	0.338383838384	0.99896049896	0.338383838384
BRD-K64610608	0.30014552446350146		0.134095634096	0.865904365904	0.134095634096	0.338383838384	0.99896049896	0.338383838384
HBX-41108	0.3008125974601177		0.129937629938	0.870062370062	0.129937629938	0.338383838384	0.99896049896	0.338383838384
SN-38	0.3014263526570337		0.127858627859	0.872141372141	0.127858627859	0.337912087912	0.99896049896	0.337912087912
tandutinib	0.3022137858720426		0.126819126819	0.873180873181	0.126819126819	0.337016574586	0.99896049896	0.337016574586
MK-2206	0.30223473709691107		0.126819126819	0.873180873181	0.126819126819	0.337016574586	0.99896049896	0.337016574586
pevonedistat	0.30238313601385214		0.126819126819	0.873180873181	0.126819126819	0.337016574586	0.99896049896	0.337016574586
pazopanib	0.30246293989712225		0.126819126819	0.873180873181	0.126819126819	0.337016574586	0.99896049896	0.337016574586
cyanoquinoline 11	0.30314354408553396		0.12577962578	0.87422037422	0.12577962578	0.337016574586	0.99896049896	0.337016574586
sunitinib	0.3036679570375212		0.123700623701	0.876299376299	0.123700623701	0.337016574586	0.99896049896	0.337016574586
neuronal differentiation inducer III	0.30473487590157294		0.120582120582	0.879417879418	0.120582120582	0.331428571429	0.99896049896	0.331428571429
AGK-2	0.3048098899044224		0.120582120582	0.879417879418	0.120582120582	0.331428571429	0.99896049896	0.331428571429
bleomycin A2	0.3050328202156495		0.120582120582	0.879417879418	0.120582120582	0.331428571429	0.99896049896	0.331428571429
ETP-46464	0.30511453124986654		0.120582120582	0.879417879418	0.120582120582	0.331428571429	0.99896049896	0.331428571429
BMS-754807	0.30539591567824675		0.120582120582	0.879417879418	0.120582120582	0.331428571429	0.99896049896	0.331428571429
importazole	0.3062889728674713		0.118503118503	0.881496881497	0.118503118503	0.331428571429	0.99896049896	0.331428571429
pifithrin-mu	0.30650185394464624		0.118503118503	0.881496881497	0.118503118503	0.331428571429	0.99896049896	0.331428571429
canertinib	0.3068200629757146		0.117463617464	0.882536382536	0.117463617464	0.331428571429	0.99896049896	0.331428571429
BRD-K61166597	0.3079368293159843		0.115384615385	0.884615384615	0.115384615385	0.331428571429	0.99896049896	0.331428571429
KH-CB19	0.30885717252139083		0.115384615385	0.884615384615	0.115384615385	0.331428571429	0.99896049896	0.331428571429
cyclophosphamide	0.3092052807054607		0.115384615385	0.884615384615	0.115384615385	0.331428571429	0.99896049896	0.331428571429
CHM-1	0.310466649702518		0.115384615385	0.884615384615	0.115384615385	0.331428571429	0.99896049896	0.331428571429
BRD-K35604418	0.3114824162248635		0.112266112266	0.887733887734	0.112266112266	0.331288343558	0.99896049896	0.331288343558
ouabain	0.31178276218463		0.112266112266	0.887733887734	0.112266112266	0.331288343558	0.99896049896	0.331288343558
necrosulfonamide	0.3118813577571035		0.112266112266	0.887733887734	0.112266112266	0.331288343558	0.99896049896	0.331288343558
PYR-41	0.3119874837965908		0.112266112266	0.887733887734	0.112266112266	0.331288343558	0.99896049896	0.331288343558
BRD-K04800985	0.3121383996243725		0.111226611227	0.888773388773	0.111226611227	0.331288343558	0.99896049896	0.331288343558
BRD6340	0.3129291452258701		0.111226611227	0.888773388773	0.111226611227	0.331288343558	0.99896049896	0.331288343558
axitinib	0.3132546353842229		0.110187110187	0.889812889813	0.110187110187	0.331288343558	0.99896049896	0.331288343558
WAY-362450	0.31325920752023356		0.110187110187	0.889812889813	0.110187110187	0.331288343558	0.99896049896	0.331288343558
ELCPK	0.31350364017136656		0.109147609148	0.890852390852	0.109147609148	0.331288343558	0.99896049896	0.331288343558
ciclopirox	0.31494917114872817		0.107068607069	0.892931392931	0.107068607069	0.331288343558	0.99896049896	0.331288343558
AA-COCF3	0.31519772214880143		0.107068607069	0.892931392931	0.107068607069	0.331288343558	0.99896049896	0.331288343558
AZD4547	0.31562287808704614		0.107068607069	0.892931392931	0.107068607069	0.331288343558	0.99896049896	0.331288343558
nutlin-3	0.3158344829520823		0.107068607069	0.892931392931	0.107068607069	0.331288343558	0.99896049896	0.331288343558
ML031	0.31688134862213524		0.10498960499	0.89501039501	0.10498960499	0.331288343558	0.99896049896	0.331288343558
BRD-K66453893	0.31699893061191364		0.10498960499	0.89501039501	0.10498960499	0.331288343558	0.99896049896	0.331288343558
SU11274	0.31707376436303797		0.10498960499	0.89501039501	0.10498960499	0.331288343558	0.99896049896	0.331288343558
SMER-3	0.3171091871308485		0.10395010395	0.89604989605	0.10395010395	0.331288343558	0.99896049896	0.331288343558
C6-ceramide	0.31720652651292863		0.10395010395	0.89604989605	0.10395010395	0.331288343558	0.99896049896	0.331288343558
N9-isopropylolomoucine	0.31731852904899394		0.10395010395	0.89604989605	0.10395010395	0.331288343558	0.99896049896	0.331288343558
PAC-1	0.3173579885568944		0.10395010395	0.89604989605	0.10395010395	0.331288343558	0.99896049896	0.331288343558
isoevodiamine	0.3179210377689206		0.102910602911	0.897089397089	0.102910602911	0.331288343558	0.99896049896	0.331288343558
BRD-A02303741	0.31797480022166114		0.102910602911	0.897089397089	0.102910602911	0.331288343558	0.99896049896	0.331288343558
olaparib	0.3190769207531023		0.101871101871	0.898128898129	0.101871101871	0.331288343558	0.99896049896	0.331288343558
vincristine	0.31913835905632515		0.101871101871	0.898128898129	0.101871101871	0.331288343558	0.99896049896	0.331288343558
GMX-1778	0.31926990331816346		0.101871101871	0.898128898129	0.101871101871	0.331288343558	0.99896049896	0.331288343558
TG-100-115	0.32008124439229935		0.100831600832	0.899168399168	0.100831600832	0.331288343558	0.99896049896	0.331288343558
MGCD-265	0.32031720942882286		0.100831600832	0.899168399168	0.100831600832	0.331288343558	0.99896049896	0.331288343558
cabozantinib	0.32054517468591703		0.100831600832	0.899168399168	0.100831600832	0.331288343558	0.99896049896	0.331288343558
SR8278	0.3211609843734414		0.0997920997921	0.900207900208	0.0997920997921	0.331288343558	0.99896049896	0.331288343558
PL-DI	0.3213155288719452		0.0987525987526	0.901247401247	0.0987525987526	0.331288343558	0.99896049896	0.331288343558
BRD-K33514849	0.322001003574005		0.0977130977131	0.902286902287	0.0977130977131	0.331288343558	0.99896049896	0.331288343558
UNC0638	0.32209464719006486		0.0977130977131	0.902286902287	0.0977130977131	0.331288343558	0.99896049896	0.331288343558
AC55649	0.32230389743943144		0.0977130977131	0.902286902287	0.0977130977131	0.331288343558	0.99896049896	0.331288343558
manumycin A	0.3231636489247669		0.0977130977131	0.902286902287	0.0977130977131	0.331288343558	0.99896049896	0.331288343558
NVP-ADW742	0.32319626531333717		0.0977130977131	0.902286902287	0.0977130977131	0.331288343558	0.99896049896	0.331288343558
ISOX	0.3234128853961868		0.0977130977131	0.902286902287	0.0977130977131	0.331288343558	0.99896049896	0.331288343558
nilotinib	0.32357903927807535		0.0977130977131	0.902286902287	0.0977130977131	0.331288343558	0.99896049896	0.331288343558
selumetinib	0.3236344804470586		0.0977130977131	0.902286902287	0.0977130977131	0.331288343558	0.99896049896	0.331288343558
alisertib	0.32410116848620923		0.0977130977131	0.902286902287	0.0977130977131	0.331288343558	0.99896049896	0.331288343558
BRD-A94377914	0.3241199849938168		0.0977130977131	0.902286902287	0.0977130977131	0.331288343558	0.99896049896	0.331288343558
ruxolitinib	0.32443070626726894		0.0977130977131	0.902286902287	0.0977130977131	0.331288343558	0.99896049896	0.331288343558
MG-132	0.32482002818529593		0.0945945945946	0.905405405405	0.0945945945946	0.331288343558	0.99896049896	0.331288343558
lapatinib	0.3253374259278136		0.0945945945946	0.905405405405	0.0945945945946	0.331288343558	0.99896049896	0.331288343558
MST-312	0.32557048045868836		0.0945945945946	0.905405405405	0.0945945945946	0.331288343558	0.99896049896	0.331288343558
tosedostat	0.3272765680538594		0.0914760914761	0.908523908524	0.0914760914761	0.331288343558	0.99896049896	0.331288343558
tacedinaline	0.3274247548556885		0.0914760914761	0.908523908524	0.0914760914761	0.331288343558	0.99896049896	0.331288343558
CR-1-31B	0.32782836732296367		0.0914760914761	0.908523908524	0.0914760914761	0.331288343558	0.99896049896	0.331288343558
dacarbazine	0.3281396328989		0.0914760914761	0.908523908524	0.0914760914761	0.331288343558	0.99896049896	0.331288343558
crizotinib	0.32822885378680855		0.0914760914761	0.908523908524	0.0914760914761	0.331288343558	0.99896049896	0.331288343558
BRD-K41597374	0.3298040862376971		0.0904365904366	0.909563409563	0.0904365904366	0.331288343558	0.99896049896	0.331288343558
vorinostat	0.3300804474907284		0.0904365904366	0.909563409563	0.0904365904366	0.331288343558	0.99896049896	0.331288343558
PLX-4032	0.33116308052276483		0.0883575883576	0.911642411642	0.0883575883576	0.331288343558	0.99896049896	0.331288343558
PDMP	0.331321381616808		0.0873180873181	0.912681912682	0.0873180873181	0.331288343558	0.99896049896	0.331288343558
afatinib	0.3317253560457897		0.0873180873181	0.912681912682	0.0873180873181	0.331288343558	0.99896049896	0.331288343558
BYL-719	0.33215804389399095		0.0873180873181	0.912681912682	0.0873180873181	0.331288343558	0.99896049896	0.331288343558
entinostat	0.3323024493465202		0.0862785862786	0.913721413721	0.0862785862786	0.331288343558	0.99896049896	0.331288343558
BMS-270394	0.33269860196944034		0.0862785862786	0.913721413721	0.0862785862786	0.331288343558	0.99896049896	0.331288343558
decitabine	0.33291753841069527		0.0852390852391	0.914760914761	0.0852390852391	0.331288343558	0.99896049896	0.331288343558
brivanib	0.3336160804969663		0.0831600831601	0.91683991684	0.0831600831601	0.331288343558	0.99896049896	0.331288343558
trifluoperazine	0.3342084761988512		0.0831600831601	0.91683991684	0.0831600831601	0.331288343558	0.99896049896	0.331288343558
cerulenin	0.3345367907748671		0.0821205821206	0.917879417879	0.0821205821206	0.331288343558	0.99896049896	0.331288343558
BRD-K80183349	0.33455177989730184		0.0821205821206	0.917879417879	0.0821205821206	0.331288343558	0.99896049896	0.331288343558
LY-2183240	0.3347330673389094		0.0821205821206	0.917879417879	0.0821205821206	0.331288343558	0.99896049896	0.331288343558
GSK-J4	0.33524495165502305		0.0821205821206	0.917879417879	0.0821205821206	0.331288343558	0.99896049896	0.331288343558
bafilomycin A1	0.3355588286258684		0.0821205821206	0.917879417879	0.0821205821206	0.331288343558	0.99896049896	0.331288343558
omacetaxine mepesuccinate	0.33570959440477477		0.0821205821206	0.917879417879	0.0821205821206	0.331288343558	0.99896049896	0.331288343558
bexarotene	0.33678420237779083		0.0790020790021	0.920997920998	0.0790020790021	0.331288343558	0.99896049896	0.331288343558
BRD-K90370028	0.3371381457744454		0.0779625779626	0.922037422037	0.0779625779626	0.331288343558	0.99896049896	0.331288343558
SNS-032	0.3372119180209237		0.0779625779626	0.922037422037	0.0779625779626	0.331288343558	0.99896049896	0.331288343558
KHS101	0.3373109109391725		0.0779625779626	0.922037422037	0.0779625779626	0.331288343558	0.99896049896	0.331288343558
NPC-26	0.3374202913749554		0.0779625779626	0.922037422037	0.0779625779626	0.331288343558	0.99896049896	0.331288343558
narciclasine	0.337930827000634		0.0769230769231	0.923076923077	0.0769230769231	0.331288343558	0.99896049896	0.331288343558
NSC 74859	0.3391894850897368		0.0758835758836	0.924116424116	0.0758835758836	0.331288343558	0.99896049896	0.331288343558
doxorubicin	0.3392666864056889		0.0758835758836	0.924116424116	0.0758835758836	0.331288343558	0.99896049896	0.331288343558
SCH-79797	0.33985936211011086		0.0748440748441	0.925155925156	0.0748440748441	0.331288343558	0.99896049896	0.331288343558
marinopyrrole A	0.34086576105124244		0.0738045738046	0.926195426195	0.0738045738046	0.331288343558	0.99896049896	0.331288343558
BRD-K29313308	0.3415356425728878		0.0717255717256	0.928274428274	0.0717255717256	0.331288343558	0.99896049896	0.331288343558
ML203	0.3425203576004179		0.0696465696466	0.930353430353	0.0696465696466	0.331288343558	0.99896049896	0.331288343558
foretinib	0.3434351874394507		0.0696465696466	0.930353430353	0.0696465696466	0.331288343558	0.99896049896	0.331288343558
PX-12	0.34359123584234463		0.0696465696466	0.930353430353	0.0696465696466	0.331288343558	0.99896049896	0.331288343558
belinostat	0.3436298196413796		0.0696465696466	0.930353430353	0.0696465696466	0.331288343558	0.99896049896	0.331288343558
KPT185	0.34369795758267435		0.0696465696466	0.930353430353	0.0696465696466	0.331288343558	0.99896049896	0.331288343558
zebularine	0.3441672886784761		0.0696465696466	0.930353430353	0.0696465696466	0.331288343558	0.99896049896	0.331288343558
cediranib	0.3442448986088385		0.0696465696466	0.930353430353	0.0696465696466	0.331288343558	0.99896049896	0.331288343558
HC-067047	0.3460883246465938		0.0654885654886	0.934511434511	0.0654885654886	0.331288343558	0.99896049896	0.331288343558
SR-II-138A	0.3461018874900937		0.0654885654886	0.934511434511	0.0654885654886	0.331288343558	0.99896049896	0.331288343558
fluorouracil	0.34628689007065755		0.0654885654886	0.934511434511	0.0654885654886	0.331288343558	0.99896049896	0.331288343558
HLI 373	0.34697213606888166		0.0644490644491	0.935550935551	0.0644490644491	0.331288343558	0.99896049896	0.331288343558
isonicotinohydroxamic acid	0.347778129452674		0.0623700623701	0.93762993763	0.0623700623701	0.331288343558	0.99896049896	0.331288343558
BMS-345541	0.3483809202823801		0.0602910602911	0.939708939709	0.0602910602911	0.331288343558	0.99896049896	0.331288343558
apicidin	0.35014573036285707		0.0561330561331	0.943866943867	0.0561330561331	0.331288343558	0.99896049896	0.331288343558
ibrutinib	0.3504857206226072		0.0540540540541	0.945945945946	0.0540540540541	0.331288343558	0.99896049896	0.331288343558
GDC-0879	0.3507219601422378		0.0540540540541	0.945945945946	0.0540540540541	0.331288343558	0.99896049896	0.331288343558
docetaxel	0.35150806133311957		0.0540540540541	0.945945945946	0.0540540540541	0.331288343558	0.99896049896	0.331288343558
PHA-793887	0.35197608262316016		0.0530145530146	0.946985446985	0.0530145530146	0.331288343558	0.99896049896	0.331288343558
L-685458	0.35230811276030477		0.0530145530146	0.946985446985	0.0530145530146	0.331288343558	0.99896049896	0.331288343558
procarbazine	0.353062602421917		0.0519750519751	0.948024948025	0.0519750519751	0.331288343558	0.99896049896	0.331288343558
BIX-01294	0.3543865146730567		0.0519750519751	0.948024948025	0.0519750519751	0.331288343558	0.99896049896	0.331288343558
Compound 7d-cis	0.3544712153593644		0.0519750519751	0.948024948025	0.0519750519751	0.331288343558	0.99896049896	0.331288343558
BRD-K92856060	0.3552991123930207		0.0509355509356	0.949064449064	0.0509355509356	0.331288343558	0.99896049896	0.331288343558
AZD1480	0.35667455581628876		0.0509355509356	0.949064449064	0.0509355509356	0.331288343558	0.99896049896	0.331288343558
fingolimod	0.3600226855092972		0.0446985446985	0.955301455301	0.0446985446985	0.331288343558	0.99896049896	0.331288343558
ML050	0.36081450258586195		0.0446985446985	0.955301455301	0.0446985446985	0.331288343558	0.99896049896	0.331288343558
BRD-K24690302	0.36110019205936067		0.0446985446985	0.955301455301	0.0446985446985	0.331288343558	0.99896049896	0.331288343558
imatinib	0.36112065773667057		0.0446985446985	0.955301455301	0.0446985446985	0.331288343558	0.99896049896	0.331288343558
pandacostat	0.36210291743694095		0.0446985446985	0.955301455301	0.0446985446985	0.331288343558	0.99896049896	0.331288343558
isoliquiritigenin	0.3622260596866707		0.0446985446985	0.955301455301	0.0446985446985	0.331288343558	0.99896049896	0.331288343558
BRD-A05715709	0.3625058266699322		0.043659043659	0.956340956341	0.043659043659	0.331288343558	0.99896049896	0.331288343558
linifanib	0.36283567438395103		0.043659043659	0.956340956341	0.043659043659	0.331288343558	0.99896049896	0.331288343558
A-804598	0.36318848783177754		0.0426195426195	0.95738045738	0.0426195426195	0.331288343558	0.99896049896	0.331288343558
BRD-K11533227	0.36374429459445445		0.0426195426195	0.95738045738	0.0426195426195	0.331288343558	0.99896049896	0.331288343558
AT-406	0.3652282945745925		0.039501039501	0.960498960499	0.039501039501	0.331288343558	0.99896049896	0.331288343558
serdemetan	0.3653792526112395		0.039501039501	0.960498960499	0.039501039501	0.331288343558	0.99896049896	0.331288343558
Compound 23 citrate	0.3655784468078102		0.0384615384615	0.961538461538	0.0384615384615	0.331288343558	0.99896049896	0.331288343558
BRD-K48477130	0.3656494923414784		0.0384615384615	0.961538461538	0.0384615384615	0.331288343558	0.99896049896	0.331288343558
avrainvillamide	0.36804053521824154		0.0343035343035	0.965696465696	0.0343035343035	0.331288343558	0.99896049896	0.331288343558
BRD1812	0.36811431488210083		0.0343035343035	0.965696465696	0.0343035343035	0.331288343558	0.99896049896	0.331288343558
VX-680	0.3684165840366778		0.0343035343035	0.965696465696	0.0343035343035	0.331288343558	0.99896049896	0.331288343558
tanespimycin	0.3687122652836508		0.0343035343035	0.965696465696	0.0343035343035	0.331288343558	0.99896049896	0.331288343558
RG-108	0.36909040173281527		0.0343035343035	0.965696465696	0.0343035343035	0.331288343558	0.99896049896	0.331288343558
chlorambucil	0.369203356171037		0.0343035343035	0.965696465696	0.0343035343035	0.331288343558	0.99896049896	0.331288343558
bendamustine	0.3699108432937158		0.0322245322245	0.967775467775	0.0322245322245	0.331288343558	0.99896049896	0.331288343558
NSC19630	0.3719430563812235		0.029106029106	0.970893970894	0.029106029106	0.331288343558	0.99896049896	0.331288343558
PD318088	0.37216565003110813		0.029106029106	0.970893970894	0.029106029106	0.331288343558	0.99896049896	0.331288343558
LBH-589	0.37247940722294237		0.029106029106	0.970893970894	0.029106029106	0.331288343558	0.99896049896	0.331288343558
alvocidib	0.3726547553255084		0.029106029106	0.970893970894	0.029106029106	0.331288343558	0.99896049896	0.331288343558
cytarabine hydrochloride	0.37347954928357807		0.0280665280665	0.971933471933	0.0280665280665	0.331288343558	0.99896049896	0.331288343558
BRD-A71883111	0.37370839034030445		0.0280665280665	0.971933471933	0.0280665280665	0.331288343558	0.99896049896	0.331288343558
PF-543	0.3770794160456503		0.0259875259875	0.974012474012	0.0259875259875	0.331288343558	0.99896049896	0.331288343558
RO4929097	0.3771667825700335		0.0259875259875	0.974012474012	0.0259875259875	0.331288343558	0.99896049896	0.331288343558
pitstop2	0.3778265499842657		0.0259875259875	0.974012474012	0.0259875259875	0.331288343558	0.99896049896	0.331288343558
tretinoin	0.3836008282017802		0.0218295218295	0.97817047817	0.0218295218295	0.328125	0.99896049896	0.328125
SNX-2112	0.38930824077129594		0.018711018711	0.981288981289	0.018711018711	0.290322580645	0.99896049896	0.290322580645
indisulam	0.3897204178307123		0.018711018711	0.981288981289	0.018711018711	0.290322580645	0.99896049896	0.290322580645
PD 153035	0.3897467562163285		0.018711018711	0.981288981289	0.018711018711	0.290322580645	0.99896049896	0.290322580645
leptomycin B	0.3913927601970059		0.0176715176715	0.982328482328	0.0176715176715	0.290322580645	0.99896049896	0.290322580645
skepinone-L	0.3915311515905395		0.0176715176715	0.982328482328	0.0176715176715	0.290322580645	0.99896049896	0.290322580645
PLX-4720	0.3916084470291648		0.0176715176715	0.982328482328	0.0176715176715	0.290322580645	0.99896049896	0.290322580645
sotrastaurin	0.392837128026012		0.0176715176715	0.982328482328	0.0176715176715	0.290322580645	0.99896049896	0.290322580645
16-beta-bromoandrosterone	0.3929020537934705		0.0176715176715	0.982328482328	0.0176715176715	0.290322580645	0.99896049896	0.290322580645
elocalcitol	0.3957089220066759		0.0176715176715	0.982328482328	0.0176715176715	0.290322580645	0.99896049896	0.290322580645
tipifarnib-P1	0.3968619591559305		0.0176715176715	0.982328482328	0.0176715176715	0.290322580645	0.99896049896	0.290322580645
BRD-K28456706	0.3982599721024071		0.0176715176715	0.982328482328	0.0176715176715	0.290322580645	0.99896049896	0.290322580645
BRD-K02251932	0.3983050428366546	0.012944795148562007	0.0176715176715	0.982328482328	0.0176715176715	0.290322580645	0.99896049896	0.290322580645
tamoxifen	0.3989881542965996	0.03886779598707675	0.0176715176715	0.982328482328	0.0176715176715	0.290322580645	0.99896049896	0.290322580645
BMS-195614	0.4009253065599383	0.446941683723425	0.016632016632	0.983367983368	0.016632016632	0.290322580645	0.99896049896	0.290322580645
epigallocatechin-3-monogallate	0.40182080553796856	0.05673204561321207	0.0155925155925	0.984407484407	0.0155925155925	0.290322580645	0.99896049896	0.290322580645
Compound 1541A	0.4020852852653713	0.007502237783755417	0.014553014553	0.985446985447	0.014553014553	0.290322580645	0.99896049896	0.290322580645
tubastatin A	0.4021695888166937	0.39456797472011096	0.014553014553	0.985446985447	0.014553014553	0.290322580645	0.99896049896	0.290322580645
PF-3758309	0.40297328352999673	0.04577485780113224	0.0135135135135	0.986486486486	0.0135135135135	0.290322580645	0.99896049896	0.290322580645
BRD-M00053801	0.4053676824122152	0.06235257044430484	0.012474012474	0.987525987526	0.012474012474	0.290322580645	0.99896049896	0.290322580645
dinaciclib	0.4065257747852984	0.06967687294189337	0.012474012474	0.987525987526	0.012474012474	0.290322580645	0.99896049896	0.290322580645
SB-431542	0.40820725862570406	0.035402050562207646	0.012474012474	0.987525987526	0.012474012474	0.290322580645	0.99896049896	0.290322580645
barasertib	0.42057022312569103	0.026173028625877986	0.00727650727651	0.992723492723	0.00727650727651	0.290322580645	0.99896049896	0.290322580645
BRD-K88742110	0.4380810139213921	0.5747718176232155	0.00623700623701	0.993762993763	0.00623700623701	0.290322580645	0.99896049896	0.290322580645
MLN2480	0.44448504868810657	0.043097801170807346	0.00519750519751	0.994802494802	0.00519750519751	0.290322580645	0.99896049896	0.290322580645
BRD-K51490254	0.44726512191554274	0.020444543697677318	0.00519750519751	0.994802494802	0.00519750519751	0.290322580645	0.99896049896	0.290322580645
Repligen 136	0.4532709161233823	0.47463341568973666	0.004158004158	0.995841995842	0.004158004158	0.290322580645	0.99896049896	0.290322580645
AT13387	0.465714906437263	0.011733280349714223	0.004158004158	0.995841995842	0.004158004158	0.290322580645	0.99896049896	0.290322580645
linsitinib	0.4682271886849325	0.11330471867446264	0.0031185031185	0.996881496881	0.0031185031185	0.290322580645	0.99896049896	0.290322580645
NSC23766	0.4911215015851034	0.10892570538700891	0.002079002079	0.997920997921	0.002079002079	0.290322580645	0.99896049896	0.290322580645
BRD-K42260513	0.49976769191821374	0.043793303410080246	0.0010395010395	0.99896049896	0.0010395010395	0.25	0.99896049896	0.25
dabrafenib	0.5209839900178553	0.48605384586117223	0.0010395010395	0.99896049896	0.0010395010395	0.25	0.99896049896	0.25
