	score	0.95 moe	p-value (forward)	p-value (reverse)	p-value	fdr (forward)	fdr (reverse)	fdr
dabrafenib	-0.7699676024181462	0.07825889641169989	1.0	0.0010395010395010396	0.0010395010395010396	1.0	0.0416666666667	0.0416666666667
PLX-4720	-0.621811067256225	0.04747577249293839	1.0	0.0010395010395010396	0.0010395010395010396	1.0	0.0416666666667	0.0416666666667
GDC-0879	-0.5816936310146646	0.018024372902662705	1.0	0.0010395010395010396	0.0010395010395010396	1.0	0.0416666666667	0.0416666666667
MLN2480	-0.5589189051015404	0.04441937842555556	1.0	0.0010395010395010396	0.0010395010395010396	1.0	0.0416666666667	0.0416666666667
BRD-K99006945	-0.5521044452196933	0.06784668212775098	1.0	0.0010395010395010396	0.0010395010395010396	1.0	0.0416666666667	0.0416666666667
PLX-4032	-0.5513895202694635	0.10337161795372678	1.0	0.0010395010395010396	0.0010395010395010396	1.0	0.0416666666667	0.0416666666667
tubastatin A	-0.5043841108285921	0.04643887851357381	1.0	0.0010395010395010396	0.0010395010395010396	1.0	0.0416666666667	0.0416666666667
compound 1B	-0.496452692184957	0.027941925819789423	0.99896049896	0.0010395010395	0.0010395010395	1.0	0.0416666666667	0.0416666666667
isoliquiritigenin	-0.48698302501682855	0.05248398261047238	0.99896049896	0.0010395010395	0.0010395010395	1.0	0.0416666666667	0.0416666666667
trametinib	-0.4697547663861997	0.023256668384400617	0.99896049896	0.0010395010395	0.0010395010395	1.0	0.0416666666667	0.0416666666667
PD318088	-0.4655510003622763	0.04945095894887387	0.99896049896	0.0010395010395	0.0010395010395	1.0	0.0416666666667	0.0416666666667
CIL55	-0.45752526912039093	0.4037052905621831	0.99896049896	0.0010395010395	0.0010395010395	1.0	0.0416666666667	0.0416666666667
cyclophosphamide	-0.4155045573849774	0.09023117888631156	0.996881496881	0.0031185031185	0.0031185031185	1.0	0.115384615385	0.115384615385
BRD-K29313308	-0.40960189477363584	0.4469036359775276	0.993762993763	0.00623700623701	0.00623700623701	1.0	0.214285714286	0.214285714286
NSC 74859	-0.40686099846207835	0.05555171384674255	0.992723492723	0.00727650727651	0.00727650727651	1.0	0.233333333333	0.233333333333
CHIR-99021	-0.4041711971719094	0.5150100042956076	0.991683991684	0.00831600831601	0.00831600831601	1.0	0.235294117647	0.235294117647
BRD-K51490254	-0.40414914412652014	0.017235499657757652	0.991683991684	0.00831600831601	0.00831600831601	1.0	0.235294117647	0.235294117647
BRD-K34485477	-0.402287141194756	0.007850703750917674	0.989604989605	0.010395010395	0.010395010395	1.0	0.25	0.25
BRD-K41334119	-0.39991270217402675	0.11222776719202818	0.989604989605	0.010395010395	0.010395010395	1.0	0.25	0.25
BRD-K86535717	-0.39802642775873937	0.08628702217156949	0.988565488565	0.0114345114345	0.0114345114345	1.0	0.25	0.25
ML203	-0.3937582621690403		0.988565488565	0.0114345114345	0.0114345114345	1.0	0.25	0.25
selumetinib	-0.3930202170738847		0.988565488565	0.0114345114345	0.0114345114345	1.0	0.25	0.25
O-6-benzylguanine	-0.3895992910789477		0.986486486486	0.0135135135135	0.0135135135135	1.0	0.25	0.25
trifluoperazine	-0.38828552340207945		0.986486486486	0.0135135135135	0.0135135135135	1.0	0.25	0.25
BRD-K09344309	-0.38807591187553114		0.986486486486	0.0135135135135	0.0135135135135	1.0	0.25	0.25
CIL70	-0.3870668700129459		0.985446985447	0.014553014553	0.014553014553	1.0	0.25	0.25
sotrastaurin	-0.3847131456043218		0.984407484407	0.0155925155925	0.0155925155925	1.0	0.25	0.25
RO4929097	-0.38458550247495726		0.984407484407	0.0155925155925	0.0155925155925	1.0	0.25	0.25
NSC30930	-0.3840637959699049		0.984407484407	0.0155925155925	0.0155925155925	1.0	0.25	0.25
birinapant	-0.38348183660590285		0.984407484407	0.0155925155925	0.0155925155925	1.0	0.25	0.25
staurosporine	-0.38073696500544935		0.982328482328	0.0176715176715	0.0176715176715	1.0	0.257575757576	0.257575757576
AT-406	-0.3793985959283892		0.982328482328	0.0176715176715	0.0176715176715	1.0	0.257575757576	0.257575757576
BRD-A02303741	-0.37920571632552935		0.982328482328	0.0176715176715	0.0176715176715	1.0	0.257575757576	0.257575757576
RAF265	-0.3755993915554643		0.976091476091	0.0239085239085	0.0239085239085	1.0	0.315789473684	0.315789473684
CAY10576	-0.37410326691837636		0.976091476091	0.0239085239085	0.0239085239085	1.0	0.315789473684	0.315789473684
imatinib	-0.36828962447529634		0.975051975052	0.024948024948	0.024948024948	1.0	0.315789473684	0.315789473684
CIL41	-0.3677435916560524		0.975051975052	0.024948024948	0.024948024948	1.0	0.315789473684	0.315789473684
BRD-K51831558	-0.36724801341554647		0.975051975052	0.024948024948	0.024948024948	1.0	0.315789473684	0.315789473684
nutlin-3	-0.3649207964254537		0.974012474012	0.0259875259875	0.0259875259875	1.0	0.320512820513	0.320512820513
SID 26681509	-0.3630644080811		0.971933471933	0.0280665280665	0.0280665280665	1.0	0.329268292683	0.329268292683
BRD-K88742110	-0.3622507765402402		0.971933471933	0.0280665280665	0.0280665280665	1.0	0.329268292683	0.329268292683
cimetidine	-0.3581607300181205		0.967775467775	0.0322245322245	0.0322245322245	1.0	0.363636363636	0.363636363636
brivanib	-0.3580257946399966		0.966735966736	0.033264033264	0.033264033264	1.0	0.363636363636	0.363636363636
CIL55A	-0.35615490964300633		0.966735966736	0.033264033264	0.033264033264	1.0	0.363636363636	0.363636363636
isonicotinohydroxamic acid	-0.35289475999014613		0.964656964657	0.035343035343	0.035343035343	1.0	0.369565217391	0.369565217391
BRD9647	-0.3515607237320697		0.964656964657	0.035343035343	0.035343035343	1.0	0.369565217391	0.369565217391
BRD-K92856060	-0.35070021899393644		0.962577962578	0.037422037422	0.037422037422	1.0	0.375	0.375
VX-680	-0.3503735734811291		0.962577962578	0.037422037422	0.037422037422	1.0	0.375	0.375
ML239	-0.34772195733509625		0.960498960499	0.039501039501	0.039501039501	1.0	0.387755102041	0.387755102041
BIX-01294	-0.3455805129558258		0.95841995842	0.04158004158	0.04158004158	1.0	0.387931034483	0.387931034483
chlorambucil	-0.3449772785142425		0.95738045738	0.0426195426195	0.0426195426195	1.0	0.387931034483	0.387931034483
BRD-K45681478	-0.3436832161938388		0.956340956341	0.043659043659	0.043659043659	1.0	0.387931034483	0.387931034483
elocalcitol	-0.3426330748891593		0.954261954262	0.045738045738	0.045738045738	1.0	0.387931034483	0.387931034483
NSC48300	-0.34230899537874737		0.953222453222	0.0467775467775	0.0467775467775	1.0	0.387931034483	0.387931034483
BRD-K24690302	-0.34229614814042597		0.953222453222	0.0467775467775	0.0467775467775	1.0	0.387931034483	0.387931034483
prochlorperazine	-0.3420198464547782		0.953222453222	0.0467775467775	0.0467775467775	1.0	0.387931034483	0.387931034483
simvastatin	-0.34160182260730804		0.953222453222	0.0467775467775	0.0467775467775	1.0	0.387931034483	0.387931034483
tandutinib	-0.3402679215899365		0.953222453222	0.0467775467775	0.0467775467775	1.0	0.387931034483	0.387931034483
BRD-K42260513	-0.3380597757894713		0.951143451143	0.0488565488565	0.0488565488565	1.0	0.398305084746	0.398305084746
bendamustine	-0.3361293633321849		0.949064449064	0.0509355509356	0.0509355509356	1.0	0.408333333333	0.408333333333
BRD-K29086754	-0.33502322217817143		0.946985446985	0.0530145530146	0.0530145530146	1.0	0.411290322581	0.411290322581
dacarbazine	-0.33470201310772896		0.946985446985	0.0530145530146	0.0530145530146	1.0	0.411290322581	0.411290322581
BRD-K49290616	-0.33080447917498873		0.93659043659	0.0634095634096	0.0634095634096	1.0	0.484126984127	0.484126984127
darinaparsin	-0.325927373733183		0.932432432432	0.0675675675676	0.0675675675676	1.0	0.5078125	0.5078125
BRD-K27224038	-0.32529530751369407		0.930353430353	0.0696465696466	0.0696465696466	1.0	0.514084507042	0.514084507042
AZD4547	-0.3232801060423841		0.929313929314	0.0706860706861	0.0706860706861	1.0	0.514084507042	0.514084507042
NSC95397	-0.3224821684965222		0.926195426195	0.0738045738046	0.0738045738046	1.0	0.514084507042	0.514084507042
BRD-K44224150	-0.3216591231711263		0.925155925156	0.0748440748441	0.0748440748441	1.0	0.514084507042	0.514084507042
PYR-41	-0.32147356635536883		0.925155925156	0.0748440748441	0.0748440748441	1.0	0.514084507042	0.514084507042
neopeltolide	-0.3204340579096641		0.924116424116	0.0758835758836	0.0758835758836	1.0	0.514084507042	0.514084507042
PDMP	-0.3200316995444094		0.924116424116	0.0758835758836	0.0758835758836	1.0	0.514084507042	0.514084507042
Compound 1541A	-0.3188290428385285		0.919958419958	0.0800415800416	0.0800415800416	1.0	0.53164556962	0.53164556962
BRD-K11533227	-0.3185216224290778		0.917879417879	0.0821205821206	0.0821205821206	1.0	0.53164556962	0.53164556962
BRD-K27986637	-0.3174745397988108		0.917879417879	0.0821205821206	0.0821205821206	1.0	0.53164556962	0.53164556962
procarbazine	-0.31681454356824773		0.91683991684	0.0831600831601	0.0831600831601	1.0	0.53164556962	0.53164556962
nilotinib	-0.3148457395371173		0.9158004158	0.0841995841996	0.0841995841996	1.0	0.53164556962	0.53164556962
IC-87114	-0.3142615226325016		0.912681912682	0.0873180873181	0.0873180873181	1.0	0.53164556962	0.53164556962
myriocin	-0.31425211614161846		0.912681912682	0.0873180873181	0.0873180873181	1.0	0.53164556962	0.53164556962
BRD8899	-0.3138133808603477		0.912681912682	0.0873180873181	0.0873180873181	1.0	0.53164556962	0.53164556962
tigecycline	-0.31272216146492693		0.907484407484	0.0925155925156	0.0925155925156	1.0	0.545081967213	0.545081967213
BRD-M00053801	-0.3122304979514739		0.905405405405	0.0945945945946	0.0945945945946	1.0	0.545081967213	0.545081967213
epigallocatechin-3-monogallate	-0.3119293228732133		0.904365904366	0.0956340956341	0.0956340956341	1.0	0.545081967213	0.545081967213
BMS-270394	-0.3110353088076676		0.900207900208	0.0997920997921	0.0997920997921	1.0	0.545081967213	0.545081967213
ML334 diastereomer	-0.3106755288017602		0.899168399168	0.100831600832	0.100831600832	1.0	0.545081967213	0.545081967213
SR8278	-0.3106275948739059		0.899168399168	0.100831600832	0.100831600832	1.0	0.545081967213	0.545081967213
SJ-172550	-0.30960756081581686		0.899168399168	0.100831600832	0.100831600832	1.0	0.545081967213	0.545081967213
CCT036477	-0.3093305967532278		0.899168399168	0.100831600832	0.100831600832	1.0	0.545081967213	0.545081967213
AT7867	-0.3070017397730609		0.89501039501	0.10498960499	0.10498960499	1.0	0.545081967213	0.545081967213
ML312	-0.3044788350754819		0.888773388773	0.111226611227	0.111226611227	1.0	0.545081967213	0.545081967213
sorafenib	-0.30382994477289593		0.888773388773	0.111226611227	0.111226611227	1.0	0.545081967213	0.545081967213
pifithrin-mu	-0.30368406800677034		0.888773388773	0.111226611227	0.111226611227	1.0	0.545081967213	0.545081967213
BRD-K16147474	-0.302123805370198		0.888773388773	0.111226611227	0.111226611227	1.0	0.545081967213	0.545081967213
SU11274	-0.301962209082361		0.888773388773	0.111226611227	0.111226611227	1.0	0.545081967213	0.545081967213
alvocidib	-0.30170466628168546		0.888773388773	0.111226611227	0.111226611227	1.0	0.545081967213	0.545081967213
PRL-3 inhibitor I	-0.30099803943261866		0.888773388773	0.111226611227	0.111226611227	1.0	0.545081967213	0.545081967213
BRD-K37390332	-0.29985782512322323		0.886694386694	0.113305613306	0.113305613306	1.0	0.545081967213	0.545081967213
SMER-3	-0.2998556269552045		0.886694386694	0.113305613306	0.113305613306	1.0	0.545081967213	0.545081967213
QS-11	-0.29983856619917		0.886694386694	0.113305613306	0.113305613306	1.0	0.545081967213	0.545081967213
tivozanib	-0.29870768532126035		0.885654885655	0.114345114345	0.114345114345	1.0	0.545081967213	0.545081967213
CAY10594	-0.29861317667318404		0.885654885655	0.114345114345	0.114345114345	1.0	0.545081967213	0.545081967213
STF-31	-0.29765736414879684		0.883575883576	0.116424116424	0.116424116424	1.0	0.545081967213	0.545081967213
nelarabine	-0.29588350056594065		0.878378378378	0.121621621622	0.121621621622	1.0	0.545081967213	0.545081967213
BRD-K71781559	-0.29537345628181033		0.876299376299	0.123700623701	0.123700623701	1.0	0.545081967213	0.545081967213
purmorphamine	-0.29503940642737375		0.87422037422	0.12577962578	0.12577962578	1.0	0.545081967213	0.545081967213
pitstop2	-0.29473777110137284		0.87422037422	0.12577962578	0.12577962578	1.0	0.545081967213	0.545081967213
SCH-529074	-0.2921939560704792		0.869022869023	0.130977130977	0.130977130977	1.0	0.545081967213	0.545081967213
LY-2183240	-0.2921317006598451		0.869022869023	0.130977130977	0.130977130977	1.0	0.545081967213	0.545081967213
cabozantinib	-0.29210501862299865		0.869022869023	0.130977130977	0.130977130977	1.0	0.545081967213	0.545081967213
manumycin A	-0.29196783402324644		0.867983367983	0.132016632017	0.132016632017	1.0	0.545081967213	0.545081967213
palmostatin B	-0.2905273007426439		0.866943866944	0.133056133056	0.133056133056	1.0	0.545081967213	0.545081967213
clofarabine	-0.29046048288239895		0.866943866944	0.133056133056	0.133056133056	1.0	0.545081967213	0.545081967213
MG-132	-0.29041596504731854		0.866943866944	0.133056133056	0.133056133056	1.0	0.545081967213	0.545081967213
SB-525334	-0.28781080023533534		0.863825363825	0.136174636175	0.136174636175	1.0	0.545081967213	0.545081967213
cytarabine hydrochloride	-0.2877367796011567		0.863825363825	0.136174636175	0.136174636175	1.0	0.545081967213	0.545081967213
AA-COCF3	-0.28766733475573586		0.863825363825	0.136174636175	0.136174636175	1.0	0.545081967213	0.545081967213
bexarotene	-0.2876182983615707		0.863825363825	0.136174636175	0.136174636175	1.0	0.545081967213	0.545081967213
leptomycin B	-0.28747265962106655		0.862785862786	0.137214137214	0.137214137214	1.0	0.545081967213	0.545081967213
Bax channel blocker	-0.2873461286653588		0.861746361746	0.138253638254	0.138253638254	1.0	0.545081967213	0.545081967213
KH-CB19	-0.28730474669673073		0.861746361746	0.138253638254	0.138253638254	1.0	0.545081967213	0.545081967213
BRD-K30019337	-0.28726737063288765		0.861746361746	0.138253638254	0.138253638254	1.0	0.545081967213	0.545081967213
pandacostat	-0.2872262314586456		0.861746361746	0.138253638254	0.138253638254	1.0	0.545081967213	0.545081967213
niclosamide	-0.28707857390062025		0.861746361746	0.138253638254	0.138253638254	1.0	0.545081967213	0.545081967213
BRD-K30748066	-0.28442318591121707		0.850311850312	0.149688149688	0.149688149688	1.0	0.571428571429	0.571428571429
ML320	-0.28405131474567086		0.850311850312	0.149688149688	0.149688149688	1.0	0.571428571429	0.571428571429
IPR-456	-0.2839194234582366		0.850311850312	0.149688149688	0.149688149688	1.0	0.571428571429	0.571428571429
entinostat	-0.28335502354069025		0.850311850312	0.149688149688	0.149688149688	1.0	0.571428571429	0.571428571429
MST-312	-0.2820430012403963		0.848232848233	0.151767151767	0.151767151767	1.0	0.574803149606	0.574803149606
lovastatin	-0.2814658339704335		0.845114345114	0.154885654886	0.154885654886	1.0	0.58203125	0.58203125
marinopyrrole A	-0.27942948301947973		0.841995841996	0.158004158004	0.158004158004	1.0	0.584615384615	0.584615384615
BRD-K85133207	-0.27928289536703427		0.841995841996	0.158004158004	0.158004158004	1.0	0.584615384615	0.584615384615
BRD-K84807411	-0.2773538567795542		0.838877338877	0.161122661123	0.161122661123	1.0	0.587121212121	0.587121212121
VAF-347	-0.2771590759087763		0.838877338877	0.161122661123	0.161122661123	1.0	0.587121212121	0.587121212121
MLN2238	-0.2766758881611469		0.836798336798	0.163201663202	0.163201663202	1.0	0.59022556391	0.59022556391
ouabain	-0.27612951522607093		0.83264033264	0.16735966736	0.16735966736	1.0	0.595588235294	0.595588235294
ML031	-0.27514852267029916		0.831600831601	0.168399168399	0.168399168399	1.0	0.595588235294	0.595588235294
BRD-K66532283	-0.2751371924192827		0.831600831601	0.168399168399	0.168399168399	1.0	0.595588235294	0.595588235294
BRD-K34099515	-0.27452378438563163		0.828482328482	0.171517671518	0.171517671518	1.0	0.597122302158	0.597122302158
betulinic acid	-0.2741935913702432		0.828482328482	0.171517671518	0.171517671518	1.0	0.597122302158	0.597122302158
apicidin	-0.27221941918517467		0.827442827443	0.172557172557	0.172557172557	1.0	0.597122302158	0.597122302158
BRD-K61166597	-0.2705896516344982		0.822245322245	0.177754677755	0.177754677755	1.0	0.610714285714	0.610714285714
doxorubicin	-0.2694814498783715		0.819126819127	0.180873180873	0.180873180873	1.0	0.613793103448	0.613793103448
BRD-K80183349	-0.26824737276693567		0.816008316008	0.183991683992	0.183991683992	1.0	0.613793103448	0.613793103448
sunitinib	-0.26822627770244556		0.816008316008	0.183991683992	0.183991683992	1.0	0.613793103448	0.613793103448
BRD1812	-0.268028522073993		0.814968814969	0.185031185031	0.185031185031	1.0	0.613793103448	0.613793103448
PI-103	-0.267246998766464		0.814968814969	0.185031185031	0.185031185031	1.0	0.613793103448	0.613793103448
CAL-101	-0.2652216510019387		0.806652806653	0.193347193347	0.193347193347	1.0	0.63698630137	0.63698630137
etoposide	-0.26228809734021946		0.801455301455	0.198544698545	0.198544698545	1.0	0.640522875817	0.640522875817
BRD8958	-0.26191485882636		0.799376299376	0.200623700624	0.200623700624	1.0	0.640522875817	0.640522875817
bortezomib	-0.26081321732074886		0.797297297297	0.202702702703	0.202702702703	1.0	0.640522875817	0.640522875817
ISOX	-0.26061420535029706		0.797297297297	0.202702702703	0.202702702703	1.0	0.640522875817	0.640522875817
triptolide	-0.26051711733467187		0.797297297297	0.202702702703	0.202702702703	1.0	0.640522875817	0.640522875817
omacetaxine mepesuccinate	-0.2603731177264589		0.797297297297	0.202702702703	0.202702702703	1.0	0.640522875817	0.640522875817
teniposide	-0.26004667392118275		0.796257796258	0.203742203742	0.203742203742	1.0	0.640522875817	0.640522875817
PHA-793887	-0.2585902140025292		0.790020790021	0.209979209979	0.209979209979	1.0	0.651612903226	0.651612903226
SNS-032	-0.2582402236494894		0.790020790021	0.209979209979	0.209979209979	1.0	0.651612903226	0.651612903226
GSK2636771	-0.25651136075783054		0.783783783784	0.216216216216	0.216216216216	1.0	0.666666666667	0.666666666667
BRD-K94991378	-0.255462514020104		0.781704781705	0.218295218295	0.218295218295	1.0	0.668789808917	0.668789808917
GANT-61	-0.25426238038426896		0.778586278586	0.221413721414	0.221413721414	1.0	0.674050632911	0.674050632911
EX-527	-0.25178232648511517		0.769230769231	0.230769230769	0.230769230769	1.0	0.690909090909	0.690909090909
regorafenib	-0.25168418837155737		0.769230769231	0.230769230769	0.230769230769	1.0	0.690909090909	0.690909090909
dinaciclib	-0.2514651582521798		0.767151767152	0.232848232848	0.232848232848	1.0	0.690909090909	0.690909090909
GSK525762A	-0.25115846565143163		0.766112266112	0.233887733888	0.233887733888	1.0	0.690909090909	0.690909090909
SB-225002	-0.2503227889209294		0.764033264033	0.235966735967	0.235966735967	1.0	0.690909090909	0.690909090909
AZD7545	-0.24945368390349543		0.762993762994	0.237006237006	0.237006237006	1.0	0.690909090909	0.690909090909
temozolomide	-0.24927817917158815		0.762993762994	0.237006237006	0.237006237006	1.0	0.690909090909	0.690909090909
dexamethasone	-0.24709827928564615		0.758835758836	0.241164241164	0.241164241164	1.0	0.698795180723	0.698795180723
UNC0638	-0.24645442479671037		0.755717255717	0.244282744283	0.244282744283	1.0	0.703592814371	0.703592814371
necrosulfonamide	-0.24461108875703816		0.75051975052	0.24948024948	0.24948024948	1.0	0.707602339181	0.707602339181
SCH-79797	-0.24378610117052044		0.74948024948	0.25051975052	0.25051975052	1.0	0.707602339181	0.707602339181
pevonedistat	-0.24347971685801675		0.748440748441	0.251559251559	0.251559251559	1.0	0.707602339181	0.707602339181
obatoclax	-0.24342848986151108		0.748440748441	0.251559251559	0.251559251559	1.0	0.707602339181	0.707602339181
Merck60	-0.24118132376848617		0.741164241164	0.258835758836	0.258835758836	1.0	0.723837209302	0.723837209302
erismodegib	-0.23664960604601024		0.730769230769	0.269230769231	0.269230769231	1.0	0.748554913295	0.748554913295
piperlongumine	-0.2359816933108136		0.72869022869	0.27130977131	0.27130977131	1.0	0.75	0.75
BEC	-0.23385117412616743		0.723492723493	0.276507276507	0.276507276507	1.0	0.754237288136	0.754237288136
vorinostat	-0.23283439986124504		0.722453222453	0.277546777547	0.277546777547	1.0	0.754237288136	0.754237288136
AZD6482	-0.23279217853791664		0.722453222453	0.277546777547	0.277546777547	1.0	0.754237288136	0.754237288136
I-BET151	-0.2314617860688011		0.717255717256	0.282744282744	0.282744282744	1.0	0.762569832402	0.762569832402
HBX-41108	-0.23095574111773326		0.716216216216	0.283783783784	0.283783783784	1.0	0.762569832402	0.762569832402
vincristine	-0.22990657717019825		0.712058212058	0.287941787942	0.287941787942	1.0	0.769444444444	0.769444444444
BMS-345541	-0.22718134745773838		0.7079002079	0.2920997921	0.2920997921	1.0	0.776243093923	0.776243093923
QW-BI-011	-0.22646018556038047		0.705821205821	0.294178794179	0.294178794179	1.0	0.777472527473	0.777472527473
CI-976	-0.22558695881086313		0.702702702703	0.297297297297	0.297297297297	1.0	0.781420765027	0.781420765027
BRD-K34222889	-0.22319918968011504		0.696465696466	0.303534303534	0.303534303534	1.0	0.79347826087	0.79347826087
methotrexate	-0.2226996363914392		0.693347193347	0.306652806653	0.306652806653	1.0	0.79679144385	0.79679144385
PF-3758309	-0.2210306209614709		0.690228690229	0.309771309771	0.309771309771	1.0	0.79679144385	0.79679144385
BRD-K71935468	-0.22041747114526555		0.690228690229	0.309771309771	0.309771309771	1.0	0.79679144385	0.79679144385
gemcitabine	-0.21800182693245215		0.683991683992	0.316008316008	0.316008316008	1.0	0.805263157895	0.805263157895
GSK-J4	-0.21761236237094234		0.682952182952	0.317047817048	0.317047817048	1.0	0.805263157895	0.805263157895
NVP-BSK805	-0.21670276591997598		0.681912681913	0.318087318087	0.318087318087	1.0	0.805263157895	0.805263157895
PL-DI	-0.2144661888363733		0.675675675676	0.324324324324	0.324324324324	1.0	0.8125	0.8125
pluripotin	-0.21443480290955677		0.675675675676	0.324324324324	0.324324324324	1.0	0.8125	0.8125
oligomycin A	-0.21115366430580568		0.670478170478	0.329521829522	0.329521829522	1.0	0.821243523316	0.821243523316
BRD-K97651142	-0.2075369393197063		0.663201663202	0.336798336798	0.336798336798	1.0	0.835051546392	0.835051546392
myricetin	-0.20287551063747017		0.653846153846	0.346153846154	0.346153846154	1.0	0.853846153846	0.853846153846
cucurbitacin I	-0.19898373670065142		0.648648648649	0.351351351351	0.351351351351	1.0	0.862244897959	0.862244897959
phloretin	0.19104820641626882		0.612266112266	0.387733887734	0.612266112266	1.0	0.946700507614	1.0
narciclasine	0.19477439120800907		0.60498960499	0.39501039501	0.60498960499	1.0	0.959595959596	1.0
topotecan	0.2043534984306067		0.585239085239	0.414760914761	0.585239085239	0.994699646643	0.996881496881	0.994699646643
JQ-1	0.20843858553887556		0.574844074844	0.425155925156	0.574844074844	0.980496453901	0.996881496881	0.980496453901
LRRK2-IN-1	0.20920394436260986		0.573804573805	0.426195426195	0.573804573805	0.980496453901	0.996881496881	0.980496453901
SB-743921	0.20944509558379631		0.572765072765	0.427234927235	0.572765072765	0.980496453901	0.996881496881	0.980496453901
parthenolide	0.21117077074230436		0.567567567568	0.432432432432	0.567567567568	0.978494623656	0.996881496881	0.978494623656
mitomycin	0.2127385698598281		0.558212058212	0.441787941788	0.558212058212	0.965827338129	0.996881496881	0.965827338129
NVP-231	0.21472853564462324		0.557172557173	0.442827442827	0.557172557173	0.965827338129	0.996881496881	0.965827338129
BRD4132	0.21548857500421406		0.555093555094	0.444906444906	0.555093555094	0.965827338129	0.996881496881	0.965827338129
cerulenin	0.2160464915788838		0.554054054054	0.445945945946	0.554054054054	0.965827338129	0.996881496881	0.965827338129
OSI-027	0.21714816929974803		0.549896049896	0.450103950104	0.549896049896	0.965328467153	0.996881496881	0.965328467153
AZD8055	0.21782281606185422		0.545738045738	0.454261954262	0.545738045738	0.961538461538	0.996881496881	0.961538461538
BRD9876	0.21887217364273331		0.543659043659	0.456340956341	0.543659043659	0.961397058824	0.996881496881	0.961397058824
KX2-391	0.2193819862461011		0.54158004158	0.45841995842	0.54158004158	0.961254612546	0.996881496881	0.961254612546
TW-37	0.2201743593543859		0.539501039501	0.460498960499	0.539501039501	0.961111111111	0.996881496881	0.961111111111
PRIMA-1	0.22041953441254544		0.539501039501	0.460498960499	0.539501039501	0.961111111111	0.996881496881	0.961111111111
gossypol	0.2215105694531964		0.534303534304	0.465696465696	0.534303534304	0.958955223881	0.996881496881	0.958955223881
SRT-1720	0.2224001617097864		0.533264033264	0.466735966736	0.533264033264	0.958955223881	0.996881496881	0.958955223881
YK 4-279	0.22268405302526512		0.529106029106	0.470893970894	0.529106029106	0.956766917293	0.996881496881	0.956766917293
COL-3	0.2227314044349864		0.528066528067	0.471933471933	0.528066528067	0.956766917293	0.996881496881	0.956766917293
valdecoxib	0.22538606838435224		0.519750519751	0.480249480249	0.519750519751	0.94696969697	0.996881496881	0.94696969697
KHS101	0.22597438196826236		0.516632016632	0.483367983368	0.516632016632	0.944866920152	0.996881496881	0.944866920152
ZSTK474	0.22709733449633243		0.512474012474	0.487525987526	0.512474012474	0.940839694656	0.996881496881	0.940839694656
AM-580	0.22851211610312763		0.508316008316	0.491683991684	0.508316008316	0.936781609195	0.996881496881	0.936781609195
salermide	0.2300333618676013		0.504158004158	0.495841995842	0.504158004158	0.932692307692	0.996881496881	0.932692307692
BRD-K63431240	0.23083646397216742		0.49896049896	0.50103950104	0.49896049896	0.926640926641	0.996881496881	0.926640926641
AT13387	0.23117411247860853		0.49896049896	0.50103950104	0.49896049896	0.926640926641	0.996881496881	0.926640926641
WP1130	0.23130970442692453		0.49896049896	0.50103950104	0.49896049896	0.926640926641	0.996881496881	0.926640926641
BRD-K66453893	0.23254218424026699		0.490644490644	0.509355509356	0.490644490644	0.921875	0.996881496881	0.921875
3-Cl-AHPC	0.23314725633733413		0.488565488565	0.511434511435	0.488565488565	0.921568627451	0.996881496881	0.921568627451
Ko-143	0.23428249488093586		0.485446985447	0.514553014553	0.485446985447	0.919291338583	0.996881496881	0.919291338583
paclitaxel	0.23433623284371582		0.485446985447	0.514553014553	0.485446985447	0.919291338583	0.996881496881	0.919291338583
BI-2536	0.23589183308073128		0.480249480249	0.519750519751	0.480249480249	0.916666666667	0.996881496881	0.916666666667
CHM-1	0.23597994707408634		0.480249480249	0.519750519751	0.480249480249	0.916666666667	0.996881496881	0.916666666667
KU 0060648	0.2365748544762995		0.47920997921	0.52079002079	0.47920997921	0.916666666667	0.996881496881	0.916666666667
ML311	0.2378529452507393		0.476091476091	0.523908523909	0.476091476091	0.916666666667	0.996881496881	0.916666666667
StemRegenin 1	0.23967189448098444		0.468814968815	0.531185031185	0.468814968815	0.909274193548	0.996881496881	0.909274193548
GW-405833	0.23972078271891356		0.468814968815	0.531185031185	0.468814968815	0.909274193548	0.996881496881	0.909274193548
GSK1059615	0.23978670617511433		0.468814968815	0.531185031185	0.468814968815	0.909274193548	0.996881496881	0.909274193548
SNX-2112	0.23980243967297316		0.468814968815	0.531185031185	0.468814968815	0.909274193548	0.996881496881	0.909274193548
BRD-A05715709	0.24054712864188604		0.464656964657	0.535343035343	0.464656964657	0.909274193548	0.996881496881	0.909274193548
LBH-589	0.24079535435511096		0.464656964657	0.535343035343	0.464656964657	0.909274193548	0.996881496881	0.909274193548
neuronal differentiation inducer III	0.24087634091638394		0.463617463617	0.536382536383	0.463617463617	0.909274193548	0.996881496881	0.909274193548
BRD-K70511574	0.24119327278333172		0.461538461538	0.538461538462	0.461538461538	0.909274193548	0.996881496881	0.909274193548
curcumin	0.24163983959794375		0.461538461538	0.538461538462	0.461538461538	0.909274193548	0.996881496881	0.909274193548
UNC0321	0.24186180477990388		0.460498960499	0.539501039501	0.460498960499	0.909274193548	0.996881496881	0.909274193548
GDC-0941	0.24189480037142666		0.459459459459	0.540540540541	0.459459459459	0.909274193548	0.996881496881	0.909274193548
parbendazole	0.24313288624271928		0.450103950104	0.549896049896	0.450103950104	0.909274193548	0.996881496881	0.909274193548
PAC-1	0.24406139220887907		0.442827442827	0.557172557173	0.442827442827	0.902542372881	0.996881496881	0.902542372881
rigosertib	0.2442957774954252		0.441787941788	0.558212058212	0.441787941788	0.902542372881	0.996881496881	0.902542372881
triazolothiadiazine	0.244539527199457		0.439708939709	0.560291060291	0.439708939709	0.902542372881	0.996881496881	0.902542372881
ETP-46464	0.24498566424231427		0.43762993763	0.56237006237	0.43762993763	0.902542372881	0.996881496881	0.902542372881
CID-5951923	0.24538940965961634		0.433471933472	0.566528066528	0.433471933472	0.898706896552	0.996881496881	0.898706896552
YM-155	0.24624049245841478		0.432432432432	0.567567567568	0.432432432432	0.898706896552	0.996881496881	0.898706896552
GW-843682X	0.2465226197712981		0.430353430353	0.569646569647	0.430353430353	0.898706896552	0.996881496881	0.898706896552
methylstat	0.24775053391416882		0.426195426195	0.573804573805	0.426195426195	0.89519650655	0.996881496881	0.89519650655
C6-ceramide	0.24798300807893178		0.426195426195	0.573804573805	0.426195426195	0.89519650655	0.996881496881	0.89519650655
VER-155008	0.24805577888933683		0.426195426195	0.573804573805	0.426195426195	0.89519650655	0.996881496881	0.89519650655
tanespimycin	0.24881175764687696		0.424116424116	0.575883575884	0.424116424116	0.89519650655	0.996881496881	0.89519650655
Ch-55	0.24967355753444972		0.419958419958	0.580041580042	0.419958419958	0.89519650655	0.996881496881	0.89519650655
belinostat	0.25175843229023437		0.412681912682	0.587318087318	0.412681912682	0.886160714286	0.996881496881	0.886160714286
decitabine	0.25188085343057637		0.412681912682	0.587318087318	0.412681912682	0.886160714286	0.996881496881	0.886160714286
silmitasertib	0.25249558310022163		0.411642411642	0.588357588358	0.411642411642	0.886160714286	0.996881496881	0.886160714286
MK-0752	0.2544388011834666		0.401247401247	0.598752598753	0.401247401247	0.873303167421	0.996881496881	0.873303167421
daporinad	0.254524717005867		0.400207900208	0.599792099792	0.400207900208	0.873303167421	0.996881496881	0.873303167421
masitinib	0.2549957527196355		0.398128898129	0.601871101871	0.398128898129	0.873303167421	0.996881496881	0.873303167421
brefeldin A	0.2561144567336923		0.392931392931	0.607068607069	0.392931392931	0.866972477064	0.996881496881	0.866972477064
CD-437	0.2568801730197065		0.389812889813	0.610187110187	0.389812889813	0.864055299539	0.996881496881	0.864055299539
HLI 373	0.2585229779575148		0.381496881497	0.618503118503	0.381496881497	0.849537037037	0.996881496881	0.849537037037
BIBR-1532	0.2585563047496274		0.381496881497	0.618503118503	0.381496881497	0.849537037037	0.996881496881	0.849537037037
BRD-K55116708	0.2590755200323224		0.378378378378	0.621621621622	0.378378378378	0.849537037037	0.996881496881	0.849537037037
isoevodiamine	0.25971197178312916		0.376299376299	0.623700623701	0.376299376299	0.849537037037	0.996881496881	0.849537037037
spautin-1	0.26177884147568165		0.365904365904	0.634095634096	0.365904365904	0.830188679245	0.996881496881	0.830188679245
PF-750	0.2619475207143857		0.362785862786	0.637214137214	0.362785862786	0.827014218009	0.996881496881	0.827014218009
FQI-2	0.26245406072004296		0.361746361746	0.638253638254	0.361746361746	0.827014218009	0.996881496881	0.827014218009
BRD-K35604418	0.2624816928657984		0.361746361746	0.638253638254	0.361746361746	0.827014218009	0.996881496881	0.827014218009
BRD-K75293299	0.26254297125145637		0.361746361746	0.638253638254	0.361746361746	0.827014218009	0.996881496881	0.827014218009
crizotinib	0.26256285374051896		0.361746361746	0.638253638254	0.361746361746	0.827014218009	0.996881496881	0.827014218009
BRD-A86708339	0.26470754728072754		0.356548856549	0.643451143451	0.356548856549	0.827014218009	0.996881496881	0.827014218009
KPT185	0.26527832986296784		0.355509355509	0.644490644491	0.355509355509	0.827014218009	0.996881496881	0.827014218009
DBeQ	0.26549355547858466		0.35343035343	0.64656964657	0.35343035343	0.827014218009	0.996881496881	0.827014218009
quizartinib	0.2657002738664432		0.350311850312	0.649688149688	0.350311850312	0.827014218009	0.996881496881	0.827014218009
bafilomycin A1	0.2658293032194732		0.350311850312	0.649688149688	0.350311850312	0.827014218009	0.996881496881	0.827014218009
sirolimus	0.2659679283110902		0.350311850312	0.649688149688	0.350311850312	0.827014218009	0.996881496881	0.827014218009
B02	0.2661507755041537		0.350311850312	0.649688149688	0.350311850312	0.827014218009	0.996881496881	0.827014218009
NVP-ADW742	0.2666083718030172		0.348232848233	0.651767151767	0.348232848233	0.827014218009	0.996881496881	0.827014218009
N9-isopropylolomoucine	0.2667065714339102		0.348232848233	0.651767151767	0.348232848233	0.827014218009	0.996881496881	0.827014218009
PIK-93	0.26689965628316487		0.347193347193	0.652806652807	0.347193347193	0.827014218009	0.996881496881	0.827014218009
R428	0.2700654517793321		0.328482328482	0.671517671518	0.328482328482	0.80612244898	0.996881496881	0.80612244898
NVP-BEZ235	0.2708008086469869		0.326403326403	0.673596673597	0.326403326403	0.805128205128	0.996881496881	0.805128205128
NSC19630	0.2711197594826697		0.326403326403	0.673596673597	0.326403326403	0.805128205128	0.996881496881	0.805128205128
PF-184	0.2720758489165606		0.320166320166	0.679833679834	0.320166320166	0.79792746114	0.996881496881	0.79792746114
PX-12	0.2727018433758416		0.313929313929	0.686070686071	0.313929313929	0.786458333333	0.996881496881	0.786458333333
tivantinib	0.27274739474156023		0.313929313929	0.686070686071	0.313929313929	0.786458333333	0.996881496881	0.786458333333
SN-38	0.27425309449782403		0.308731808732	0.691268191268	0.308731808732	0.781578947368	0.996881496881	0.781578947368
ciclopirox	0.27436758448496773		0.307692307692	0.692307692308	0.307692307692	0.781578947368	0.996881496881	0.781578947368
tacedinaline	0.27451449937403705		0.307692307692	0.692307692308	0.307692307692	0.781578947368	0.996881496881	0.781578947368
nakiterpiosin	0.2746794232777973		0.304573804574	0.695426195426	0.304573804574	0.781578947368	0.996881496881	0.781578947368
FGIN-1-27	0.2751467528716948		0.301455301455	0.698544698545	0.301455301455	0.779569892473	0.996881496881	0.779569892473
BRD-K33514849	0.2752818340723367		0.301455301455	0.698544698545	0.301455301455	0.779569892473	0.996881496881	0.779569892473
SR-II-138A	0.27542722430470845		0.301455301455	0.698544698545	0.301455301455	0.779569892473	0.996881496881	0.779569892473
BRD-K90370028	0.2758393135954456		0.299376299376	0.700623700624	0.299376299376	0.779569892473	0.996881496881	0.779569892473
CR-1-31B	0.27622904514017255		0.299376299376	0.700623700624	0.299376299376	0.779569892473	0.996881496881	0.779569892473
ceranib-2	0.2762665400623683		0.299376299376	0.700623700624	0.299376299376	0.779569892473	0.996881496881	0.779569892473
BRD-K48477130	0.27740260514768317		0.298336798337	0.701663201663	0.298336798337	0.779569892473	0.996881496881	0.779569892473
pifithrin-alpha	0.27782540021079316		0.297297297297	0.702702702703	0.297297297297	0.779569892473	0.996881496881	0.779569892473
KU-0063794	0.2779640445013388		0.297297297297	0.702702702703	0.297297297297	0.779569892473	0.996881496881	0.779569892473
tosedostat	0.2780468369417505		0.297297297297	0.702702702703	0.297297297297	0.779569892473	0.996881496881	0.779569892473
GSK4112	0.2808120594597981		0.284823284823	0.715176715177	0.284823284823	0.778409090909	0.996881496881	0.778409090909
WZ4002	0.28177103693369976		0.281704781705	0.718295218295	0.281704781705	0.774285714286	0.996881496881	0.774285714286
CD-1530	0.2820566568170351		0.281704781705	0.718295218295	0.281704781705	0.774285714286	0.996881496881	0.774285714286
AGK-2	0.28494100061119976		0.269230769231	0.730769230769	0.269230769231	0.748554913295	0.996881496881	0.748554913295
LE-135	0.285845388537733		0.268191268191	0.731808731809	0.268191268191	0.748554913295	0.996881496881	0.748554913295
AZ-3146	0.2867580091798898		0.264033264033	0.735966735967	0.264033264033	0.74269005848	0.996881496881	0.74269005848
fulvestrant	0.2875902125306928		0.261954261954	0.738045738046	0.261954261954	0.741176470588	0.996881496881	0.741176470588
AC55649	0.2889657739842151		0.257796257796	0.742203742204	0.257796257796	0.733727810651	0.996881496881	0.733727810651
TPCA-1	0.29009790159678517		0.255717255717	0.744282744283	0.255717255717	0.732142857143	0.996881496881	0.732142857143
navitoclax	0.2902625703506017		0.254677754678	0.745322245322	0.254677754678	0.732142857143	0.996881496881	0.732142857143
BRD-K17060750	0.2903707765096537		0.254677754678	0.745322245322	0.254677754678	0.732142857143	0.996881496881	0.732142857143
GSK461364	0.2905332356540662		0.252598752599	0.747401247401	0.252598752599	0.732142857143	0.996881496881	0.732142857143
docetaxel	0.29086817949477106		0.251559251559	0.748440748441	0.251559251559	0.732142857143	0.996881496881	0.732142857143
ELCPK	0.2917485950215218		0.24948024948	0.75051975052	0.24948024948	0.732142857143	0.996881496881	0.732142857143
BRD-K78574327	0.29211781201472875		0.246361746362	0.753638253638	0.246361746362	0.731481481481	0.996881496881	0.731481481481
NSC632839	0.29213350325466597		0.246361746362	0.753638253638	0.246361746362	0.731481481481	0.996881496881	0.731481481481
AZD7762	0.2941694292625085		0.235966735967	0.764033264033	0.235966735967	0.709375	0.996881496881	0.709375
pyrazolanthrone	0.2952019063973979		0.232848232848	0.767151767152	0.232848232848	0.704402515723	0.996881496881	0.704402515723
BRD-K04800985	0.29566855795395186		0.232848232848	0.767151767152	0.232848232848	0.704402515723	0.996881496881	0.704402515723
bardoxolone methyl	0.2963893127451561		0.231808731809	0.768191268191	0.231808731809	0.704402515723	0.996881496881	0.704402515723
L-685458	0.29659497699248105		0.22972972973	0.77027027027	0.22972972973	0.704402515723	0.996881496881	0.704402515723
ML258	0.29667700344021786		0.22869022869	0.77130977131	0.22869022869	0.704402515723	0.996881496881	0.704402515723
veliparib	0.2967135060840023		0.22869022869	0.77130977131	0.22869022869	0.704402515723	0.996881496881	0.704402515723
BRD-K48334597	0.29701662797597633		0.22869022869	0.77130977131	0.22869022869	0.704402515723	0.996881496881	0.704402515723
temsirolimus	0.297398862892375		0.227650727651	0.772349272349	0.227650727651	0.704402515723	0.996881496881	0.704402515723
JW-480	0.29925388481415305		0.223492723493	0.776507276507	0.223492723493	0.704402515723	0.996881496881	0.704402515723
SKI-II	0.2999546570876141		0.222453222453	0.777546777547	0.222453222453	0.704402515723	0.996881496881	0.704402515723
GMX-1778	0.2999576322214097		0.222453222453	0.777546777547	0.222453222453	0.704402515723	0.996881496881	0.704402515723
BMS-536924	0.3001718491578887		0.221413721414	0.778586278586	0.221413721414	0.704402515723	0.996881496881	0.704402515723
tipifarnib-P2	0.30077675466321274		0.220374220374	0.779625779626	0.220374220374	0.704402515723	0.996881496881	0.704402515723
abiraterone	0.3013817092514023		0.219334719335	0.780665280665	0.219334719335	0.704402515723	0.996881496881	0.704402515723
MK-1775	0.30253316751754594		0.213097713098	0.786902286902	0.213097713098	0.704402515723	0.996881496881	0.704402515723
BMS-754807	0.3033129750551741		0.209979209979	0.790020790021	0.209979209979	0.701388888889	0.996881496881	0.701388888889
tamatinib	0.303780861123524		0.2079002079	0.7920997921	0.2079002079	0.699300699301	0.996881496881	0.699300699301
Compound 7d-cis	0.30556646089668676		0.201663201663	0.798336798337	0.201663201663	0.683098591549	0.996881496881	0.683098591549
CAY10618	0.30610049264859385		0.201663201663	0.798336798337	0.201663201663	0.683098591549	0.996881496881	0.683098591549
momelotinib	0.30647392446138216		0.200623700624	0.799376299376	0.200623700624	0.683098591549	0.996881496881	0.683098591549
NPC-26	0.3066670389466478		0.200623700624	0.799376299376	0.200623700624	0.683098591549	0.996881496881	0.683098591549
fingolimod	0.3068171772241523		0.200623700624	0.799376299376	0.200623700624	0.683098591549	0.996881496881	0.683098591549
semagacestat	0.30681928107167483		0.200623700624	0.799376299376	0.200623700624	0.683098591549	0.996881496881	0.683098591549
WZ8040	0.30802294572698885		0.196465696466	0.803534303534	0.196465696466	0.683098591549	0.996881496881	0.683098591549
BRD-K14844214	0.30851779707481325		0.196465696466	0.803534303534	0.196465696466	0.683098591549	0.996881496881	0.683098591549
BRD-K02492147	0.3085962853796825		0.196465696466	0.803534303534	0.196465696466	0.683098591549	0.996881496881	0.683098591549
KU-60019	0.30977579029790253		0.194386694387	0.805613305613	0.194386694387	0.683098591549	0.996881496881	0.683098591549
foretinib	0.3099256946634376		0.194386694387	0.805613305613	0.194386694387	0.683098591549	0.996881496881	0.683098591549
thalidomide	0.3125890545480972		0.180873180873	0.819126819127	0.180873180873	0.664122137405	0.996881496881	0.664122137405
pazopanib	0.31285145139475323		0.180873180873	0.819126819127	0.180873180873	0.664122137405	0.996881496881	0.664122137405
fluvastatin	0.312874893666503		0.180873180873	0.819126819127	0.180873180873	0.664122137405	0.996881496881	0.664122137405
TG-100-115	0.3134794908467573		0.179833679834	0.820166320166	0.179833679834	0.664122137405	0.996881496881	0.664122137405
fumonisin B1	0.31354820424473295		0.178794178794	0.821205821206	0.178794178794	0.664122137405	0.996881496881	0.664122137405
TG-101348	0.31359417985396815		0.178794178794	0.821205821206	0.178794178794	0.664122137405	0.996881496881	0.664122137405
Ki8751	0.3137582971837833		0.178794178794	0.821205821206	0.178794178794	0.664122137405	0.996881496881	0.664122137405
vandetanib	0.31424841016538285		0.177754677755	0.822245322245	0.177754677755	0.664122137405	0.996881496881	0.664122137405
ML006	0.31507389882483755		0.175675675676	0.824324324324	0.175675675676	0.664122137405	0.996881496881	0.664122137405
MI-1	0.31531662510288594		0.175675675676	0.824324324324	0.175675675676	0.664122137405	0.996881496881	0.664122137405
MK-2206	0.31532944711711863		0.175675675676	0.824324324324	0.175675675676	0.664122137405	0.996881496881	0.664122137405
nintedanib	0.3155165707724099		0.175675675676	0.824324324324	0.175675675676	0.664122137405	0.996881496881	0.664122137405
MGCD-265	0.31555524768109916		0.175675675676	0.824324324324	0.175675675676	0.664122137405	0.996881496881	0.664122137405
ifosfamide	0.3156103808181242		0.173596673597	0.826403326403	0.173596673597	0.664122137405	0.996881496881	0.664122137405
TGX-221	0.31620397099224745		0.168399168399	0.831600831601	0.168399168399	0.664122137405	0.996881496881	0.664122137405
KW-2449	0.31649093143552154		0.16632016632	0.83367983368	0.16632016632	0.664122137405	0.996881496881	0.664122137405
azacitidine	0.3165088804081633		0.16632016632	0.83367983368	0.16632016632	0.664122137405	0.996881496881	0.664122137405
WAY-362450	0.3177653090085026		0.164241164241	0.835758835759	0.164241164241	0.664122137405	0.996881496881	0.664122137405
importazole	0.31782415914102957		0.164241164241	0.835758835759	0.164241164241	0.664122137405	0.996881496881	0.664122137405
serdemetan	0.3180892895323276		0.162162162162	0.837837837838	0.162162162162	0.664122137405	0.996881496881	0.664122137405
OSI-930	0.31818104109671075		0.162162162162	0.837837837838	0.162162162162	0.664122137405	0.996881496881	0.664122137405
ciclosporin	0.31841399745563137		0.162162162162	0.837837837838	0.162162162162	0.664122137405	0.996881496881	0.664122137405
linifanib	0.3196413882819303		0.156964656965	0.843035343035	0.156964656965	0.664122137405	0.996881496881	0.664122137405
vorapaxar	0.31966493698003895		0.156964656965	0.843035343035	0.156964656965	0.664122137405	0.996881496881	0.664122137405
BRD-A94377914	0.31985030793268343		0.156964656965	0.843035343035	0.156964656965	0.664122137405	0.996881496881	0.664122137405
tipifarnib-P1	0.31992794281452885		0.156964656965	0.843035343035	0.156964656965	0.664122137405	0.996881496881	0.664122137405
cediranib	0.31998707301655854		0.156964656965	0.843035343035	0.156964656965	0.664122137405	0.996881496881	0.664122137405
16-beta-bromoandrosterone	0.32057641560081		0.152806652807	0.847193347193	0.152806652807	0.664122137405	0.996881496881	0.664122137405
NSC23766	0.3218015349303384		0.148648648649	0.851351351351	0.148648648649	0.664122137405	0.996881496881	0.664122137405
BRD-K02251932	0.3226392185693602		0.144490644491	0.855509355509	0.144490644491	0.664122137405	0.996881496881	0.664122137405
BRD-K50799972	0.3233864830998097		0.139293139293	0.860706860707	0.139293139293	0.663366336634	0.996881496881	0.663366336634
BCL-LZH-4	0.32373062421186877		0.139293139293	0.860706860707	0.139293139293	0.663366336634	0.996881496881	0.663366336634
bleomycin A2	0.3240509109939136		0.139293139293	0.860706860707	0.139293139293	0.663366336634	0.996881496881	0.663366336634
BRD-K41597374	0.32536998569596065		0.137214137214	0.862785862786	0.137214137214	0.663366336634	0.996881496881	0.663366336634
PF-573228	0.3267933294116259		0.135135135135	0.864864864865	0.135135135135	0.663366336634	0.996881496881	0.663366336634
avicin D	0.32689321139217203		0.134095634096	0.865904365904	0.134095634096	0.663366336634	0.996881496881	0.663366336634
skepinone-L	0.32781852642727666		0.132016632017	0.867983367983	0.132016632017	0.663366336634	0.996881496881	0.663366336634
BRD-K28456706	0.3280814483210995		0.132016632017	0.867983367983	0.132016632017	0.663366336634	0.996881496881	0.663366336634
bosutinib	0.3286761512753236		0.128898128898	0.871101871102	0.128898128898	0.663366336634	0.996881496881	0.663366336634
fluorouracil	0.32918550472925173		0.128898128898	0.871101871102	0.128898128898	0.663366336634	0.996881496881	0.663366336634
necrostatin-1	0.32924292533094496		0.128898128898	0.871101871102	0.128898128898	0.663366336634	0.996881496881	0.663366336634
ML050	0.32928237403809446		0.128898128898	0.871101871102	0.128898128898	0.663366336634	0.996881496881	0.663366336634
SGX-523	0.32969092843845155		0.126819126819	0.873180873181	0.126819126819	0.663366336634	0.996881496881	0.663366336634
axitinib	0.3298817275124921		0.12577962578	0.87422037422	0.12577962578	0.663366336634	0.996881496881	0.663366336634
avrainvillamide	0.3316409677294989		0.121621621622	0.878378378378	0.121621621622	0.663366336634	0.996881496881	0.663366336634
ML083	0.3321464810472519		0.119542619543	0.880457380457	0.119542619543	0.663366336634	0.996881496881	0.663366336634
BRD-K33199242	0.3331474084379246		0.116424116424	0.883575883576	0.116424116424	0.658823529412	0.996881496881	0.658823529412
968	0.33325945789565947		0.116424116424	0.883575883576	0.116424116424	0.658823529412	0.996881496881	0.658823529412
AZD1480	0.33335372734788804		0.116424116424	0.883575883576	0.116424116424	0.658823529412	0.996881496881	0.658823529412
hyperforin	0.3334945277075198		0.114345114345	0.885654885655	0.114345114345	0.658823529412	0.996881496881	0.658823529412
Compound 23 citrate	0.3336544776308156		0.114345114345	0.885654885655	0.114345114345	0.658823529412	0.996881496881	0.658823529412
MI-2	0.33497079647318917		0.112266112266	0.887733887734	0.112266112266	0.658823529412	0.996881496881	0.658823529412
ABT-737	0.33572715046970036		0.111226611227	0.888773388773	0.111226611227	0.658823529412	0.996881496881	0.658823529412
BRD-A71883111	0.33594671034502116		0.111226611227	0.888773388773	0.111226611227	0.658823529412	0.996881496881	0.658823529412
dasatinib	0.3366404322673906		0.108108108108	0.891891891892	0.108108108108	0.658823529412	0.996881496881	0.658823529412
VU0155056	0.3382771783110886		0.10498960499	0.89501039501	0.10498960499	0.658823529412	0.996881496881	0.658823529412
barasertib	0.3392195338108137		0.0997920997921	0.900207900208	0.0997920997921	0.64	0.996881496881	0.64
BRD6340	0.3393425876089576		0.0997920997921	0.900207900208	0.0997920997921	0.64	0.996881496881	0.64
BRD-K13999467	0.3402384730999995		0.0987525987526	0.901247401247	0.0987525987526	0.64	0.996881496881	0.64
SZ4TA2	0.3408249250710926		0.0987525987526	0.901247401247	0.0987525987526	0.64	0.996881496881	0.64
lenvatinib	0.3422439730487259		0.0966735966736	0.903326403326	0.0966735966736	0.64	0.996881496881	0.64
BIRB-796	0.3428106492083154		0.0966735966736	0.903326403326	0.0966735966736	0.64	0.996881496881	0.64
Mdivi-1	0.34326266810537576		0.0956340956341	0.904365904366	0.0956340956341	0.64	0.996881496881	0.64
CBB-1007	0.34367408603144745		0.0945945945946	0.905405405405	0.0945945945946	0.64	0.996881496881	0.64
alisertib	0.34385352078725995		0.0945945945946	0.905405405405	0.0945945945946	0.64	0.996881496881	0.64
A-804598	0.34405255449809324		0.0945945945946	0.905405405405	0.0945945945946	0.64	0.996881496881	0.64
indisulam	0.3446931837401524		0.0945945945946	0.905405405405	0.0945945945946	0.64	0.996881496881	0.64
BRD-K96970199	0.34601901745507785		0.0935550935551	0.906444906445	0.0935550935551	0.64	0.996881496881	0.64
BRD-K96431673	0.35015652201344677		0.0821205821206	0.917879417879	0.0821205821206	0.626984126984	0.996881496881	0.626984126984
KU-55933	0.3510194559481616		0.0810810810811	0.918918918919	0.0810810810811	0.626984126984	0.996881496881	0.626984126984
itraconazole	0.3520244099703948		0.0800415800416	0.919958419958	0.0800415800416	0.626984126984	0.996881496881	0.626984126984
sitagliptin	0.3544418806744326		0.0738045738046	0.926195426195	0.0738045738046	0.591666666667	0.996881496881	0.591666666667
1S,3R-RSL-3	0.354495419325072		0.0738045738046	0.926195426195	0.0738045738046	0.591666666667	0.996881496881	0.591666666667
tretinoin	0.3545586935815515		0.0738045738046	0.926195426195	0.0738045738046	0.591666666667	0.996881496881	0.591666666667
istradefylline	0.3553901768821392		0.0706860706861	0.929313929314	0.0706860706861	0.591666666667	0.996881496881	0.591666666667
ABT-199	0.3572923441404124		0.0675675675676	0.932432432432	0.0675675675676	0.580357142857	0.996881496881	0.580357142857
RG-108	0.35754551741294405		0.0675675675676	0.932432432432	0.0675675675676	0.580357142857	0.996881496881	0.580357142857
BRD-K19103580	0.35873299183133467		0.0665280665281	0.933471933472	0.0665280665281	0.580357142857	0.996881496881	0.580357142857
PF-543	0.3605020869649514		0.0623700623701	0.93762993763	0.0623700623701	0.566037735849	0.996881496881	0.566037735849
cytochalasin B	0.3608269987656124		0.0623700623701	0.93762993763	0.0623700623701	0.566037735849	0.996881496881	0.566037735849
HC-067047	0.3620227408505372		0.0592515592516	0.940748440748	0.0592515592516	0.558823529412	0.996881496881	0.558823529412
BYL-719	0.36352413466872663		0.0550935550936	0.944906444906	0.0550935550936	0.53	0.996881496881	0.53
BRD-K01737880	0.3640345048585682		0.0540540540541	0.945945945946	0.0540540540541	0.53	0.996881496881	0.53
saracatinib	0.36508937172675127		0.0530145530146	0.946985446985	0.0530145530146	0.53	0.996881496881	0.53
FQI-1	0.3655793278934309		0.0530145530146	0.946985446985	0.0530145530146	0.53	0.996881496881	0.53
GSK-3 inhibitor IX	0.36616595463882523		0.0519750519751	0.948024948025	0.0519750519751	0.53	0.996881496881	0.53
BRD-K64610608	0.3673061399830594		0.0509355509356	0.949064449064	0.0509355509356	0.53	0.996881496881	0.53
NVP-TAE684	0.3675519475533088		0.0509355509356	0.949064449064	0.0509355509356	0.53	0.996881496881	0.53
BRD-K09587429	0.3676834940016622		0.049896049896	0.950103950104	0.049896049896	0.53	0.996881496881	0.53
LY-2157299	0.3677092256410831		0.049896049896	0.950103950104	0.049896049896	0.53	0.996881496881	0.53
ML210	0.36783850536656204		0.049896049896	0.950103950104	0.049896049896	0.53	0.996881496881	0.53
austocystin D	0.36871554074282253		0.049896049896	0.950103950104	0.049896049896	0.53	0.996881496881	0.53
PF-4800567 hydrochloride	0.36945373471759524		0.0488565488565	0.951143451143	0.0488565488565	0.53	0.996881496881	0.53
sildenafil	0.371723799090115		0.0467775467775	0.953222453222	0.0467775467775	0.53	0.996881496881	0.53
BMS-195614	0.37175080502991403		0.0467775467775	0.953222453222	0.0467775467775	0.53	0.996881496881	0.53
neratinib	0.37183859285337334		0.0446985446985	0.955301455301	0.0446985446985	0.53	0.996881496881	0.53
RITA	0.3762816014933099		0.039501039501	0.960498960499	0.039501039501	0.53	0.996881496881	0.53
gefitinib	0.3777568756225685		0.037422037422	0.962577962578	0.037422037422	0.529411764706	0.996881496881	0.529411764706
Repligen 136	0.3796117577883044		0.035343035343	0.964656964657	0.035343035343	0.515151515152	0.996881496881	0.515151515152
CIL56	0.3796463470006561		0.035343035343	0.964656964657	0.035343035343	0.515151515152	0.996881496881	0.515151515152
BRD1835	0.3798152816450309		0.0343035343035	0.965696465696	0.0343035343035	0.515151515152	0.996881496881	0.515151515152
tacrolimus	0.3806848867180302		0.033264033264	0.966735966736	0.033264033264	0.515151515152	0.996881496881	0.515151515152
blebbistatin	0.3814521418639571		0.0322245322245	0.967775467775	0.0322245322245	0.515151515152	0.996881496881	0.515151515152
necrostatin-7	0.3852720647298969		0.029106029106	0.970893970894	0.029106029106	0.5	0.996881496881	0.5
tamoxifen	0.38539730972965947		0.029106029106	0.970893970894	0.029106029106	0.5	0.996881496881	0.5
zebularine	0.3862432266859091		0.029106029106	0.970893970894	0.029106029106	0.5	0.996881496881	0.5
JW-74	0.39321704686493336		0.022869022869	0.977130977131	0.022869022869	0.44	0.996881496881	0.44
ML162	0.3932684778256692		0.022869022869	0.977130977131	0.022869022869	0.44	0.996881496881	0.44
IU1	0.39731730597488507		0.0197505197505	0.980249480249	0.0197505197505	0.413043478261	0.996881496881	0.413043478261
lomeguatrib	0.39922600440090805		0.018711018711	0.981288981289	0.018711018711	0.409090909091	0.996881496881	0.409090909091
BRD-K52037352	0.40134784137160634		0.0176715176715	0.982328482328	0.0176715176715	0.404761904762	0.996881496881	0.404761904762
SR1001	0.4014962171225771	0.04716663989118139	0.0176715176715	0.982328482328	0.0176715176715	0.404761904762	0.996881496881	0.404761904762
BRD-K26531177	0.4037451164956786	0.4357456810908311	0.016632016632	0.983367983368	0.016632016632	0.404761904762	0.996881496881	0.404761904762
etomoxir	0.4039276104801117	0.45135793946974107	0.016632016632	0.983367983368	0.016632016632	0.404761904762	0.996881496881	0.404761904762
canertinib	0.40764462329639545	0.04889444873504251	0.0135135135135	0.986486486486	0.0135135135135	0.382352941176	0.996881496881	0.382352941176
erlotinib	0.4089266833239205	0.04691241527708239	0.0135135135135	0.986486486486	0.0135135135135	0.382352941176	0.996881496881	0.382352941176
erastin	0.4129302747446538	0.027891372746170047	0.0114345114345	0.988565488565	0.0114345114345	0.366666666667	0.996881496881	0.366666666667
PRIMA-1-Met	0.41309627225865003	0.46017789238157236	0.0114345114345	0.988565488565	0.0114345114345	0.366666666667	0.996881496881	0.366666666667
XL765	0.41420663648816647	0.4805328089497676	0.0114345114345	0.988565488565	0.0114345114345	0.366666666667	0.996881496881	0.366666666667
olaparib	0.41436454439036324	0.042007827372868976	0.0114345114345	0.988565488565	0.0114345114345	0.366666666667	0.996881496881	0.366666666667
FSC231	0.4165619915058107	0.38834394542788364	0.0114345114345	0.988565488565	0.0114345114345	0.366666666667	0.996881496881	0.366666666667
lapatinib	0.4187294016708643	0.07003988826497497	0.010395010395	0.989604989605	0.010395010395	0.366666666667	0.996881496881	0.366666666667
cyanoquinoline 11	0.42507743411687726	0.0625674554934511	0.00831600831601	0.991683991684	0.00831600831601	0.366666666667	0.996881496881	0.366666666667
JW-55	0.4295701078812235	0.1466581229372432	0.00727650727651	0.992723492723	0.00727650727651	0.366666666667	0.996881496881	0.366666666667
ML029	0.43617706342900026	0.06442697207174049	0.00623700623701	0.993762993763	0.00623700623701	0.366666666667	0.996881496881	0.366666666667
ruxolitinib	0.4398567460388845	0.03195689437607982	0.00623700623701	0.993762993763	0.00623700623701	0.366666666667	0.996881496881	0.366666666667
linsitinib	0.4441027232487979	0.04540416903392421	0.00519750519751	0.994802494802	0.00519750519751	0.366666666667	0.996881496881	0.366666666667
ibrutinib	0.4456079113878642	0.060016835889270384	0.00519750519751	0.994802494802	0.00519750519751	0.366666666667	0.996881496881	0.366666666667
afatinib	0.46106225165629416	0.03871519469801605	0.0031185031185	0.996881496881	0.0031185031185	0.366666666667	0.996881496881	0.366666666667
SB-431542	0.47128005449549704	0.049116393271715415	0.0031185031185	0.996881496881	0.0031185031185	0.366666666667	0.996881496881	0.366666666667
PD 153035	0.4730704904568684	0.06132077459811482	0.0031185031185	0.996881496881	0.0031185031185	0.366666666667	0.996881496881	0.366666666667
