	score	0.95 moe	p-value (forward)	p-value (reverse)	p-value	fdr (forward)	fdr (reverse)	fdr
dasatinib	-0.38324115243606743	0.01373167411355758	0.99683991684	0.00316008316008	0.00316008316008	0.99683991684	0.83	0.83
staurosporine	-0.3817343740585788	0.10054453414840303	0.996548856549	0.00345114345114	0.00345114345114	0.99683991684	0.83	0.83
ruxolitinib	-0.35462879186659063	0.011794548024567177	0.990769230769	0.00923076923077	0.00923076923077	0.99490605428	0.999958419958	0.999958419958
PLX-4720	-0.35314824950595725	0.10302326213754229	0.990353430353	0.00964656964657	0.00964656964657	0.99490605428	0.999958419958	0.999958419958
PRIMA-1-Met	-0.33590418460466864	0.10532079392377645	0.983367983368	0.016632016632	0.016632016632	0.991614255765	0.999958419958	0.999958419958
simvastatin	-0.3289255039685304	0.01280912948864897	0.979334719335	0.0206652806653	0.0206652806653	0.989621848739	0.999958419958	0.999958419958
XL765	-0.3284032150655392	0.11091309059757674	0.979043659044	0.0209563409563	0.0209563409563	0.989621848739	0.999958419958	0.999958419958
SGX-523	-0.31989316263390444	0.01063428470076287	0.973555093555	0.0264449064449	0.0264449064449	0.987932489451	0.999958419958	0.999958419958
avicin D	-0.3195919953402326	0.012926301882403136	0.973471933472	0.0265280665281	0.0265280665281	0.987932489451	0.999958419958	0.999958419958
birinapant	-0.3138141626258939	0.013846805184129993	0.969022869023	0.0309771309771	0.0309771309771	0.9875	0.999958419958	0.999958419958
PD 153035	-0.3113411403154428	0.10113799640803016	0.966860706861	0.0331392931393	0.0331392931393	0.987388535032	0.999958419958	0.999958419958
CBB-1007	-0.3093903723574107	0.0887753501710532	0.96498960499	0.0350103950104	0.0350103950104	0.987388535032	0.999958419958	0.999958419958
SR1001	-0.3043537690727053	0.07937720333314008	0.959501039501	0.040498960499	0.040498960499	0.984051172708	0.999958419958	0.999958419958
BRD9647	-0.30425085128757834	0.08561014334821322	0.959417879418	0.0405821205821	0.0405821205821	0.984051172708	0.999958419958	0.999958419958
GDC-0879	-0.30394875931040083	0.09817316599322654	0.958877338877	0.0411226611227	0.0411226611227	0.984051172708	0.999958419958	0.999958419958
lovastatin	-0.3029207656294037	0.012934666617668763	0.957671517672	0.0423284823285	0.0423284823285	0.984051172708	0.999958419958	0.999958419958
IPR-456	-0.3014256666930738	0.08262160945554801	0.956008316008	0.0439916839917	0.0439916839917	0.984051172708	0.999958419958	0.999958419958
CIL41	-0.29963188094592025	0.05380857837205347	0.954137214137	0.0458627858628	0.0458627858628	0.984051172708	0.999958419958	0.999958419958
BRD-A05715709	-0.29836313830467376	0.08344849975558113	0.952266112266	0.0477338877339	0.0477338877339	0.984051172708	0.999958419958	0.999958419958
CIL56	-0.29790872724041256	0.07037419746597197	0.951767151767	0.0482328482328	0.0482328482328	0.984051172708	0.999958419958	0.999958419958
erlotinib	-0.2962379340671078		0.94972972973	0.0502702702703	0.0502702702703	0.984051172708	0.999958419958	0.999958419958
NSC23766	-0.2944059474077801		0.947941787942	0.0520582120582	0.0520582120582	0.984051172708	0.999958419958	0.999958419958
fluvastatin	-0.29254014912653103		0.945322245322	0.0546777546778	0.0546777546778	0.984051172708	0.999958419958	0.999958419958
IC-87114	-0.29114591897269215		0.943284823285	0.0567151767152	0.0567151767152	0.984051172708	0.999958419958	0.999958419958
PD318088	-0.28944716085358174		0.940665280665	0.0593347193347	0.0593347193347	0.984051172708	0.999958419958	0.999958419958
myriocin	-0.28849164706535835		0.939376299376	0.0606237006237	0.0606237006237	0.984051172708	0.999958419958	0.999958419958
pifithrin-alpha	-0.28815663309446354		0.938461538462	0.0615384615385	0.0615384615385	0.984051172708	0.999958419958	0.999958419958
BRD-K51831558	-0.2875626095666949		0.937837837838	0.0621621621622	0.0621621621622	0.984051172708	0.999958419958	0.999958419958
AT-406	-0.2797009145010955		0.924948024948	0.075051975052	0.075051975052	0.982119205298	0.999958419958	0.999958419958
WAY-362450	-0.276643650928062		0.918544698545	0.0814553014553	0.0814553014553	0.977477876106	0.999958419958	0.999958419958
BRD-K90370028	-0.27539530227955683		0.916133056133	0.0838669438669	0.0838669438669	0.977073170732	0.999958419958	0.999958419958
BRD-K33199242	-0.2734118152979132		0.911642411642	0.0883575883576	0.0883575883576	0.974444444444	0.999958419958	0.999958419958
azacitidine	-0.27201225615540264		0.90869022869	0.0913097713098	0.0913097713098	0.973452115813	0.999958419958	0.999958419958
trametinib	-0.27106102817071887		0.906735966736	0.093264033264	0.093264033264	0.973452115813	0.999958419958	0.999958419958
BRD-K02492147	-0.2664905449555197		0.895966735967	0.104033264033	0.104033264033	0.964116331096	0.999958419958	0.999958419958
CHIR-99021	-0.2662812172452153		0.895426195426	0.104573804574	0.104573804574	0.964116331096	0.999958419958	0.999958419958
GSK-3 inhibitor IX	-0.2658756237245213		0.89446985447	0.10553014553	0.10553014553	0.964116331096	0.999958419958	0.999958419958
thalidomide	-0.2647939555028558		0.8920997921	0.1079002079	0.1079002079	0.964116331096	0.999958419958	0.999958419958
bexarotene	-0.26400640218965477		0.89027027027	0.10972972973	0.10972972973	0.964116331096	0.999958419958	0.999958419958
fumonisin B1	-0.2612684151013162		0.88340956341	0.11659043659	0.11659043659	0.961357466063	0.999958419958	0.999958419958
YM-155	-0.25997831201417715		0.879667359667	0.120332640333	0.120332640333	0.959455782313	0.999958419958	0.999958419958
necrostatin-1	-0.25973676411789404		0.879085239085	0.120914760915	0.120914760915	0.959455782313	0.999958419958	0.999958419958
SR8278	-0.25713410402195724		0.872931392931	0.127068607069	0.127068607069	0.956446469248	0.999958419958	0.999958419958
C6-ceramide	-0.2560019188210532		0.869521829522	0.130478170478	0.130478170478	0.954885844749	0.999958419958	0.999958419958
CAY10576	-0.25537860286026903		0.867401247401	0.132598752599	0.132598752599	0.954736842105	0.999958419958	0.999958419958
dacarbazine	-0.25099032648715497		0.856465696466	0.143534303534	0.143534303534	0.944862385321	0.999958419958	0.999958419958
selumetinib	-0.24829033914549958		0.849106029106	0.150893970894	0.150893970894	0.938896551724	0.999958419958	0.999958419958
bleomycin A2	-0.24741756404641457		0.846403326403	0.153596673597	0.153596673597	0.938064516129	0.999958419958	0.999958419958
PLX-4032	-0.24719673163549194		0.845945945946	0.154054054054	0.154054054054	0.938064516129	0.999958419958	0.999958419958
BRD-K50799972	-0.2462803316314863		0.842785862786	0.157214137214	0.157214137214	0.938064516129	0.999958419958	0.999958419958
erastin	-0.24570866677032543		0.841787941788	0.158212058212	0.158212058212	0.938064516129	0.999958419958	0.999958419958
PF-184	-0.2445969838965049		0.838378378378	0.161621621622	0.161621621622	0.937813953488	0.999958419958	0.999958419958
AC55649	-0.24452683519219007		0.838253638254	0.161746361746	0.161746361746	0.937813953488	0.999958419958	0.999958419958
ML083	-0.2400993443423282		0.825405405405	0.174594594595	0.174594594595	0.92761682243	0.999958419958	0.999958419958
VAF-347	-0.24006844098371374		0.825322245322	0.174677754678	0.174677754678	0.92761682243	0.999958419958	0.999958419958
pluripotin	-0.23994237983187122		0.824948024948	0.175051975052	0.175051975052	0.92761682243	0.999958419958	0.999958419958
neopeltolide	-0.2396306567341435		0.823783783784	0.176216216216	0.176216216216	0.92761682243	0.999958419958	0.999958419958
BRD-K66532283	-0.23957753968494808		0.823742203742	0.176257796258	0.176257796258	0.92761682243	0.999958419958	0.999958419958
VER-155008	-0.23890493007089073		0.821912681913	0.178087318087	0.178087318087	0.92761682243	0.999958419958	0.999958419958
spautin-1	-0.23879572757086065		0.821496881497	0.178503118503	0.178503118503	0.92761682243	0.999958419958	0.999958419958
tamatinib	-0.23846136785249974		0.820124740125	0.179875259875	0.179875259875	0.92761682243	0.999958419958	0.999958419958
pyrazolanthrone	-0.23821724288355767		0.819293139293	0.180706860707	0.180706860707	0.92761682243	0.999958419958	0.999958419958
JW-74	-0.23799840351106383		0.818627858628	0.181372141372	0.181372141372	0.92761682243	0.999958419958	0.999958419958
BRD8899	-0.2378408382333977		0.817879417879	0.182120582121	0.182120582121	0.92761682243	0.999958419958	0.999958419958
SJ-172550	-0.23699784168072718		0.815841995842	0.184158004158	0.184158004158	0.92761682243	0.999958419958	0.999958419958
saracatinib	-0.2359992578037671		0.812307692308	0.187692307692	0.187692307692	0.92761682243	0.999958419958	0.999958419958
BRD-K17060750	-0.2351215688030026		0.809521829522	0.190478170478	0.190478170478	0.92761682243	0.999958419958	0.999958419958
AZD7762	-0.23460732234368142		0.807983367983	0.192016632017	0.192016632017	0.92761682243	0.999958419958	0.999958419958
BRD-K55116708	-0.23222494648362585		0.800540540541	0.199459459459	0.199459459459	0.92761682243	0.999958419958	0.999958419958
A-804598	-0.23124178820538616		0.797255717256	0.202744282744	0.202744282744	0.92761682243	0.999958419958	0.999958419958
JW-480	-0.22820849350263264		0.787234927235	0.212765072765	0.212765072765	0.921313868613	0.999958419958	0.999958419958
bendamustine	-0.22716596802421193		0.783783783784	0.216216216216	0.216216216216	0.919512195122	0.999958419958	0.999958419958
ML162	-0.22632794753012095		0.780415800416	0.219584199584	0.219584199584	0.917799511002	0.999958419958	0.999958419958
CAL-101	-0.2252431513416164		0.776299376299	0.223700623701	0.223700623701	0.915196078431	0.999958419958	0.999958419958
BRD-K37390332	-0.22493269400706414		0.775135135135	0.224864864865	0.224864864865	0.915196078431	0.999958419958	0.999958419958
temozolomide	-0.22199350012406355		0.765239085239	0.234760914761	0.234760914761	0.906600985222	0.999958419958	0.999958419958
ifosfamide	-0.22190536649806059		0.764615384615	0.235384615385	0.235384615385	0.906600985222	0.999958419958	0.999958419958
NPC-26	-0.22171004000331523		0.763908523909	0.236091476091	0.236091476091	0.906600985222	0.999958419958	0.999958419958
VU0155056	-0.22131345605846323		0.762577962578	0.237422037422	0.237422037422	0.906600985222	0.999958419958	0.999958419958
momelotinib	-0.22013172109880078		0.758877338877	0.241122661123	0.241122661123	0.906600985222	0.999958419958	0.999958419958
tosedostat	-0.21997584103634324		0.758503118503	0.241496881497	0.241496881497	0.906600985222	0.999958419958	0.999958419958
TGX-221	-0.21734341923263664		0.748399168399	0.251600831601	0.251600831601	0.89995	0.999958419958	0.999958419958
CID-5951923	-0.2172794600825032		0.748024948025	0.251975051975	0.251975051975	0.89995	0.999958419958	0.999958419958
AT13387	-0.21715296293873396		0.747817047817	0.252182952183	0.252182952183	0.89995	0.999958419958	0.999958419958
erismodegib	-0.2170961063004466		0.747609147609	0.252390852391	0.252390852391	0.89995	0.999958419958	0.999958419958
cabozantinib	-0.21684945862826352		0.746902286902	0.253097713098	0.253097713098	0.89995	0.999958419958	0.999958419958
ML320	-0.2154087561806171		0.741704781705	0.258295218295	0.258295218295	0.89995	0.999958419958	0.999958419958
ML312	-0.21536392541563334		0.741496881497	0.258503118503	0.258503118503	0.89995	0.999958419958	0.999958419958
CD-1530	-0.21242665038752623		0.730103950104	0.269896049896	0.269896049896	0.89358778626	0.999958419958	0.999958419958
BMS-536924	-0.20841677051806654		0.715883575884	0.284116424116	0.284116424116	0.878418367347	0.999958419958	0.999958419958
manumycin A	-0.20839883282706742		0.715841995842	0.284158004158	0.284158004158	0.878418367347	0.999958419958	0.999958419958
ML006	-0.2076506846060612		0.713222453222	0.286777546778	0.286777546778	0.878418367347	0.999958419958	0.999958419958
cytochalasin B	-0.20632364199399655		0.708232848233	0.291767151767	0.291767151767	0.875732647815	0.999958419958	0.999958419958
palmostatin B	-0.2047810285529291		0.702993762994	0.297006237006	0.297006237006	0.871494845361	0.999958419958	0.999958419958
GSK2636771	-0.2004701234799314		0.686029106029	0.313970893971	0.313970893971	0.852661498708	0.999958419958	0.999958419958
LE-135	-0.200075425235571		0.684365904366	0.315634095634	0.315634095634	0.852661498708	0.999958419958	0.999958419958
ML258	-0.19968022808203223		0.682661122661	0.317338877339	0.317338877339	0.852661498708	0.999958419958	0.999958419958
SN-38	-0.19848717313375125		0.678212058212	0.321787941788	0.321787941788	0.84953125	0.999958419958	0.999958419958
salermide	-0.19632783729604847		0.669854469854	0.330145530146	0.330145530146	0.841253263708	0.999958419958	0.999958419958
ML334 diastereomer	-0.19533912709762055		0.665945945946	0.334054054054	0.334054054054	0.838534031414	0.999958419958	0.999958419958
tanespimycin	-0.1936493869784917		0.658877338877	0.341122661123	0.341122661123	0.831811023622	0.999958419958	0.999958419958
bosutinib	-0.19018754246989755		0.645114345114	0.354885654886	0.354885654886	0.816578947368	0.999958419958	0.999958419958
SNX-2112	-0.18509601372093112		0.625945945946	0.374054054054	0.374054054054	0.794406332454	0.999958419958	0.999958419958
niclosamide	-0.18428673147422175		0.623201663202	0.376798336798	0.376798336798	0.793015873016	0.999958419958	0.999958419958
PRL-3 inhibitor I	-0.182973150262915		0.61896049896	0.38103950104	0.38103950104	0.789708222812	0.999958419958	0.999958419958
1S,3R-RSL-3	-0.18103032423124368		0.611767151767	0.388232848233	0.388232848233	0.782606382979	0.999958419958	0.999958419958
BRD-K63431240	-0.17956976402396793		0.605987525988	0.394012474012	0.394012474012	0.77728	0.999958419958	0.999958419958
BRD-K94991378	-0.17882750291627267		0.60316008316	0.39683991684	0.39683991684	0.775721925134	0.999958419958	0.999958419958
BEC	-0.17686001288377898		0.595634095634	0.404365904366	0.404365904366	0.768096514745	0.999958419958	0.999958419958
tigecycline	-0.17660900703714913		0.594885654886	0.405114345114	0.405114345114	0.768096514745	0.999958419958	0.999958419958
silmitasertib	-0.16499755024157206		0.555925155925	0.444074844075	0.444074844075	0.720754716981	0.999958419958	0.999958419958
ML210	-0.16207189179645112		0.548440748441	0.451559251559	0.451559251559	0.712972972973	0.999958419958	0.999958419958
clofarabine	-0.1576548338451523		0.537214137214	0.462785862786	0.462785862786	0.70027100271	0.999958419958	0.999958419958
methotrexate	-0.155891928484624		0.532390852391	0.467609147609	0.467609147609	0.695869565217	0.999958419958	0.999958419958
pevonedistat	-0.15336687608344435		0.526694386694	0.473305613306	0.473305613306	0.69029972752	0.999958419958	0.999958419958
BRD-K71935468	-0.12148281375479394		0.493347193347	0.506652806653	0.506652806653	0.648360655738	0.999958419958	0.999958419958
paclitaxel	0.15501507763359781		0.449022869023	0.550977130977	0.449022869023	0.591726027397	0.999958419958	0.591726027397
GSK1059615	0.15906716911311236		0.440166320166	0.559833679834	0.440166320166	0.581648351648	0.999958419958	0.581648351648
MLN2238	0.159074247829452		0.440166320166	0.559833679834	0.440166320166	0.581648351648	0.999958419958	0.581648351648
docetaxel	0.16124091915801425		0.434844074844	0.565155925156	0.434844074844	0.577790055249	0.999958419958	0.577790055249
BRD4132	0.1649912656369084		0.424324324324	0.575675675676	0.424324324324	0.565373961219	0.999958419958	0.565373961219
BRD-K48334597	0.16858478622875875		0.411975051975	0.588024948025	0.411975051975	0.550444444444	0.999958419958	0.550444444444
MK-0752	0.17067007183821756		0.406278586279	0.593721413721	0.406278586279	0.5443454039	0.999958419958	0.5443454039
3-Cl-AHPC	0.1708667695655564		0.405488565489	0.594511434511	0.405488565489	0.5443454039	0.999958419958	0.5443454039
temsirolimus	0.17087351058704237		0.405488565489	0.594511434511	0.405488565489	0.5443454039	0.999958419958	0.5443454039
AZD6482	0.1709516817854131		0.405405405405	0.594594594595	0.405405405405	0.5443454039	0.999958419958	0.5443454039
ZSTK474	0.17320610748547632		0.398627858628	0.601372141372	0.398627858628	0.540112676056	0.999958419958	0.540112676056
obatoclax	0.1733244584292097		0.398253638254	0.601746361746	0.398253638254	0.540112676056	0.999958419958	0.540112676056
BRD9876	0.1742847571584621		0.394968814969	0.605031185031	0.394968814969	0.538186968839	0.999958419958	0.538186968839
CR-1-31B	0.17592686453533962		0.389521829522	0.610478170478	0.389521829522	0.532272727273	0.999958419958	0.532272727273
SMER-3	0.17698889600269424		0.386112266112	0.613887733888	0.386112266112	0.529116809117	0.999958419958	0.529116809117
BIRB-796	0.1778928020832569		0.383534303534	0.616465696466	0.383534303534	0.527085714286	0.999958419958	0.527085714286
EX-527	0.1779885732217938		0.383284823285	0.616715176715	0.383284823285	0.527085714286	0.999958419958	0.527085714286
CD-437	0.17825174405330496		0.38237006237	0.61762993763	0.38237006237	0.527085714286	0.999958419958	0.527085714286
AM-580	0.1784211486660981		0.381787941788	0.618212058212	0.381787941788	0.527085714286	0.999958419958	0.527085714286
SNS-032	0.1794271290753766		0.378004158004	0.621995841996	0.378004158004	0.52549132948	0.999958419958	0.52549132948
N9-isopropylolomoucine	0.18214255917926903		0.369438669439	0.630561330561	0.369438669439	0.515072463768	0.999958419958	0.515072463768
TG-101348	0.183781157868347		0.363534303534	0.636465696466	0.363534303534	0.508313953488	0.999958419958	0.508313953488
gemcitabine	0.18471421031691046		0.36	0.64	0.36	0.504839650146	0.999958419958	0.504839650146
UNC0321	0.18502841333592476		0.358918918919	0.641081081081	0.358918918919	0.504795321637	0.999958419958	0.504795321637
AZD8055	0.18534365841187844		0.357713097713	0.642286902287	0.357713097713	0.504574780059	0.999958419958	0.504574780059
PI-103	0.18572285305390784		0.356465696466	0.643534303534	0.356465696466	0.504294117647	0.999958419958	0.504294117647
rigosertib	0.18617333169120093		0.354719334719	0.645280665281	0.354719334719	0.503303834808	0.999958419958	0.503303834808
nintedanib	0.18622628998938318		0.354553014553	0.645446985447	0.354553014553	0.503303834808	0.999958419958	0.503303834808
BRD8958	0.1869904335417165		0.352141372141	0.647858627859	0.352141372141	0.502611275964	0.999958419958	0.502611275964
regorafenib	0.18742875011021645		0.350893970894	0.649106029106	0.350893970894	0.502321428571	0.999958419958	0.502321428571
STF-31	0.18752998862413517		0.350686070686	0.649313929314	0.350686070686	0.502321428571	0.999958419958	0.502321428571
BRD-K84807411	0.18754769049159856		0.350602910603	0.649397089397	0.350602910603	0.502321428571	0.999958419958	0.502321428571
myricetin	0.18755159544306826		0.350602910603	0.649397089397	0.350602910603	0.502321428571	0.999958419958	0.502321428571
ciclosporin	0.18768669880970004		0.349896049896	0.650103950104	0.349896049896	0.502321428571	0.999958419958	0.502321428571
GANT-61	0.1884678439380378		0.347983367983	0.652016632017	0.347983367983	0.502321428571	0.999958419958	0.502321428571
SID 26681509	0.18935025318254248		0.344906444906	0.655093555094	0.344906444906	0.502321428571	0.999958419958	0.502321428571
KPT185	0.19019262732638412		0.341954261954	0.658045738046	0.341954261954	0.499939209726	0.999958419958	0.499939209726
R428	0.19093920066744013		0.339417879418	0.660582120582	0.339417879418	0.497743902439	0.999958419958	0.497743902439
purmorphamine	0.19323530783858536		0.330228690229	0.669771309771	0.330228690229	0.485749235474	0.999958419958	0.485749235474
BRD-K27224038	0.1936224551106388		0.32869022869	0.67130977131	0.32869022869	0.484969325153	0.999958419958	0.484969325153
betulinic acid	0.19397406316023846		0.327401247401	0.672598752599	0.327401247401	0.484553846154	0.999958419958	0.484553846154
abiraterone	0.1941872126486593		0.326611226611	0.673388773389	0.326611226611	0.484553846154	0.999958419958	0.484553846154
AT7867	0.19472257057390607		0.325031185031	0.674968814969	0.325031185031	0.484024767802	0.999958419958	0.484024767802
BRD-K41334119	0.1953732234952747		0.323118503119	0.676881496881	0.323118503119	0.482670807453	0.999958419958	0.482670807453
hyperforin	0.19768538907658573		0.314428274428	0.685571725572	0.314428274428	0.471152647975	0.999958419958	0.471152647975
WP1130	0.1996090034682511		0.307318087318	0.692681912682	0.307318087318	0.4619375	0.999958419958	0.4619375
KU 0060648	0.19984995619174084		0.306694386694	0.693305613306	0.306694386694	0.4619375	0.999958419958	0.4619375
sunitinib	0.20028508760384892		0.30474012474	0.69525987526	0.30474012474	0.460943396226	0.999958419958	0.460943396226
daporinad	0.20127487166792382		0.301787941788	0.698212058212	0.301787941788	0.457917981073	0.999958419958	0.457917981073
GW-843682X	0.20226347421613064		0.298212058212	0.701787941788	0.298212058212	0.453924050633	0.999958419958	0.453924050633
vincristine	0.20399314411562622		0.292390852391	0.707609147609	0.292390852391	0.446476190476	0.999958419958	0.446476190476
COL-3	0.20544290159013637		0.286902286902	0.713097713098	0.286902286902	0.43949044586	0.999958419958	0.43949044586
SR-II-138A	0.20586678506318273		0.285738045738	0.714261954262	0.285738045738	0.43910543131	0.999958419958	0.43910543131
BRD-K27986637	0.20614296459935136		0.284532224532	0.715467775468	0.284532224532	0.438653846154	0.999958419958	0.438653846154
phloretin	0.2061682250227879		0.284532224532	0.715467775468	0.284532224532	0.438653846154	0.999958419958	0.438653846154
curcumin	0.2066520326185816		0.282494802495	0.717505197505	0.282494802495	0.438322580645	0.999958419958	0.438322580645
BRD-K30019337	0.20669782170306303		0.282162162162	0.717837837838	0.282162162162	0.438322580645	0.999958419958	0.438322580645
bortezomib	0.20726557612847185		0.280207900208	0.719792099792	0.280207900208	0.437597402597	0.999958419958	0.437597402597
NVP-BEZ235	0.2074842495570301		0.279251559252	0.720748440748	0.279251559252	0.437524429967	0.999958419958	0.437524429967
sirolimus	0.20832574096179976		0.276340956341	0.723659043659	0.276340956341	0.434379084967	0.999958419958	0.434379084967
AZD7545	0.20854665357687174		0.275634095634	0.724365904366	0.275634095634	0.434379084967	0.999958419958	0.434379084967
bafilomycin A1	0.208861163727247		0.274261954262	0.725738045738	0.274261954262	0.433947368421	0.999958419958	0.433947368421
B02	0.2094908965834527		0.272723492723	0.727276507277	0.272723492723	0.432937293729	0.999958419958	0.432937293729
WZ8040	0.2100712800258313		0.270769230769	0.729230769231	0.270769230769	0.431258278146	0.999958419958	0.431258278146
vorapaxar	0.21056993636593366		0.26893970894	0.73106029106	0.26893970894	0.42976744186	0.999958419958	0.42976744186
NVP-231	0.21075393616912141		0.268232848233	0.731767151767	0.268232848233	0.42976744186	0.999958419958	0.42976744186
TPCA-1	0.21147255391270134		0.266070686071	0.733929313929	0.266070686071	0.428026755853	0.999958419958	0.428026755853
parbendazole	0.21196875212253877		0.264116424116	0.735883575884	0.264116424116	0.426308724832	0.999958419958	0.426308724832
MK-1775	0.21278810186045768		0.261122661123	0.738877338877	0.261122661123	0.422895622896	0.999958419958	0.422895622896
BRD-K66453893	0.21311944367242117		0.259833679834	0.740166320166	0.259833679834	0.42222972973	0.999958419958	0.42222972973
KX2-391	0.2137603419788031		0.257463617464	0.742536382536	0.257463617464	0.419796610169	0.999958419958	0.419796610169
cucurbitacin I	0.2141528962000263		0.256008316008	0.743991683992	0.256008316008	0.418843537415	0.999958419958	0.418843537415
topotecan	0.21438770762941747		0.255051975052	0.744948024948	0.255051975052	0.418703071672	0.999958419958	0.418703071672
PIK-93	0.21506354529959595		0.252474012474	0.747525987526	0.252474012474	0.415890410959	0.999958419958	0.415890410959
masitinib	0.21553567944351174		0.250769230769	0.749230769231	0.250769230769	0.414501718213	0.999958419958	0.414501718213
ETP-46464	0.2156807536948425		0.250145530146	0.749854469854	0.250145530146	0.414501718213	0.999958419958	0.414501718213
teniposide	0.21614228229653792		0.24869022869	0.75130977131	0.24869022869	0.413910034602	0.999958419958	0.413910034602
PF-750	0.21644663835364977		0.247650727651	0.752349272349	0.247650727651	0.413611111111	0.999958419958	0.413611111111
CIL55A	0.21658867318667763		0.247234927235	0.752765072765	0.247234927235	0.413611111111	0.999958419958	0.413611111111
quizartinib	0.21659301825547178		0.247234927235	0.752765072765	0.247234927235	0.413611111111	0.999958419958	0.413611111111
ML031	0.21798864806440366		0.242869022869	0.757130977131	0.242869022869	0.409894736842	0.999958419958	0.409894736842
BMS-345541	0.21805499423380703		0.242702702703	0.757297297297	0.242702702703	0.409894736842	0.999958419958	0.409894736842
KU-0063794	0.2180923075833082		0.242536382536	0.757463617464	0.242536382536	0.409894736842	0.999958419958	0.409894736842
nakiterpiosin	0.2183724724741272		0.24158004158	0.75841995842	0.24158004158	0.409894736842	0.999958419958	0.409894736842
canertinib	0.21860123716833638		0.240623700624	0.759376299376	0.240623700624	0.409894736842	0.999958419958	0.409894736842
BRD-K97651142	0.21918083539146965		0.238503118503	0.761496881497	0.238503118503	0.409714285714	0.999958419958	0.409714285714
BCL-LZH-4	0.21962605857984357		0.23659043659	0.76340956341	0.23659043659	0.407885304659	0.999958419958	0.407885304659
PF-3758309	0.22004805332366786		0.23525987526	0.76474012474	0.23525987526	0.407050359712	0.999958419958	0.407050359712
CI-976	0.22058679074535287		0.233139293139	0.766860706861	0.233139293139	0.404837545126	0.999958419958	0.404837545126
BRD-K14844214	0.22068556202323375		0.232806652807	0.767193347193	0.232806652807	0.404837545126	0.999958419958	0.404837545126
PF-573228	0.2211880346383869		0.230935550936	0.769064449064	0.230935550936	0.403927272727	0.999958419958	0.403927272727
tivantinib	0.22127187830192996		0.230727650728	0.769272349272	0.230727650728	0.403927272727	0.999958419958	0.403927272727
Merck60	0.22147366276945896		0.229979209979	0.770020790021	0.229979209979	0.403927272727	0.999958419958	0.403927272727
neratinib	0.2217231256972927		0.229313929314	0.770686070686	0.229313929314	0.403927272727	0.999958419958	0.403927272727
AA-COCF3	0.22209741265672966		0.228024948025	0.771975051975	0.228024948025	0.403927272727	0.999958419958	0.403927272727
NVP-BSK805	0.22305784635205422		0.225155925156	0.774844074844	0.225155925156	0.401111111111	0.999958419958	0.401111111111
BRD-A02303741	0.22345741262937072		0.223617463617	0.776382536383	0.223617463617	0.399851301115	0.999958419958	0.399851301115
NSC632839	0.22406831859326484		0.221704781705	0.778295218295	0.221704781705	0.397910447761	0.999958419958	0.397910447761
I-BET151	0.22409286841480214		0.221704781705	0.778295218295	0.221704781705	0.397910447761	0.999958419958	0.397910447761
tivozanib	0.22431715656405882		0.220873180873	0.779126819127	0.220873180873	0.397910447761	0.999958419958	0.397910447761
CAY10618	0.2244349528219698		0.220540540541	0.779459459459	0.220540540541	0.397910447761	0.999958419958	0.397910447761
vandetanib	0.22450664402176515		0.220332640333	0.779667359667	0.220332640333	0.397910447761	0.999958419958	0.397910447761
KH-CB19	0.22477369070133782		0.219584199584	0.780415800416	0.219584199584	0.397910447761	0.999958419958	0.397910447761
CHM-1	0.22484012153745356		0.219334719335	0.780665280665	0.219334719335	0.397910447761	0.999958419958	0.397910447761
alvocidib	0.22520466862575117		0.218128898129	0.781871101871	0.218128898129	0.397910447761	0.999958419958	0.397910447761
YK 4-279	0.2263048304257224		0.213513513514	0.786486486486	0.213513513514	0.395	0.999958419958	0.395
dexamethasone	0.22718513421131944		0.211268191268	0.788731808732	0.211268191268	0.392355212355	0.999958419958	0.392355212355
GSK4112	0.22792621039370464		0.208523908524	0.791476091476	0.208523908524	0.388759689922	0.999958419958	0.388759689922
Ki8751	0.22816438625710905		0.207941787942	0.792058212058	0.207941787942	0.388759689922	0.999958419958	0.388759689922
LRRK2-IN-1	0.22820833865208479		0.207775467775	0.792224532225	0.207775467775	0.388759689922	0.999958419958	0.388759689922
parthenolide	0.22866809448982023		0.205862785863	0.794137214137	0.205862785863	0.38831372549	0.999958419958	0.38831372549
VX-680	0.229450206898571		0.203742203742	0.796257796258	0.203742203742	0.385826771654	0.999958419958	0.385826771654
sorafenib	0.230002585236677		0.201912681913	0.798087318087	0.201912681913	0.383873517787	0.999958419958	0.383873517787
BI-2536	0.23009684710392272		0.201621621622	0.798378378378	0.201621621622	0.383873517787	0.999958419958	0.383873517787
Ch-55	0.23010640384171327		0.201621621622	0.798378378378	0.201621621622	0.383873517787	0.999958419958	0.383873517787
doxorubicin	0.23036625831011984		0.200873180873	0.799126819127	0.200873180873	0.383873517787	0.999958419958	0.383873517787
SB-743921	0.23056899766549105		0.200207900208	0.799792099792	0.200207900208	0.383873517787	0.999958419958	0.383873517787
BRD-K78574327	0.23064003849385756		0.199916839917	0.800083160083	0.199916839917	0.383873517787	0.999958419958	0.383873517787
darinaparsin	0.23066261006971275		0.199875259875	0.800124740125	0.199875259875	0.383873517787	0.999958419958	0.383873517787
BRD-K01737880	0.2313383162678057		0.197505197505	0.802494802495	0.197505197505	0.383873517787	0.999958419958	0.383873517787
lomeguatrib	0.23142566819159657		0.197338877339	0.802661122661	0.197338877339	0.383873517787	0.999958419958	0.383873517787
OSI-027	0.23170094173069303		0.19659043659	0.80340956341	0.19659043659	0.383873517787	0.999958419958	0.383873517787
fluorouracil	0.23182664017100532		0.196257796258	0.803742203742	0.196257796258	0.383873517787	0.999958419958	0.383873517787
BRD-K71781559	0.23209193860992458		0.195509355509	0.804490644491	0.195509355509	0.383873517787	0.999958419958	0.383873517787
FQI-2	0.23231920824761787		0.195135135135	0.804864864865	0.195135135135	0.383873517787	0.999958419958	0.383873517787
BRD-K70511574	0.23232974241078216		0.195093555094	0.804906444906	0.195093555094	0.383873517787	0.999958419958	0.383873517787
MST-312	0.23247545309783693		0.194594594595	0.805405405405	0.194594594595	0.383873517787	0.999958419958	0.383873517787
GSK461364	0.23321814071847263		0.192474012474	0.807525987526	0.192474012474	0.383873517787	0.999958419958	0.383873517787
StemRegenin 1	0.23345157095770797		0.191891891892	0.808108108108	0.191891891892	0.383873517787	0.999958419958	0.383873517787
BRD-K33514849	0.23376858142439222		0.190686070686	0.809313929314	0.190686070686	0.383873517787	0.999958419958	0.383873517787
RAF265	0.23378207775831328		0.190686070686	0.809313929314	0.190686070686	0.383873517787	0.999958419958	0.383873517787
AGK-2	0.23460410759435837		0.187692307692	0.812307692308	0.187692307692	0.383873517787	0.999958419958	0.383873517787
TW-37	0.23486545495920846		0.186943866944	0.813056133056	0.186943866944	0.383873517787	0.999958419958	0.383873517787
triazolothiadiazine	0.2356650006702668		0.184116424116	0.815883575884	0.184116424116	0.381724137931	0.999958419958	0.381724137931
valdecoxib	0.23570868005781523		0.183991683992	0.816008316008	0.183991683992	0.381724137931	0.999958419958	0.381724137931
BRD-K48477130	0.2360889386046165		0.182869022869	0.817130977131	0.182869022869	0.381724137931	0.999958419958	0.381724137931
leptomycin B	0.23611778079041826		0.182785862786	0.817214137214	0.182785862786	0.381724137931	0.999958419958	0.381724137931
AZ-3146	0.2366796504055524		0.18103950104	0.81896049896	0.18103950104	0.381724137931	0.999958419958	0.381724137931
QS-11	0.23716905211964703		0.179708939709	0.820291060291	0.179708939709	0.380792951542	0.999958419958	0.380792951542
QW-BI-011	0.23752609334433683		0.178752598753	0.821247401247	0.178752598753	0.380442477876	0.999958419958	0.380442477876
MI-1	0.2377899167876826		0.177796257796	0.822203742204	0.177796257796	0.380088888889	0.999958419958	0.380088888889
NVP-TAE684	0.2379363079388065		0.177671517672	0.822328482328	0.177671517672	0.380088888889	0.999958419958	0.380088888889
procarbazine	0.2380112170512086		0.17738045738	0.82261954262	0.17738045738	0.380088888889	0.999958419958	0.380088888889
ouabain	0.23812508973044139		0.177172557173	0.822827442827	0.177172557173	0.380088888889	0.999958419958	0.380088888889
MG-132	0.2383584682435758		0.176507276507	0.823492723493	0.176507276507	0.380088888889	0.999958419958	0.380088888889
importazole	0.23923333049083456		0.173929313929	0.826070686071	0.173929313929	0.380088888889	0.999958419958	0.380088888889
brefeldin A	0.23957679559096548		0.172598752599	0.827401247401	0.172598752599	0.379086757991	0.999958419958	0.379086757991
pazopanib	0.2413144615733988		0.166819126819	0.833180873181	0.166819126819	0.368073394495	0.999958419958	0.368073394495
pandacostat	0.2416372260913238		0.165945945946	0.834054054054	0.165945945946	0.367834101382	0.999958419958	0.367834101382
ML311	0.2421263646122794		0.164823284823	0.835176715177	0.164823284823	0.367037037037	0.999958419958	0.367037037037
WZ4002	0.24219446879736728		0.164656964657	0.835343035343	0.164656964657	0.367037037037	0.999958419958	0.367037037037
HBX-41108	0.24292540779050265		0.162536382536	0.837463617464	0.162536382536	0.365327102804	0.999958419958	0.365327102804
methylstat	0.24358798899605624		0.160582120582	0.839417879418	0.160582120582	0.362629107981	0.999958419958	0.362629107981
BRD-K16147474	0.2437089752533969		0.160166320166	0.839833679834	0.160166320166	0.362629107981	0.999958419958	0.362629107981
BRD-K34099515	0.24384436282009414		0.159792099792	0.840207900208	0.159792099792	0.362629107981	0.999958419958	0.362629107981
narciclasine	0.2439751020297196		0.159542619543	0.840457380457	0.159542619543	0.362629107981	0.999958419958	0.362629107981
bardoxolone methyl	0.24478613903170257		0.156715176715	0.843284823285	0.156715176715	0.360669856459	0.999958419958	0.360669856459
omacetaxine mepesuccinate	0.24536729583108272		0.155218295218	0.844781704782	0.155218295218	0.358942307692	0.999958419958	0.358942307692
isonicotinohydroxamic acid	0.2455039716192128		0.154844074844	0.845155925156	0.154844074844	0.358942307692	0.999958419958	0.358942307692
KHS101	0.2461587645534986		0.152972972973	0.847027027027	0.152972972973	0.357184466019	0.999958419958	0.357184466019
oligomycin A	0.24635340815607534		0.152349272349	0.847650727651	0.152349272349	0.357184466019	0.999958419958	0.357184466019
etoposide	0.24663834058109377		0.151725571726	0.848274428274	0.151725571726	0.357184466019	0.999958419958	0.357184466019
NSC 74859	0.24724030561869756		0.150187110187	0.849812889813	0.150187110187	0.355862068966	0.999958419958	0.355862068966
isoevodiamine	0.2474239935022242		0.149563409563	0.850436590437	0.149563409563	0.355862068966	0.999958419958	0.355862068966
SB-225002	0.24786505664407057		0.148024948025	0.851975051975	0.148024948025	0.354228855721	0.999958419958	0.354228855721
sildenafil	0.24854168778422397		0.146195426195	0.853804573805	0.146195426195	0.3516	0.999958419958	0.3516
cerulenin	0.24926208538073755		0.144282744283	0.855717255717	0.144282744283	0.348743718593	0.999958419958	0.348743718593
BIBR-1532	0.24986059566380275		0.142910602911	0.857089397089	0.142910602911	0.347171717172	0.999958419958	0.347171717172
veliparib	0.24987950231100375		0.142827442827	0.857172557173	0.142827442827	0.347171717172	0.999958419958	0.347171717172
KU-60019	0.2501412947862325		0.142120582121	0.857879417879	0.142120582121	0.347171717172	0.999958419958	0.347171717172
UNC0638	0.2502995143854665		0.141746361746	0.858253638254	0.141746361746	0.347171717172	0.999958419958	0.347171717172
KU-55933	0.2507630486323816		0.140041580042	0.859958419958	0.140041580042	0.347171717172	0.999958419958	0.347171717172
triptolide	0.2507830924949272		0.14	0.86	0.14	0.347171717172	0.999958419958	0.347171717172
JQ-1	0.2508311650624621		0.139875259875	0.860124740125	0.139875259875	0.347171717172	0.999958419958	0.347171717172
gefitinib	0.2510416548360072		0.139043659044	0.860956340956	0.139043659044	0.347171717172	0.999958419958	0.347171717172
cyanoquinoline 11	0.2519399764955327		0.136257796258	0.863742203742	0.136257796258	0.344947368421	0.999958419958	0.344947368421
ELCPK	0.2519776157824801		0.136216216216	0.863783783784	0.136216216216	0.344947368421	0.999958419958	0.344947368421
gossypol	0.2528560986670175		0.133929313929	0.866070686071	0.133929313929	0.342659574468	0.999958419958	0.342659574468
BRD-K85133207	0.2532546459856676		0.133014553015	0.866985446985	0.133014553015	0.342139037433	0.999958419958	0.342139037433
necrosulfonamide	0.2542107448177657		0.130187110187	0.869812889813	0.130187110187	0.336666666667	0.999958419958	0.336666666667
CAY10594	0.2546295483995728		0.128981288981	0.871018711019	0.128981288981	0.335351351351	0.999958419958	0.335351351351
PYR-41	0.25542047543487345		0.127193347193	0.872806652807	0.127193347193	0.3325	0.999958419958	0.3325
BRD-K44224150	0.2554969509253077		0.126902286902	0.873097713098	0.126902286902	0.3325	0.999958419958	0.3325
RO4929097	0.25587382320180896		0.125821205821	0.874178794179	0.125821205821	0.3325	0.999958419958	0.3325
GSK525762A	0.25623942339609357		0.125072765073	0.874927234927	0.125072765073	0.332375690608	0.999958419958	0.332375690608
TG-100-115	0.2565158056093104		0.1241995842	0.8758004158	0.1241995842	0.331888888889	0.999958419958	0.331888888889
BRD-K86535717	0.256598513879781		0.123991683992	0.876008316008	0.123991683992	0.331888888889	0.999958419958	0.331888888889
tandutinib	0.2566823017115734		0.123908523909	0.876091476091	0.123908523909	0.331888888889	0.999958419958	0.331888888889
entinostat	0.25687196682523417		0.123575883576	0.876424116424	0.123575883576	0.331888888889	0.999958419958	0.331888888889
fulvestrant	0.2568922658523914		0.123534303534	0.876465696466	0.123534303534	0.331888888889	0.999958419958	0.331888888889
BRD-K04800985	0.25816787005479		0.120582120582	0.879417879418	0.120582120582	0.331428571429	0.999958419958	0.331428571429
BRD-K64610608	0.2584358999757103		0.12	0.88	0.12	0.331428571429	0.999958419958	0.331428571429
PHA-793887	0.2584904006577969		0.12	0.88	0.12	0.331428571429	0.999958419958	0.331428571429
BRD-K09344309	0.2586206221430723		0.119501039501	0.880498960499	0.119501039501	0.331428571429	0.999958419958	0.331428571429
nelarabine	0.25925117959503197		0.118087318087	0.881912681913	0.118087318087	0.331428571429	0.999958419958	0.331428571429
semagacestat	0.25963198414823113		0.117006237006	0.882993762994	0.117006237006	0.331058823529	0.999958419958	0.331058823529
PAC-1	0.25972030597817014		0.116964656965	0.883035343035	0.116964656965	0.331058823529	0.999958419958	0.331058823529
crizotinib	0.26010395257444696		0.116091476091	0.883908523909	0.116091476091	0.331058823529	0.999958419958	0.331058823529
SCH-79797	0.2602485138686089		0.115592515593	0.884407484407	0.115592515593	0.331058823529	0.999958419958	0.331058823529
SRT-1720	0.26060546672255586		0.114844074844	0.885155925156	0.114844074844	0.331058823529	0.999958419958	0.331058823529
mitomycin	0.2607125150854338		0.114594594595	0.885405405405	0.114594594595	0.331058823529	0.999958419958	0.331058823529
L-685458	0.2614389469469987		0.11288981289	0.88711018711	0.11288981289	0.331058823529	0.999958419958	0.331058823529
SZ4TA2	0.2620625033564282		0.111725571726	0.888274428274	0.111725571726	0.329693251534	0.999958419958	0.329693251534
ceranib-2	0.2623040071769843		0.110977130977	0.889022869023	0.110977130977	0.32950617284	0.999958419958	0.32950617284
HLI 373	0.26282136591631633		0.10972972973	0.89027027027	0.10972972973	0.327826086957	0.999958419958	0.327826086957
KW-2449	0.26312253528072593		0.109147609148	0.890852390852	0.109147609148	0.327826086957	0.999958419958	0.327826086957
cyclophosphamide	0.2632553848699087		0.108773388773	0.891226611227	0.108773388773	0.327826086957	0.999958419958	0.327826086957
axitinib	0.2638580880766753		0.10735966736	0.89264033264	0.10735966736	0.326835443038	0.999958419958	0.326835443038
BRD-K61166597	0.2643813816217636		0.106112266112	0.893887733888	0.106112266112	0.325095541401	0.999958419958	0.325095541401
BRD-K34222889	0.26592076285361554		0.102785862786	0.897214137214	0.102785862786	0.316923076923	0.999958419958	0.316923076923
AZD1480	0.2659272848011146		0.102785862786	0.897214137214	0.102785862786	0.316923076923	0.999958419958	0.316923076923
navitoclax	0.26609159935417337		0.102577962578	0.897422037422	0.102577962578	0.316923076923	0.999958419958	0.316923076923
ML239	0.2664190842785595		0.101663201663	0.898336798337	0.101663201663	0.316923076923	0.999958419958	0.316923076923
DBeQ	0.26644555116501695		0.101538461538	0.898461538462	0.101538461538	0.316923076923	0.999958419958	0.316923076923
NSC48300	0.26704383299972645		0.100582120582	0.899417879418	0.100582120582	0.316923076923	0.999958419958	0.316923076923
BRD-K45681478	0.267550795901875		0.0993347193347	0.900665280665	0.0993347193347	0.316923076923	0.999958419958	0.316923076923
foretinib	0.2675776984228928		0.0993347193347	0.900665280665	0.0993347193347	0.316923076923	0.999958419958	0.316923076923
decitabine	0.26779783019486714		0.0989189189189	0.901081081081	0.0989189189189	0.316923076923	0.999958419958	0.316923076923
BRD-K49290616	0.26822161001116873		0.0980873180873	0.901912681913	0.0980873180873	0.316923076923	0.999958419958	0.316923076923
BRD-K35604418	0.2683627780473768		0.0975051975052	0.902494802495	0.0975051975052	0.316923076923	0.999958419958	0.316923076923
SU11274	0.26868307971644984		0.0970478170478	0.902952182952	0.0970478170478	0.316923076923	0.999958419958	0.316923076923
OSI-930	0.26902967412553375		0.0965072765073	0.903492723493	0.0965072765073	0.316923076923	0.999958419958	0.316923076923
BRD-K11533227	0.2692606075169719		0.0960914760915	0.903908523909	0.0960914760915	0.316923076923	0.999958419958	0.316923076923
BRD-K09587429	0.2694197814883815		0.0958004158004	0.9041995842	0.0958004158004	0.316923076923	0.999958419958	0.316923076923
dinaciclib	0.2700765828177342		0.0939708939709	0.906029106029	0.0939708939709	0.316923076923	0.999958419958	0.316923076923
BRD-K96431673	0.270551128619978		0.0931392931393	0.906860706861	0.0931392931393	0.316923076923	0.999958419958	0.316923076923
BIX-01294	0.2710153350061944		0.0923076923077	0.907692307692	0.0923076923077	0.316923076923	0.999958419958	0.316923076923
tacedinaline	0.2713039144933579		0.0919334719335	0.908066528067	0.0919334719335	0.316923076923	0.999958419958	0.316923076923
GW-405833	0.2720519312038045		0.0907692307692	0.909230769231	0.0907692307692	0.316923076923	0.999958419958	0.316923076923
BRD6340	0.2723032518913113		0.0899376299376	0.910062370062	0.0899376299376	0.316923076923	0.999958419958	0.316923076923
GDC-0941	0.27245898191494405		0.0895634095634	0.910436590437	0.0895634095634	0.316923076923	0.999958419958	0.316923076923
NVP-ADW742	0.27271057571588103		0.0892723492723	0.910727650728	0.0892723492723	0.316923076923	0.999958419958	0.316923076923
CIL70	0.2730426285453699		0.0885239085239	0.911476091476	0.0885239085239	0.316923076923	0.999958419958	0.316923076923
BRD-A86708339	0.27307575096078107		0.0884407484407	0.911559251559	0.0884407484407	0.316923076923	0.999958419958	0.316923076923
ciclopirox	0.273103875105788		0.0883575883576	0.911642411642	0.0883575883576	0.316923076923	0.999958419958	0.316923076923
GMX-1778	0.27331790328791367		0.0879002079002	0.9120997921	0.0879002079002	0.316923076923	0.999958419958	0.316923076923
afatinib	0.2739125453268972		0.086735966736	0.913264033264	0.086735966736	0.316923076923	0.999958419958	0.316923076923
968	0.2741602583329766		0.0860291060291	0.913970893971	0.0860291060291	0.316923076923	0.999958419958	0.316923076923
FQI-1	0.274171371367632		0.0860291060291	0.913970893971	0.0860291060291	0.316923076923	0.999958419958	0.316923076923
piperlongumine	0.2753511631408137		0.0843659043659	0.915634095634	0.0843659043659	0.316923076923	0.999958419958	0.316923076923
BRD-K30748066	0.2757924847545397		0.0832016632017	0.916798336798	0.0832016632017	0.316923076923	0.999958419958	0.316923076923
elocalcitol	0.27614679191993297		0.0826195426195	0.91738045738	0.0826195426195	0.316923076923	0.999958419958	0.316923076923
CCT036477	0.2761786217402919		0.0824532224532	0.917546777547	0.0824532224532	0.316923076923	0.999958419958	0.316923076923
blebbistatin	0.2763102804729213		0.0822453222453	0.917754677755	0.0822453222453	0.316923076923	0.999958419958	0.316923076923
LY-2183240	0.27663806303097044		0.0815384615385	0.918461538462	0.0815384615385	0.316923076923	0.999958419958	0.316923076923
BRD1812	0.2769211696971472		0.081288981289	0.918711018711	0.081288981289	0.316923076923	0.999958419958	0.316923076923
tipifarnib-P1	0.2771504168962735		0.0808731808732	0.919126819127	0.0808731808732	0.316923076923	0.999958419958	0.316923076923
tacrolimus	0.2789198368849978		0.0768814968815	0.923118503119	0.0768814968815	0.313389830508	0.999958419958	0.313389830508
zebularine	0.27905412615623504		0.0766735966736	0.923326403326	0.0766735966736	0.313389830508	0.999958419958	0.313389830508
FGIN-1-27	0.2799123901647882		0.0754677754678	0.924532224532	0.0754677754678	0.312931034483	0.999958419958	0.312931034483
NSC95397	0.2802687212805965		0.0747193347193	0.925280665281	0.0747193347193	0.31252173913	0.999958419958	0.31252173913
neuronal differentiation inducer III	0.28034819602428734		0.0745945945946	0.925405405405	0.0745945945946	0.31252173913	0.999958419958	0.31252173913
Bax channel blocker	0.28063900448172147		0.0739708939709	0.926029106029	0.0739708939709	0.31252173913	0.999958419958	0.31252173913
BRD-K96970199	0.2822506229931144		0.0710602910603	0.92893970894	0.0710602910603	0.305178571429	0.999958419958	0.305178571429
SB-431542	0.28307166499546077		0.0694802494802	0.93051975052	0.0694802494802	0.301081081081	0.999958419958	0.301081081081
apicidin	0.28376294306339567		0.0682744282744	0.931725571726	0.0682744282744	0.298545454545	0.999958419958	0.298545454545
lapatinib	0.28386751517350195		0.0681496881497	0.93185031185	0.0681496881497	0.298545454545	0.999958419958	0.298545454545
BMS-270394	0.2844148183018415		0.0673596673597	0.93264033264	0.0673596673597	0.298545454545	0.999958419958	0.298545454545
marinopyrrole A	0.28458550096708174		0.0670686070686	0.932931392931	0.0670686070686	0.298545454545	0.999958419958	0.298545454545
NSC19630	0.28624419682361985		0.0642827442827	0.935717255717	0.0642827442827	0.291698113208	0.999958419958	0.291698113208
brivanib	0.2864772099813733		0.0639501039501	0.93604989605	0.0639501039501	0.291698113208	0.999958419958	0.291698113208
lenvatinib	0.28657629748512736		0.0638253638254	0.936174636175	0.0638253638254	0.291698113208	0.999958419958	0.291698113208
cimetidine	0.28660485608251746		0.0637837837838	0.936216216216	0.0637837837838	0.291698113208	0.999958419958	0.291698113208
PF-543	0.28665940221609515		0.063659043659	0.936340956341	0.063659043659	0.291698113208	0.999958419958	0.291698113208
BRD1835	0.28721489116342663		0.0630769230769	0.936923076923	0.0630769230769	0.291698113208	0.999958419958	0.291698113208
pitstop2	0.2874283099135621		0.0627027027027	0.937297297297	0.0627027027027	0.291698113208	0.999958419958	0.291698113208
MGCD-265	0.28765951615073665		0.0621621621622	0.937837837838	0.0621621621622	0.291698113208	0.999958419958	0.291698113208
itraconazole	0.28799831461126957		0.0614968814969	0.938503118503	0.0614968814969	0.291698113208	0.999958419958	0.291698113208
fingolimod	0.28840395528873863		0.0608731808732	0.939126819127	0.0608731808732	0.291698113208	0.999958419958	0.291698113208
alisertib	0.2884555483365448		0.06079002079	0.93920997921	0.06079002079	0.291698113208	0.999958419958	0.291698113208
AZD4547	0.2886846058366075		0.0604158004158	0.939584199584	0.0604158004158	0.291698113208	0.999958419958	0.291698113208
istradefylline	0.28962663629039426		0.0588773388773	0.941122661123	0.0588773388773	0.291698113208	0.999958419958	0.291698113208
ISOX	0.2903917160653332		0.0577130977131	0.942286902287	0.0577130977131	0.291698113208	0.999958419958	0.291698113208
HC-067047	0.2905337424253147		0.0575467775468	0.942453222453	0.0575467775468	0.291698113208	0.999958419958	0.291698113208
PDMP	0.2905669661594361		0.0575467775468	0.942453222453	0.0575467775468	0.291698113208	0.999958419958	0.291698113208
PRIMA-1	0.29103241525497936		0.0567567567568	0.943243243243	0.0567567567568	0.291698113208	0.999958419958	0.291698113208
PL-DI	0.29113906300581643		0.0565072765073	0.943492723493	0.0565072765073	0.291698113208	0.999958419958	0.291698113208
ABT-199	0.29139846463147195		0.0560914760915	0.943908523909	0.0560914760915	0.291698113208	0.999958419958	0.291698113208
SB-525334	0.2917938871373642		0.055841995842	0.944158004158	0.055841995842	0.291698113208	0.999958419958	0.291698113208
linifanib	0.2921665451809563		0.0552182952183	0.944781704782	0.0552182952183	0.291698113208	0.999958419958	0.291698113208
BRD-K34485477	0.2923981931942157		0.0549688149688	0.945031185031	0.0549688149688	0.291698113208	0.999958419958	0.291698113208
ML203	0.29431058989899594		0.0519750519751	0.948024948025	0.0519750519751	0.291698113208	0.999958419958	0.291698113208
sitagliptin	0.29443171295038495		0.0517671517672	0.948232848233	0.0517671517672	0.291698113208	0.999958419958	0.291698113208
epigallocatechin-3-monogallate	0.2945672722536303		0.0517255717256	0.948274428274	0.0517255717256	0.291698113208	0.999958419958	0.291698113208
BRD-A71883111	0.29688483454151327		0.0480665280665	0.951933471933	0.0480665280665	0.285432098765	0.999958419958	0.285432098765
tipifarnib-P2	0.29816476888070037		0.046735966736	0.953264033264	0.046735966736	0.281	0.999958419958	0.281
etomoxir	0.2984186196840779		0.0465280665281	0.953471933472	0.0465280665281	0.281	0.999958419958	0.281
BRD-K41597374	0.29911530535655523		0.0455301455301	0.95446985447	0.0455301455301	0.280769230769	0.999958419958	0.280769230769
cytarabine hydrochloride	0.2993686028887044		0.0451143451143	0.954885654886	0.0451143451143	0.280769230769	0.999958419958	0.280769230769
ibrutinib	0.2998198569663132		0.0447401247401	0.95525987526	0.0447401247401	0.280769230769	0.999958419958	0.280769230769
chlorambucil	0.30008407534864145		0.0445738045738	0.955426195426	0.0445738045738	0.280769230769	0.999958419958	0.280769230769
Compound 7d-cis	0.3015852173236451		0.0426195426195	0.95738045738	0.0426195426195	0.277027027027	0.999958419958	0.277027027027
BRD-K02251932	0.30166959702585294		0.0424532224532	0.957546777547	0.0424532224532	0.277027027027	0.999958419958	0.277027027027
BRD-K29313308	0.30170685593134455		0.0423700623701	0.95762993763	0.0423700623701	0.277027027027	0.999958419958	0.277027027027
BMS-195614	0.3033886737216161		0.0402079002079	0.959792099792	0.0402079002079	0.272394366197	0.999958419958	0.272394366197
MK-2206	0.30347276069819723		0.0401663201663	0.959833679834	0.0401663201663	0.272394366197	0.999958419958	0.272394366197
CIL55	0.3041715876903208		0.039501039501	0.960498960499	0.039501039501	0.272394366197	0.999958419958	0.272394366197
imatinib	0.30442499098429726		0.0392931392931	0.960706860707	0.0392931392931	0.272394366197	0.999958419958	0.272394366197
nilotinib	0.3048867704730438		0.0390020790021	0.960997920998	0.0390020790021	0.272394366197	0.999958419958	0.272394366197
austocystin D	0.30522231677972067		0.0386694386694	0.961330561331	0.0386694386694	0.272394366197	0.999958419958	0.272394366197
BYL-719	0.3055568660758818		0.0381288981289	0.961871101871	0.0381288981289	0.272394366197	0.999958419958	0.272394366197
BMS-754807	0.30671426704531407		0.0365904365904	0.96340956341	0.0365904365904	0.272394366197	0.999958419958	0.272394366197
BRD-K75293299	0.30792593947752844		0.0352598752599	0.96474012474	0.0352598752599	0.269206349206	0.999958419958	0.269206349206
Compound 1541A	0.30808912421422585		0.0351351351351	0.964864864865	0.0351351351351	0.269206349206	0.999958419958	0.269206349206
FSC231	0.30876526486624795		0.0344698544699	0.96553014553	0.0344698544699	0.269206349206	0.999958419958	0.269206349206
SKI-II	0.31016219868603995		0.0325987525988	0.967401247401	0.0325987525988	0.261333333333	0.999958419958	0.261333333333
16-beta-bromoandrosterone	0.3122769976370607		0.0304365904366	0.969563409563	0.0304365904366	0.24813559322	0.999958419958	0.24813559322
cediranib	0.31237049359694313		0.0303118503119	0.969688149688	0.0303118503119	0.24813559322	0.999958419958	0.24813559322
BRD-K92856060	0.31309958400430626		0.0297713097713	0.970228690229	0.0297713097713	0.24813559322	0.999958419958	0.24813559322
SCH-529074	0.31317318134505273		0.0297713097713	0.970228690229	0.0297713097713	0.24813559322	0.999958419958	0.24813559322
avrainvillamide	0.313609057212366		0.0293970893971	0.970602910603	0.0293970893971	0.24813559322	0.999958419958	0.24813559322
belinostat	0.3139756770126789		0.029106029106	0.970893970894	0.029106029106	0.24813559322	0.999958419958	0.24813559322
Ko-143	0.315226911248512		0.0280665280665	0.971933471933	0.0280665280665	0.24813559322	0.999958419958	0.24813559322
olaparib	0.3154319932490443		0.0279833679834	0.972016632017	0.0279833679834	0.24813559322	0.999958419958	0.24813559322
ML050	0.3159003568166609		0.0274428274428	0.972557172557	0.0274428274428	0.24813559322	0.999958419958	0.24813559322
ABT-737	0.3165866559363983		0.0271101871102	0.97288981289	0.0271101871102	0.24813559322	0.999958419958	0.24813559322
RG-108	0.31682191881202		0.0269022869023	0.973097713098	0.0269022869023	0.24813559322	0.999958419958	0.24813559322
BRD-A94377914	0.31697386660839844		0.0268191268191	0.973180873181	0.0268191268191	0.24813559322	0.999958419958	0.24813559322
BRD-K29086754	0.3198565502452089		0.0249896049896	0.97501039501	0.0249896049896	0.24813559322	0.999958419958	0.24813559322
BRD-K80183349	0.3207646821792911		0.0245322245322	0.975467775468	0.0245322245322	0.24813559322	0.999958419958	0.24813559322
trifluoperazine	0.32128384903927587		0.0244074844075	0.975592515593	0.0244074844075	0.24813559322	0.999958419958	0.24813559322
prochlorperazine	0.32308597707262987		0.0232432432432	0.976756756757	0.0232432432432	0.24813559322	0.999958419958	0.24813559322
BRD-K19103580	0.3247195474224968		0.0219126819127	0.978087318087	0.0219126819127	0.24511627907	0.999958419958	0.24511627907
pifithrin-mu	0.3259704074835589		0.0209563409563	0.979043659044	0.0209563409563	0.24	0.999958419958	0.24
LY-2157299	0.3262135786926087		0.0209147609148	0.979085239085	0.0209147609148	0.24	0.999958419958	0.24
MI-2	0.3269251922563499		0.0204158004158	0.979584199584	0.0204158004158	0.24	0.999958419958	0.24
NSC30930	0.3271994691675423		0.0202079002079	0.979792099792	0.0202079002079	0.24	0.999958419958	0.24
Mdivi-1	0.3275027787304035		0.02	0.98	0.02	0.24	0.999958419958	0.24
tretinoin	0.3276184053773742		0.0199584199584	0.980041580042	0.0199584199584	0.24	0.999958419958	0.24
BRD-K42260513	0.33292055433943274		0.0160498960499	0.98395010395	0.0160498960499	0.214444444444	0.999958419958	0.214444444444
JW-55	0.3341394246603349		0.0153014553015	0.984698544699	0.0153014553015	0.210285714286	0.999958419958	0.210285714286
ML029	0.335137980305647		0.0145945945946	0.985405405405	0.0145945945946	0.206470588235	0.999958419958	0.206470588235
tamoxifen	0.33518830448122894		0.0145945945946	0.985405405405	0.0145945945946	0.206470588235	0.999958419958	0.206470588235
tubastatin A	0.33709376460037177		0.0135550935551	0.986444906445	0.0135550935551	0.20375	0.999958419958	0.20375
skepinone-L	0.33727416317622305		0.0135135135135	0.986486486486	0.0135135135135	0.20375	0.999958419958	0.20375
BRD-M00053801	0.33857291272200307		0.0128482328482	0.987151767152	0.0128482328482	0.20375	0.999958419958	0.20375
Compound 23 citrate	0.3388961667812475		0.0127650727651	0.987234927235	0.0127650727651	0.20375	0.999958419958	0.20375
BRD-K28456706	0.33942136420780145		0.0125987525988	0.987401247401	0.0125987525988	0.20375	0.999958419958	0.20375
PF-4800567 hydrochloride	0.3460857649559553		0.0101871101871	0.989812889813	0.0101871101871	0.181481481481	0.999958419958	0.181481481481
BRD-K24690302	0.3469002976673623		0.00981288981289	0.990187110187	0.00981288981289	0.181481481481	0.999958419958	0.181481481481
BRD-K52037352	0.34879969774646263		0.00914760914761	0.990852390852	0.00914760914761	0.176	0.999958419958	0.176
BRD-K51490254	0.34898897104260074		0.00910602910603	0.990893970894	0.00910602910603	0.176	0.999958419958	0.176
necrostatin-7	0.3494420939933503		0.00893970893971	0.99106029106	0.00893970893971	0.176	0.999958419958	0.176
compound 1B	0.34963049774244553		0.00881496881497	0.991185031185	0.00881496881497	0.176	0.999958419958	0.176
barasertib	0.350284600052919		0.00873180873181	0.991268191268	0.00873180873181	0.176	0.999958419958	0.176
BRD-K13999467	0.3506267362391607	0.0811660400323866	0.00860706860707	0.991392931393	0.00860706860707	0.176	0.999958419958	0.176
BRD-K26531177	0.35255583054762046	0.06654906735321113	0.00810810810811	0.991891891892	0.00810810810811	0.176	0.999958419958	0.176
isoliquiritigenin	0.3561057989223734	0.11705865229724158	0.00727650727651	0.992723492723	0.00727650727651	0.176	0.999958419958	0.176
vorinostat	0.3576010199895815	0.007916547314980127	0.00681912681913	0.993180873181	0.00681912681913	0.176	0.999958419958	0.176
MLN2480	0.3584374164308935	0.059886944227711764	0.00665280665281	0.993347193347	0.00665280665281	0.176	0.999958419958	0.176
nutlin-3	0.35996809936378743	0.014785276095173475	0.00627858627859	0.993721413721	0.00627858627859	0.176	0.999958419958	0.176
O-6-benzylguanine	0.3602698062400924	0.13667267058825364	0.00627858627859	0.993721413721	0.00627858627859	0.176	0.999958419958	0.176
LBH-589	0.36091362787634684	0.008610415285665075	0.00590436590437	0.994095634096	0.00590436590437	0.176	0.999958419958	0.176
indisulam	0.36191638203952553	0.013648702420354649	0.00573804573805	0.994261954262	0.00573804573805	0.176	0.999958419958	0.176
linsitinib	0.36590185212553067	0.020709455680778914	0.0049896049896	0.99501039501	0.0049896049896	0.176	0.999958419958	0.176
IU1	0.37469815591256533	0.012504137456406064	0.00299376299376	0.997006237006	0.00299376299376	0.144	0.999958419958	0.144
BRD-K99006945	0.3760275249145286	0.04873332962013655	0.00286902286902	0.997130977131	0.00286902286902	0.144	0.999958419958	0.144
GSK-J4	0.3769882771893115	0.02370762545002548	0.00274428274428	0.997255717256	0.00274428274428	0.144	0.999958419958	0.144
PX-12	0.3842055111484431	0.010399702884558227	0.00191268191268	0.998087318087	0.00191268191268	0.131428571429	0.999958419958	0.131428571429
serdemetan	0.39743579045283284	0.009972727976635041	0.000831600831601	0.999168399168	0.000831600831601	0.0666666666667	0.999958419958	0.0666666666667
RITA	0.40410347212137926	0.010578575040732676	0.000582120582121	0.999417879418	0.000582120582121	0.056	0.999958419958	0.056
BRD-K88742110	0.40594609396682585	0.01216925251644712	0.000540540540541	0.999459459459	0.000540540540541	0.056	0.999958419958	0.056
Repligen 136	0.40936214122841147	0.016546873333086288	0.0004158004158	0.999584199584	0.0004158004158	0.056	0.999958419958	0.056
sotrastaurin	0.41173482575209597	0.012630874139674203	0.00037422037422	0.999625779626	0.00037422037422	0.056	0.999958419958	0.056
dabrafenib	0.43618482923561924	0.1150269748581604	4.158004158e-05	0.999958419958	4.158004158e-05	0.02	0.999958419958	0.02
