	score	0.95 moe	p-value (forward)	p-value (reverse)	p-value	fdr (forward)	fdr (reverse)	fdr
linsitinib	-0.6121224825115013	0.020236681772184427	0.999958419958	4.158004158e-05	4.158004158e-05	0.999958419958	0.01	0.01
barasertib	-0.6108953893780711	0.016474843878660526	0.999958419958	4.158004158e-05	4.158004158e-05	0.999958419958	0.01	0.01
belinostat	-0.5971474413394455	0.01816127929038229	0.999875259875	0.00012474012474	0.00012474012474	0.999958419958	0.02	0.02
skepinone-L	-0.5875595176454783	0.019254724828660797	0.999750519751	0.00024948024948	0.00024948024948	0.999958419958	0.02	0.02
serdemetan	-0.5874620204168666	0.016080877306420664	0.999750519751	0.00024948024948	0.00024948024948	0.999958419958	0.02	0.02
indisulam	-0.5849154680352066	0.02420253203645613	0.999750519751	0.00024948024948	0.00024948024948	0.999958419958	0.02	0.02
BRD-K28456706	-0.5651040444543082	0.024160748154007327	0.999334719335	0.000665280665281	0.000665280665281	0.999958419958	0.0457142857143	0.0457142857143
ABT-737	-0.5565724774533842	0.017349450988582878	0.999002079002	0.000997920997921	0.000997920997921	0.999958419958	0.054	0.054
tretinoin	-0.5561512377748504	0.017386825579976697	0.99896049896	0.0010395010395	0.0010395010395	0.999958419958	0.054	0.054
avrainvillamide	-0.5540616701250182	0.02072966829975832	0.998877338877	0.00112266112266	0.00112266112266	0.999958419958	0.054	0.054
cytarabine hydrochloride	-0.5480671475209797	0.014258042377430388	0.998503118503	0.00149688149688	0.00149688149688	0.999958419958	0.0616666666667	0.0616666666667
sotrastaurin	-0.5473707150820242	0.016820525726302105	0.998461538462	0.00153846153846	0.00153846153846	0.999958419958	0.0616666666667	0.0616666666667
PF-4800567 hydrochloride	-0.5415302040110095	0.10462935866584083	0.998045738046	0.00195426195426	0.00195426195426	0.999958419958	0.065	0.065
BRD-K26531177	-0.5396680322021701	0.016651719588910204	0.997920997921	0.002079002079	0.002079002079	0.999958419958	0.065	0.065
chlorambucil	-0.539467100051835	0.0206066063015031	0.997879417879	0.00212058212058	0.00212058212058	0.999958419958	0.065	0.065
ML239	-0.5358808951025538	0.021684290453784883	0.997671517672	0.00232848232848	0.00232848232848	0.999958419958	0.065	0.065
PX-12	-0.5354052319982394	0.015425538444122299	0.997671517672	0.00232848232848	0.00232848232848	0.999958419958	0.065	0.065
Compound 7d-cis	-0.5312676245368532	0.018354816645425633	0.997338877339	0.00266112266112	0.00266112266112	0.999958419958	0.065	0.065
VX-680	-0.529642539686528	0.03222017740557938	0.997297297297	0.0027027027027	0.0027027027027	0.999958419958	0.065	0.065
alisertib	-0.5294253320986088	0.01947429643020069	0.997297297297	0.0027027027027	0.0027027027027	0.999958419958	0.065	0.065
RG-108	-0.5279533092776373		0.997089397089	0.0029106029106	0.0029106029106	0.999958419958	0.0666666666667	0.0666666666667
BRD-K88742110	-0.5247840978359817		0.996673596674	0.0033264033264	0.0033264033264	0.999958419958	0.0727272727273	0.0727272727273
BRD-M00053801	-0.5216344920430351		0.996465696466	0.0035343035343	0.0035343035343	0.999958419958	0.0739130434783	0.0739130434783
LY-2183240	-0.5196405814890172		0.996091476091	0.00390852390852	0.00390852390852	0.999958419958	0.0783333333333	0.0783333333333
epigallocatechin-3-monogallate	-0.5179346556204414		0.995841995842	0.004158004158	0.004158004158	0.999958419958	0.08	0.08
tivantinib	-0.5148404888887242		0.995093555094	0.00490644490644	0.00490644490644	0.999958419958	0.0886666666667	0.0886666666667
SB-225002	-0.5139779804089397		0.994802494802	0.00519750519751	0.00519750519751	0.999958419958	0.0886666666667	0.0886666666667
NSC19630	-0.5122867676528554		0.994594594595	0.00540540540541	0.00540540540541	0.999958419958	0.0886666666667	0.0886666666667
olaparib	-0.510863267815518		0.99446985447	0.00553014553015	0.00553014553015	0.999958419958	0.0886666666667	0.0886666666667
isoliquiritigenin	-0.5104889572918877		0.99446985447	0.00553014553015	0.00553014553015	0.999958419958	0.0886666666667	0.0886666666667
GMX-1778	-0.5089451813215399		0.994137214137	0.00586278586279	0.00586278586279	0.999958419958	0.0909677419355	0.0909677419355
tipifarnib-P1	-0.5064158259846703		0.993555093555	0.00644490644491	0.00644490644491	0.999958419958	0.096875	0.096875
16-beta-bromoandrosterone	-0.5042808138818086		0.992972972973	0.00702702702703	0.00702702702703	0.999958419958	0.102424242424	0.102424242424
tacrolimus	-0.4988814176046267		0.991725571726	0.00827442827443	0.00827442827443	0.999958419958	0.105581395349	0.105581395349
tacedinaline	-0.49863213683052915		0.991683991684	0.00831600831601	0.00831600831601	0.999958419958	0.105581395349	0.105581395349
Compound 1541A	-0.49852299816943096		0.991683991684	0.00831600831601	0.00831600831601	0.999958419958	0.105581395349	0.105581395349
LBH-589	-0.497244970236275		0.99130977131	0.00869022869023	0.00869022869023	0.999958419958	0.105581395349	0.105581395349
BRD-K34485477	-0.49648472063782617		0.991143451143	0.00885654885655	0.00885654885655	0.999958419958	0.105581395349	0.105581395349
BMS-754807	-0.4958108861771154		0.990977130977	0.00902286902287	0.00902286902287	0.999958419958	0.105581395349	0.105581395349
BRD-K92856060	-0.49511415695990224		0.990810810811	0.00918918918919	0.00918918918919	0.999958419958	0.105581395349	0.105581395349
CIL41	-0.49473589641900345		0.990727650728	0.00927234927235	0.00927234927235	0.999958419958	0.105581395349	0.105581395349
teniposide	-0.4941452629681331		0.990602910603	0.00939708939709	0.00939708939709	0.999958419958	0.105581395349	0.105581395349
axitinib	-0.4939896716387523		0.990561330561	0.00943866943867	0.00943866943867	0.999958419958	0.105581395349	0.105581395349
MI-2	-0.4931681871639964		0.99027027027	0.00972972972973	0.00972972972973	0.999958419958	0.106363636364	0.106363636364
ceranib-2	-0.4901471021529868		0.989438669439	0.0105613305613	0.0105613305613	0.999958419958	0.112888888889	0.112888888889
ABT-199	-0.48755971971142575		0.988607068607	0.0113929313929	0.0113929313929	0.999958419958	0.1136	0.1136
vorinostat	-0.4873316648106284		0.988482328482	0.0115176715177	0.0115176715177	0.999958419958	0.1136	0.1136
BRD-K24690302	-0.48697322093137646		0.988399168399	0.0116008316008	0.0116008316008	0.999958419958	0.1136	0.1136
Repligen 136	-0.486796129072046		0.988316008316	0.011683991684	0.011683991684	0.999958419958	0.1136	0.1136
IU1	-0.4866674783042751		0.988191268191	0.0118087318087	0.0118087318087	0.999958419958	0.1136	0.1136
ML050	-0.48540247100808365		0.987567567568	0.0124324324324	0.0124324324324	0.999958419958	0.117254901961	0.117254901961
ISOX	-0.4825525183039777		0.986486486486	0.0135135135135	0.0135135135135	0.999958419958	0.123773584906	0.123773584906
KW-2449	-0.4821110474446424		0.986361746362	0.0136382536383	0.0136382536383	0.999958419958	0.123773584906	0.123773584906
etoposide	-0.4804117749658056		0.985862785863	0.0141372141372	0.0141372141372	0.999958419958	0.124406779661	0.124406779661
SZ4TA2	-0.4794190506216734		0.985446985447	0.014553014553	0.014553014553	0.999958419958	0.124406779661	0.124406779661
KPT185	-0.47760569996007535		0.984864864865	0.0151351351351	0.0151351351351	0.999958419958	0.124406779661	0.124406779661
BRD-K42260513	-0.4771379913938315		0.984823284823	0.0151767151767	0.0151767151767	0.999958419958	0.124406779661	0.124406779661
apicidin	-0.4767543251820661		0.984823284823	0.0151767151767	0.0151767151767	0.999958419958	0.124406779661	0.124406779661
MLN2480	-0.47660877772140586		0.98474012474	0.0152598752599	0.0152598752599	0.999958419958	0.124406779661	0.124406779661
Mdivi-1	-0.4756699136694199		0.9841995842	0.0158004158004	0.0158004158004	0.999958419958	0.125901639344	0.125901639344
BRD-A71883111	-0.47514681242588347		0.984033264033	0.0159667359667	0.0159667359667	0.999958419958	0.125901639344	0.125901639344
tamoxifen	-0.4732116722808084		0.982661122661	0.0173388773389	0.0173388773389	0.999958419958	0.134516129032	0.134516129032
BRD-K02251932	-0.4728373357260252		0.982328482328	0.0176715176715	0.0176715176715	0.999958419958	0.134920634921	0.134920634921
foretinib	-0.4711550873610388		0.981455301455	0.0185446985447	0.0185446985447	0.999958419958	0.138157894737	0.138157894737
istradefylline	-0.47036705217476604		0.98103950104	0.0189604989605	0.0189604989605	0.999958419958	0.138157894737	0.138157894737
mitomycin	-0.4696651643309559		0.980748440748	0.0192515592516	0.0192515592516	0.999958419958	0.138157894737	0.138157894737
BRD-K51490254	-0.4695262138829345		0.980623700624	0.0193762993763	0.0193762993763	0.999958419958	0.138157894737	0.138157894737
GSK461364	-0.4681273313823665		0.979958419958	0.0200415800416	0.0200415800416	0.999958419958	0.138157894737	0.138157894737
BRD-K61166597	-0.4678988671362757		0.979833679834	0.0201663201663	0.0201663201663	0.999958419958	0.138157894737	0.138157894737
tubastatin A	-0.46758326143845425		0.979584199584	0.0204158004158	0.0204158004158	0.999958419958	0.138157894737	0.138157894737
topotecan	-0.4672530403938885		0.979168399168	0.0208316008316	0.0208316008316	0.999958419958	0.138157894737	0.138157894737
BI-2536	-0.46646508467674935		0.978711018711	0.021288981289	0.021288981289	0.999958419958	0.138157894737	0.138157894737
NSC48300	-0.4661757375055086		0.978627858628	0.0213721413721	0.0213721413721	0.999958419958	0.138157894737	0.138157894737
BRD-K11533227	-0.4661261449162977		0.978586278586	0.0214137214137	0.0214137214137	0.999958419958	0.138157894737	0.138157894737
BRD1835	-0.46593748963921783		0.978378378378	0.0216216216216	0.0216216216216	0.999958419958	0.138157894737	0.138157894737
LRRK2-IN-1	-0.46550211360171		0.97817047817	0.0218295218295	0.0218295218295	0.999958419958	0.138157894737	0.138157894737
CIL70	-0.4647952622233982		0.977671517672	0.0223284823285	0.0223284823285	0.999958419958	0.138974358974	0.138974358974
BRD6340	-0.46453213113546565		0.977463617464	0.0225363825364	0.0225363825364	0.999958419958	0.138974358974	0.138974358974
BRD-A86708339	-0.46410514662062075		0.977006237006	0.0229937629938	0.0229937629938	0.999958419958	0.14	0.14
vincristine	-0.46310711867140747		0.976424116424	0.0235758835759	0.0235758835759	0.999958419958	0.140892857143	0.140892857143
BMS-195614	-0.4628350559925901		0.976216216216	0.0237837837838	0.0237837837838	0.999958419958	0.140892857143	0.140892857143
necrostatin-7	-0.4619340957382488		0.975384615385	0.0246153846154	0.0246153846154	0.999958419958	0.140892857143	0.140892857143
BRD-K01737880	-0.46042466468776183		0.97446985447	0.0255301455301	0.0255301455301	0.999958419958	0.140892857143	0.140892857143
necrosulfonamide	-0.46037430449794786		0.974345114345	0.0256548856549	0.0256548856549	0.999958419958	0.140892857143	0.140892857143
BRD-K90370028	-0.45945287104305144		0.973929313929	0.0260706860707	0.0260706860707	0.999958419958	0.140892857143	0.140892857143
ELCPK	-0.4587726158978153		0.973347193347	0.0266528066528	0.0266528066528	0.999958419958	0.140892857143	0.140892857143
BMS-270394	-0.45875089095825705		0.973305613306	0.0266943866944	0.0266943866944	0.999958419958	0.140892857143	0.140892857143
KX2-391	-0.45757159517712276		0.972058212058	0.0279417879418	0.0279417879418	0.999958419958	0.140892857143	0.140892857143
AZD1480	-0.45681341285686433		0.971559251559	0.0284407484407	0.0284407484407	0.999958419958	0.140892857143	0.140892857143
isoevodiamine	-0.456736388336163		0.971434511435	0.0285654885655	0.0285654885655	0.999958419958	0.140892857143	0.140892857143
BRD-K34099515	-0.45624319697018034		0.971268191268	0.0287318087318	0.0287318087318	0.999958419958	0.140892857143	0.140892857143
darinaparsin	-0.4561586797603114		0.971185031185	0.028814968815	0.028814968815	0.999958419958	0.140892857143	0.140892857143
BRD-K70511574	-0.45569723954217195		0.970893970894	0.029106029106	0.029106029106	0.999958419958	0.140892857143	0.140892857143
bexarotene	-0.4553527468171249		0.970478170478	0.0295218295218	0.0295218295218	0.999958419958	0.140892857143	0.140892857143
SN-38	-0.4550547004192935		0.970187110187	0.0298128898129	0.0298128898129	0.999958419958	0.140892857143	0.140892857143
parbendazole	-0.45451677860389583		0.969812889813	0.0301871101871	0.0301871101871	0.999958419958	0.140892857143	0.140892857143
GW-843682X	-0.4541237414143		0.969646569647	0.0303534303534	0.0303534303534	0.999958419958	0.140892857143	0.140892857143
FQI-2	-0.4540762374372351		0.969604989605	0.030395010395	0.030395010395	0.999958419958	0.140892857143	0.140892857143
doxorubicin	-0.4539600157196983		0.969604989605	0.030395010395	0.030395010395	0.999958419958	0.140892857143	0.140892857143
navitoclax	-0.4537302089285802		0.969397089397	0.0306029106029	0.0306029106029	0.999958419958	0.140892857143	0.140892857143
XL765	-0.4534554248370379		0.968981288981	0.0310187110187	0.0310187110187	0.999958419958	0.140892857143	0.140892857143
BRD-K13999467	-0.45336392792470137		0.96893970894	0.0310602910603	0.0310602910603	0.999958419958	0.140892857143	0.140892857143
FSC231	-0.45291882219616697		0.968607068607	0.0313929313929	0.0313929313929	0.999958419958	0.140892857143	0.140892857143
BRD-A94377914	-0.45287503743262114		0.968565488565	0.0314345114345	0.0314345114345	0.999958419958	0.140892857143	0.140892857143
Compound 23 citrate	-0.45271842000021184		0.968482328482	0.0315176715177	0.0315176715177	0.999958419958	0.140892857143	0.140892857143
BRD-K41597374	-0.45271391442210973		0.968482328482	0.0315176715177	0.0315176715177	0.999958419958	0.140892857143	0.140892857143
BIBR-1532	-0.4525559022229922		0.968316008316	0.031683991684	0.031683991684	0.999958419958	0.140892857143	0.140892857143
MG-132	-0.4518439437136337		0.967775467775	0.0322245322245	0.0322245322245	0.999958419958	0.140892857143	0.140892857143
lenvatinib	-0.4516735027805386		0.967567567568	0.0324324324324	0.0324324324324	0.999958419958	0.140892857143	0.140892857143
BRD-K51831558	-0.45147183663645124		0.967401247401	0.0325987525988	0.0325987525988	0.999958419958	0.140892857143	0.140892857143
pifithrin-mu	-0.4513566860144456		0.96735966736	0.0326403326403	0.0326403326403	0.999958419958	0.140892857143	0.140892857143
STF-31	-0.4510640685901982		0.967193347193	0.0328066528067	0.0328066528067	0.999958419958	0.140892857143	0.140892857143
MGCD-265	-0.45047467138002717		0.966694386694	0.0333056133056	0.0333056133056	0.999958419958	0.141769911504	0.141769911504
NSC23766	-0.4493196327646423		0.96553014553	0.0344698544699	0.0344698544699	0.999958419958	0.141774193548	0.141774193548
omacetaxine mepesuccinate	-0.4490678210156768		0.965114345114	0.0348856548857	0.0348856548857	0.999958419958	0.141774193548	0.141774193548
PDMP	-0.44880376078532275		0.965031185031	0.0349688149688	0.0349688149688	0.999958419958	0.141774193548	0.141774193548
NVP-ADW742	-0.4482666236528855		0.964615384615	0.0353846153846	0.0353846153846	0.999958419958	0.141774193548	0.141774193548
BRD-K44224150	-0.44814459309395627		0.964615384615	0.0353846153846	0.0353846153846	0.999958419958	0.141774193548	0.141774193548
PF-184	-0.4477463320306638		0.964282744283	0.0357172557173	0.0357172557173	0.999958419958	0.141774193548	0.141774193548
ML203	-0.44774573295228604		0.964282744283	0.0357172557173	0.0357172557173	0.999958419958	0.141774193548	0.141774193548
PF-3758309	-0.44753865636132656		0.9641995842	0.0358004158004	0.0358004158004	0.999958419958	0.141774193548	0.141774193548
NSC95397	-0.44744637818276783		0.964033264033	0.0359667359667	0.0359667359667	0.999958419958	0.141774193548	0.141774193548
elocalcitol	-0.4468860691807515		0.963617463617	0.0363825363825	0.0363825363825	0.999958419958	0.141774193548	0.141774193548
BRD-K34222889	-0.4464967306303537		0.963451143451	0.0365488565489	0.0365488565489	0.999958419958	0.141774193548	0.141774193548
ML311	-0.445446855144048		0.962494802495	0.0375051975052	0.0375051975052	0.999958419958	0.14390625	0.14390625
crizotinib	-0.44508314577718505		0.962120582121	0.0378794178794	0.0378794178794	0.999958419958	0.14390625	0.14390625
PL-DI	-0.4446472400058537		0.961871101871	0.0381288981289	0.0381288981289	0.999958419958	0.14390625	0.14390625
BRD-K29313308	-0.4444579989415977		0.961704781705	0.0382952182952	0.0382952182952	0.999958419958	0.14390625	0.14390625
BRD1812	-0.44304778990867705		0.960457380457	0.0395426195426	0.0395426195426	0.999958419958	0.147441860465	0.147441860465
968	-0.4414788430850323		0.958794178794	0.0412058212058	0.0412058212058	0.999958419958	0.151603053435	0.151603053435
BIX-01294	-0.4413614200088266		0.958711018711	0.041288981289	0.041288981289	0.999958419958	0.151603053435	0.151603053435
necrostatin-1	-0.44053837082125225		0.957671517672	0.0423284823285	0.0423284823285	0.999958419958	0.154242424242	0.154242424242
fingolimod	-0.4390580692345137		0.956008316008	0.0439916839917	0.0439916839917	0.999958419958	0.158805970149	0.158805970149
ML029	-0.43878006881318504		0.955758835759	0.0442411642412	0.0442411642412	0.999958419958	0.158805970149	0.158805970149
cucurbitacin I	-0.4379227455095602		0.954760914761	0.0452390852391	0.0452390852391	0.999958419958	0.160147058824	0.160147058824
RITA	-0.43784965568339695		0.954719334719	0.0452806652807	0.0452806652807	0.999958419958	0.160147058824	0.160147058824
RO4929097	-0.4369280736757252		0.953305613306	0.0466943866944	0.0466943866944	0.999958419958	0.163623188406	0.163623188406
sitagliptin	-0.43670770282943394		0.953056133056	0.0469438669439	0.0469438669439	0.999958419958	0.163623188406	0.163623188406
BRD-K80183349	-0.4363079355516685		0.952390852391	0.0476091476091	0.0476091476091	0.999958419958	0.163714285714	0.163714285714
AT-406	-0.43623444040662873		0.952349272349	0.0476507276507	0.0476507276507	0.999958419958	0.163714285714	0.163714285714
CAY10618	-0.4348398559893725		0.950727650728	0.0492723492723	0.0492723492723	0.999958419958	0.167083333333	0.167083333333
triazolothiadiazine	-0.4346187402128127		0.95051975052	0.0494802494802	0.0494802494802	0.999958419958	0.167083333333	0.167083333333
zebularine	-0.43428504912314964		0.95027027027	0.0497297297297	0.0497297297297	0.999958419958	0.167083333333	0.167083333333
CHM-1	-0.4340513378485237		0.949979209979	0.0500207900208	0.0500207900208	0.999958419958	0.167083333333	0.167083333333
gemcitabine	-0.43305612277919076		0.94893970894	0.0510602910603	0.0510602910603	0.999958419958	0.168904109589	0.168904109589
NVP-TAE684	-0.43286219542549836		0.948731808732	0.0512681912682	0.0512681912682	0.999958419958	0.168904109589	0.168904109589
tipifarnib-P2	-0.43213165587425434		0.948024948025	0.0519750519751	0.0519750519751	0.999958419958	0.170068027211	0.170068027211
BRD-K19103580	-0.43127184383850375		0.946819126819	0.0531808731809	0.0531808731809	0.999958419958	0.17137254902	0.17137254902
MST-312	-0.43101231691940883		0.946444906445	0.0535550935551	0.0535550935551	0.999958419958	0.17137254902	0.17137254902
daporinad	-0.43100167205119994		0.946403326403	0.0535966735967	0.0535966735967	0.999958419958	0.17137254902	0.17137254902
cerulenin	-0.4307280556355636		0.945945945946	0.0540540540541	0.0540540540541	0.999958419958	0.17137254902	0.17137254902
BRD-K35604418	-0.4304208007136916		0.945613305613	0.0543866943867	0.0543866943867	0.999958419958	0.17137254902	0.17137254902
AZD4547	-0.43034357050097216		0.945488565489	0.0545114345114	0.0545114345114	0.999958419958	0.17137254902	0.17137254902
decitabine	-0.42930864312504574		0.943534303534	0.0564656964657	0.0564656964657	0.999958419958	0.176363636364	0.176363636364
FQI-1	-0.42838919166834255		0.94237006237	0.0576299376299	0.0576299376299	0.999958419958	0.177948717949	0.177948717949
neuronal differentiation inducer III	-0.42835194605115673		0.942286902287	0.0577130977131	0.0577130977131	0.999958419958	0.177948717949	0.177948717949
GSK-J4	-0.42705955731846945		0.940166320166	0.0598336798337	0.0598336798337	0.999958419958	0.18213836478	0.18213836478
cimetidine	-0.4268832851556826		0.940124740125	0.0598752598753	0.0598752598753	0.999958419958	0.18213836478	0.18213836478
dinaciclib	-0.4266704290858504		0.939792099792	0.0602079002079	0.0602079002079	0.999958419958	0.18213836478	0.18213836478
entinostat	-0.42639411419332857		0.939376299376	0.0606237006237	0.0606237006237	0.999958419958	0.18225	0.18225
JW-74	-0.42590594183963804		0.93841995842	0.06158004158	0.06158004158	0.999958419958	0.183435582822	0.183435582822
YK 4-279	-0.42564868144584916		0.938045738046	0.0619542619543	0.0619542619543	0.999958419958	0.183435582822	0.183435582822
NSC632839	-0.42556271370572335		0.937837837838	0.0621621621622	0.0621621621622	0.999958419958	0.183435582822	0.183435582822
Merck60	-0.4243573074915777		0.936216216216	0.0637837837838	0.0637837837838	0.999958419958	0.18578313253	0.18578313253
manumycin A	-0.4243489987137614		0.936216216216	0.0637837837838	0.0637837837838	0.999958419958	0.18578313253	0.18578313253
MK-2206	-0.42408970600360596		0.935883575884	0.0641164241164	0.0641164241164	0.999958419958	0.18578313253	0.18578313253
ETP-46464	-0.4227792853106957		0.934012474012	0.0659875259875	0.0659875259875	0.999958419958	0.189047619048	0.189047619048
Ki8751	-0.4227033287916384		0.933970893971	0.0660291060291	0.0660291060291	0.999958419958	0.189047619048	0.189047619048
rigosertib	-0.4217671218309016		0.932515592516	0.0674844074844	0.0674844074844	0.999958419958	0.192071005917	0.192071005917
JW-55	-0.42061018553124335		0.930353430353	0.0696465696466	0.0696465696466	0.999958419958	0.197058823529	0.197058823529
NSC 74859	-0.4195516832551482		0.928898128898	0.0711018711019	0.0711018711019	0.999958419958	0.2	0.2
BYL-719	-0.4188753893012283		0.927775467775	0.0722245322245	0.0722245322245	0.999958419958	0.201976744186	0.201976744186
alvocidib	-0.41673891020507736		0.924158004158	0.075841995842	0.075841995842	0.999958419958	0.208863636364	0.208863636364
brivanib	-0.41663635839791807		0.924116424116	0.0758835758836	0.0758835758836	0.999958419958	0.208863636364	0.208863636364
SCH-79797	-0.41652758972407505		0.923825363825	0.0761746361746	0.0761746361746	0.999958419958	0.208863636364	0.208863636364
TG-100-115	-0.41640604209952026		0.923575883576	0.0764241164241	0.0764241164241	0.999958419958	0.208863636364	0.208863636364
QS-11	-0.41522614353092635		0.921787941788	0.0782120582121	0.0782120582121	0.999958419958	0.211413043478	0.211413043478
pazopanib	-0.41510458787571475		0.921496881497	0.0785031185031	0.0785031185031	0.999958419958	0.211413043478	0.211413043478
AC55649	-0.4146680734737543		0.920956340956	0.0790436590437	0.0790436590437	0.999958419958	0.211413043478	0.211413043478
BRD-K66453893	-0.4144647772109749		0.920166320166	0.0798336798337	0.0798336798337	0.999958419958	0.211413043478	0.211413043478
ciclopirox	-0.4144068745595161		0.920124740125	0.0798752598753	0.0798752598753	0.999958419958	0.211413043478	0.211413043478
docetaxel	-0.41383365154211027		0.919293139293	0.0807068607069	0.0807068607069	0.999958419958	0.211413043478	0.211413043478
PRIMA-1	-0.4138034847290637		0.91920997921	0.08079002079	0.08079002079	0.999958419958	0.211413043478	0.211413043478
ML031	-0.4137719047709466		0.919126819127	0.0808731808732	0.0808731808732	0.999958419958	0.211413043478	0.211413043478
itraconazole	-0.4129431968955736		0.917214137214	0.0827858627859	0.0827858627859	0.999958419958	0.215243243243	0.215243243243
BRD-K85133207	-0.41264197498517113		0.916715176715	0.0832848232848	0.0832848232848	0.999958419958	0.215376344086	0.215376344086
SB-525334	-0.412079123612584		0.915467775468	0.0845322245322	0.0845322245322	0.999958419958	0.21743315508	0.21743315508
OSI-930	-0.41169711045181945		0.91501039501	0.0849896049896	0.0849896049896	0.999958419958	0.217446808511	0.217446808511
hyperforin	-0.41067427620675695		0.912931392931	0.0870686070686	0.0870686070686	0.999958419958	0.220104712042	0.220104712042
nilotinib	-0.4104853844632314		0.912681912682	0.0873180873181	0.0873180873181	0.999958419958	0.220104712042	0.220104712042
imatinib	-0.4103830304006306		0.912598752599	0.0874012474012	0.0874012474012	0.999958419958	0.220104712042	0.220104712042
BRD-K02492147	-0.40993622591603		0.911683991684	0.088316008316	0.088316008316	0.999958419958	0.22125	0.22125
HLI 373	-0.40881761915587334		0.909521829522	0.0904781704782	0.0904781704782	0.999958419958	0.224432989691	0.224432989691
QW-BI-011	-0.40877743298825775		0.90948024948	0.0905197505198	0.0905197505198	0.999958419958	0.224432989691	0.224432989691
FGIN-1-27	-0.40812295549402217		0.908357588358	0.0916424116424	0.0916424116424	0.999958419958	0.225	0.225
nakiterpiosin	-0.4080224041426584		0.908316008316	0.091683991684	0.091683991684	0.999958419958	0.225	0.225
PAC-1	-0.4070198961043692		0.906486486486	0.0935135135135	0.0935135135135	0.999958419958	0.228324873096	0.228324873096
SKI-II	-0.4063129560764726		0.905155925156	0.0948440748441	0.0948440748441	0.999958419958	0.229648241206	0.229648241206
UNC0638	-0.4062543735744056		0.90498960499	0.0950103950104	0.0950103950104	0.999958419958	0.229648241206	0.229648241206
sorafenib	-0.40569546017437946		0.903617463617	0.0963825363825	0.0963825363825	0.999958419958	0.2318	0.2318
SU11274	-0.4048744384934247		0.90237006237	0.0976299376299	0.0976299376299	0.999958419958	0.233631840796	0.233631840796
PHA-793887	-0.404336249580152		0.901164241164	0.0988357588358	0.0988357588358	0.999958419958	0.235346534653	0.235346534653
piperlongumine	-0.4035628055437235		0.899667359667	0.100332640333	0.100332640333	0.999958419958	0.237647058824	0.237647058824
trifluoperazine	-0.40331045897471696		0.89920997921	0.10079002079	0.10079002079	0.999958419958	0.237647058824	0.237647058824
neopeltolide	-0.4012018383824141		0.895467775468	0.104532224532	0.104532224532	0.999958419958	0.244757281553	0.244757281553
pandacostat	-0.4009987225764534		0.895176715177	0.104823284823	0.104823284823	0.999958419958	0.244757281553	0.244757281553
SR-II-138A	-0.4004016240992531		0.894054054054	0.105945945946	0.105945945946	0.999958419958	0.246183574879	0.246183574879
CD-437	-0.39929379831078315		0.892765072765	0.107234927235	0.107234927235	0.999958419958	0.247980769231	0.247980769231
NVP-231	-0.39823953652063604		0.890852390852	0.109147609148	0.109147609148	0.999958419958	0.251196172249	0.251196172249
CCT036477	-0.39762107619486015		0.889355509356	0.110644490644	0.110644490644	0.999958419958	0.253428571429	0.253428571429
curcumin	-0.3972322196128223		0.888523908524	0.111476091476	0.111476091476	0.999958419958	0.254123222749	0.254123222749
I-BET151	-0.3966762242137074		0.887193347193	0.112806652807	0.112806652807	0.999958419958	0.254604651163	0.254604651163
methylstat	-0.3962229038513556		0.886652806653	0.113347193347	0.113347193347	0.999958419958	0.254604651163	0.254604651163
lomeguatrib	-0.39595300734633093		0.886237006237	0.113762993763	0.113762993763	0.999958419958	0.254604651163	0.254604651163
nutlin-3	-0.3959067769852755		0.886195426195	0.113804573805	0.113804573805	0.999958419958	0.254604651163	0.254604651163
narciclasine	-0.3948511660627552		0.884241164241	0.115758835759	0.115758835759	0.999958419958	0.257247706422	0.257247706422
B02	-0.3944733192506655		0.883534303534	0.116465696466	0.116465696466	0.999958419958	0.257247706422	0.257247706422
ouabain	-0.39442299780700485		0.88340956341	0.11659043659	0.11659043659	0.999958419958	0.257247706422	0.257247706422
gossypol	-0.3941054508079604		0.882744282744	0.117255717256	0.117255717256	0.999958419958	0.257534246575	0.257534246575
Bax channel blocker	-0.3930667101548524		0.880582120582	0.119417879418	0.119417879418	0.999958419958	0.25963963964	0.25963963964
BRD-K66532283	-0.39302979569262897		0.880540540541	0.119459459459	0.119459459459	0.999958419958	0.25963963964	0.25963963964
tandutinib	-0.39283045221276663		0.880166320166	0.119833679834	0.119833679834	0.999958419958	0.25963963964	0.25963963964
NVP-BEZ235	-0.3920976916035791		0.878461538462	0.121538461538	0.121538461538	0.999958419958	0.262152466368	0.262152466368
dacarbazine	-0.39183758931617874		0.87762993763	0.12237006237	0.12237006237	0.999958419958	0.262767857143	0.262767857143
PF-573228	-0.39114319926492475		0.876133056133	0.123866943867	0.123866943867	0.999958419958	0.2648	0.2648
phloretin	-0.3906810694159591		0.875176715177	0.124823284823	0.124823284823	0.999958419958	0.265663716814	0.265663716814
temsirolimus	-0.39024787071040573		0.874594594595	0.125405405405	0.125405405405	0.999958419958	0.265726872247	0.265726872247
linifanib	-0.3886568932477629		0.871559251559	0.128440748441	0.128440748441	0.999958419958	0.270480349345	0.270480349345
HC-067047	-0.3885721540528395		0.871226611227	0.128773388773	0.128773388773	0.999958419958	0.270480349345	0.270480349345
Ch-55	-0.3878922482149701		0.869979209979	0.130020790021	0.130020790021	0.999958419958	0.271255411255	0.271255411255
N9-isopropylolomoucine	-0.3876451417237715		0.86972972973	0.13027027027	0.13027027027	0.999958419958	0.271255411255	0.271255411255
bardoxolone methyl	-0.3872695726636865		0.868898128898	0.131101871102	0.131101871102	0.999958419958	0.271810344828	0.271810344828
sildenafil	-0.38676243887881057		0.867609147609	0.132390852391	0.132390852391	0.999958419958	0.272881355932	0.272881355932
KU-0063794	-0.3866428480264676		0.867193347193	0.132806652807	0.132806652807	0.999958419958	0.272881355932	0.272881355932
BRD-K04800985	-0.386149708740737		0.86632016632	0.13367983368	0.13367983368	0.999958419958	0.272881355932	0.272881355932
marinopyrrole A	-0.3860945514147341		0.866112266112	0.133887733888	0.133887733888	0.999958419958	0.272881355932	0.272881355932
Ko-143	-0.3851831350180658		0.8641995842	0.1358004158	0.1358004158	0.999958419958	0.273807531381	0.273807531381
PI-103	-0.38505453452122373		0.86395010395	0.13604989605	0.13604989605	0.999958419958	0.273807531381	0.273807531381
PF-750	-0.3850282580588178		0.86395010395	0.13604989605	0.13604989605	0.999958419958	0.273807531381	0.273807531381
isonicotinohydroxamic acid	-0.3843730395530224		0.86261954262	0.13738045738	0.13738045738	0.999958419958	0.275333333333	0.275333333333
CR-1-31B	-0.3835744869818319		0.860873180873	0.139126819127	0.139126819127	0.999958419958	0.277520661157	0.277520661157
ML162	-0.38327809034980975		0.860374220374	0.139625779626	0.139625779626	0.999958419958	0.277520661157	0.277520661157
clofarabine	-0.3819535924233585		0.857713097713	0.142286902287	0.142286902287	0.999958419958	0.281639344262	0.281639344262
BRD-K96431673	-0.3816807780967137		0.857130977131	0.142869022869	0.142869022869	0.999958419958	0.281639344262	0.281639344262
pitstop2	-0.38080012059292395		0.855758835759	0.144241164241	0.144241164241	0.999958419958	0.283183673469	0.283183673469
HBX-41108	-0.3803776195237976		0.85501039501	0.14498960499	0.14498960499	0.999958419958	0.283495934959	0.283495934959
bendamustine	-0.3796725405795264		0.853513513514	0.146486486486	0.146486486486	0.999958419958	0.285176470588	0.285176470588
TPCA-1	-0.3787821584836163		0.851725571726	0.148274428274	0.148274428274	0.999958419958	0.285176470588	0.285176470588
leptomycin B	-0.37861725737549073		0.851434511435	0.148565488565	0.148565488565	0.999958419958	0.285176470588	0.285176470588
azacitidine	-0.37857668375835346		0.85130977131	0.14869022869	0.14869022869	0.999958419958	0.285176470588	0.285176470588
BMS-536924	-0.37782760168917845		0.849438669439	0.150561330561	0.150561330561	0.999958419958	0.285176470588	0.285176470588
cediranib	-0.37777935869666956		0.849313929314	0.150686070686	0.150686070686	0.999958419958	0.285176470588	0.285176470588
KU-55933	-0.3775257415985506		0.848898128898	0.151101871102	0.151101871102	0.999958419958	0.285176470588	0.285176470588
TW-37	-0.3775004997531095		0.848814968815	0.151185031185	0.151185031185	0.999958419958	0.285176470588	0.285176470588
PYR-41	-0.3774887174775863		0.848814968815	0.151185031185	0.151185031185	0.999958419958	0.285176470588	0.285176470588
regorafenib	-0.37699982864576403		0.847775467775	0.152224532225	0.152224532225	0.999958419958	0.285758754864	0.285758754864
BIRB-796	-0.37680617962924007		0.847318087318	0.152681912682	0.152681912682	0.999958419958	0.285758754864	0.285758754864
JQ-1	-0.37532826530080804		0.844074844075	0.155925155925	0.155925155925	0.999958419958	0.289848484848	0.289848484848
SCH-529074	-0.37527402707228374		0.843908523909	0.156091476091	0.156091476091	0.999958419958	0.289848484848	0.289848484848
tivozanib	-0.3743746891110978		0.842037422037	0.157962577963	0.157962577963	0.999958419958	0.289848484848	0.289848484848
PF-543	-0.3741811825034956		0.841704781705	0.158295218295	0.158295218295	0.999958419958	0.289848484848	0.289848484848
purmorphamine	-0.37416911588185553		0.841663201663	0.158336798337	0.158336798337	0.999958419958	0.289848484848	0.289848484848
AM-580	-0.3740233201327415		0.841122661123	0.158877338877	0.158877338877	0.999958419958	0.289848484848	0.289848484848
MK-1775	-0.37382637630375126		0.840914760915	0.159085239085	0.159085239085	0.999958419958	0.289848484848	0.289848484848
SMER-3	-0.3729040259585682		0.838752598753	0.161247401247	0.161247401247	0.999958419958	0.292679245283	0.292679245283
thalidomide	-0.3715256099156826		0.835841995842	0.164158004158	0.164158004158	0.999958419958	0.293790613718	0.293790613718
GSK525762A	-0.37131999109635533		0.835301455301	0.164698544699	0.164698544699	0.999958419958	0.293790613718	0.293790613718
erastin	-0.3709831973186213		0.834511434511	0.165488565489	0.165488565489	0.999958419958	0.293790613718	0.293790613718
3-Cl-AHPC	-0.3708389201215749		0.834261954262	0.165738045738	0.165738045738	0.999958419958	0.293790613718	0.293790613718
NSC30930	-0.3706172548325786		0.833929313929	0.166070686071	0.166070686071	0.999958419958	0.293790613718	0.293790613718
AA-COCF3	-0.37051931094575624		0.83367983368	0.16632016632	0.16632016632	0.999958419958	0.293790613718	0.293790613718
NPC-26	-0.37024406840132246		0.832806652807	0.167193347193	0.167193347193	0.999958419958	0.293790613718	0.293790613718
BRD8899	-0.37023823436796954		0.832806652807	0.167193347193	0.167193347193	0.999958419958	0.293790613718	0.293790613718
parthenolide	-0.37003177978087326		0.832474012474	0.167525987526	0.167525987526	0.999958419958	0.293790613718	0.293790613718
SB-743921	-0.36977898375511054		0.832016632017	0.167983367983	0.167983367983	0.999958419958	0.293790613718	0.293790613718
DBeQ	-0.369204057567947		0.830852390852	0.169147609148	0.169147609148	0.999958419958	0.293790613718	0.293790613718
AZ-3146	-0.3691651975585644		0.830810810811	0.169189189189	0.169189189189	0.999958419958	0.293790613718	0.293790613718
paclitaxel	-0.368741330392648		0.829937629938	0.170062370062	0.170062370062	0.999958419958	0.294244604317	0.294244604317
sunitinib	-0.36792920750517627		0.828024948025	0.171975051975	0.171975051975	0.999958419958	0.296487455197	0.296487455197
prochlorperazine	-0.36725871529721166		0.825945945946	0.174054054054	0.174054054054	0.999958419958	0.299	0.299
obatoclax	-0.3663446026641234		0.824241164241	0.175758835759	0.175758835759	0.999958419958	0.300854092527	0.300854092527
ibrutinib	-0.3655804602932051		0.822744282744	0.177255717256	0.177255717256	0.999958419958	0.302340425532	0.302340425532
OSI-027	-0.3641226498592242		0.819293139293	0.180706860707	0.180706860707	0.999958419958	0.307137809187	0.307137809187
ML006	-0.3628405635878512		0.816216216216	0.183783783784	0.183783783784	0.999958419958	0.311267605634	0.311267605634
AT7867	-0.3624551665201943		0.815176715177	0.184823284823	0.184823284823	0.999958419958	0.311929824561	0.311929824561
BRD-K37390332	-0.3616873980475304		0.813347193347	0.186652806653	0.186652806653	0.999958419958	0.313916083916	0.313916083916
AGK-2	-0.35938498849979755		0.806985446985	0.193014553015	0.193014553015	0.999958419958	0.323484320557	0.323484320557
CIL56	-0.35907007494477106		0.80577962578	0.19422037422	0.19422037422	0.999958419958	0.324375	0.324375
SRT-1720	-0.35851941734377035		0.804823284823	0.195176715177	0.195176715177	0.999958419958	0.324844290657	0.324844290657
nintedanib	-0.3578332747331479		0.803201663202	0.196798336798	0.196798336798	0.999958419958	0.326413793103	0.326413793103
sirolimus	-0.3561584961470635		0.798794178794	0.201205821206	0.201205821206	0.999958419958	0.332577319588	0.332577319588
oligomycin A	-0.3535743302095606		0.793264033264	0.206735966736	0.206735966736	0.999958419958	0.3364	0.3364
StemRegenin 1	-0.3535495288194004		0.793264033264	0.206735966736	0.206735966736	0.999958419958	0.3364	0.3364
RAF265	-0.3534227932178734		0.792806652807	0.207193347193	0.207193347193	0.999958419958	0.3364	0.3364
pevonedistat	-0.35335514670046514		0.792557172557	0.207442827443	0.207442827443	0.999958419958	0.3364	0.3364
KHS101	-0.35321281457978576		0.792141372141	0.207858627859	0.207858627859	0.999958419958	0.3364	0.3364
AZD7545	-0.35280368216704183		0.791018711019	0.208981288981	0.208981288981	0.999958419958	0.3364	0.3364
BRD-K45681478	-0.3527478807155462		0.790852390852	0.209147609148	0.209147609148	0.999958419958	0.3364	0.3364
momelotinib	-0.35270723811675214		0.790769230769	0.209230769231	0.209230769231	0.999958419958	0.3364	0.3364
PRL-3 inhibitor I	-0.3524724275200607		0.790187110187	0.209812889813	0.209812889813	0.999958419958	0.3364	0.3364
GW-405833	-0.35187580593716655		0.788565488565	0.211434511435	0.211434511435	0.999958419958	0.337623762376	0.337623762376
cyanoquinoline 11	-0.3512863913414798		0.787567567568	0.212432432432	0.212432432432	0.999958419958	0.337623762376	0.337623762376
CD-1530	-0.35116444825189685		0.787318087318	0.212681912682	0.212681912682	0.999958419958	0.337623762376	0.337623762376
AT13387	-0.35075343727999203		0.786403326403	0.213596673597	0.213596673597	0.999958419958	0.337960526316	0.337960526316
triptolide	-0.34947640376786776		0.783367983368	0.216632016632	0.216632016632	0.999958419958	0.339935064935	0.339935064935
GDC-0941	-0.34933963255933265		0.783076923077	0.216923076923	0.216923076923	0.999958419958	0.339935064935	0.339935064935
pifithrin-alpha	-0.3491396103957565		0.782411642412	0.217588357588	0.217588357588	0.999958419958	0.339935064935	0.339935064935
niclosamide	-0.3490588754108523		0.782328482328	0.217671517672	0.217671517672	0.999958419958	0.339935064935	0.339935064935
importazole	-0.3475592973097313		0.778128898129	0.221871101871	0.221871101871	0.999958419958	0.344258064516	0.344258064516
BMS-345541	-0.34754247632699525		0.778128898129	0.221871101871	0.221871101871	0.999958419958	0.344258064516	0.344258064516
ML312	-0.34697064956857415		0.776507276507	0.223492723493	0.223492723493	0.999958419958	0.344380952381	0.344380952381
A-804598	-0.3469524883630635		0.776465696466	0.223534303534	0.223534303534	0.999958419958	0.344380952381	0.344380952381
valdecoxib	-0.346522966982602		0.775592515593	0.224407484407	0.224407484407	0.999958419958	0.344380952381	0.344380952381
BRD-K78574327	-0.346333713883821		0.774968814969	0.225031185031	0.225031185031	0.999958419958	0.344380952381	0.344380952381
KU-60019	-0.3460633058595548		0.77446985447	0.22553014553	0.22553014553	0.999958419958	0.344380952381	0.344380952381
BRD-K64610608	-0.3452190808138428		0.772515592516	0.227484407484	0.227484407484	0.999958419958	0.346265822785	0.346265822785
BRD-K30019337	-0.34470190523825617		0.771143451143	0.228856548857	0.228856548857	0.999958419958	0.347255520505	0.347255520505
tigecycline	-0.3434273652563826		0.76656964657	0.23343035343	0.23343035343	0.999958419958	0.351588785047	0.351588785047
ciclosporin	-0.34337310276092825		0.766403326403	0.233596673597	0.233596673597	0.999958419958	0.351588785047	0.351588785047
R428	-0.3429039817180462		0.765363825364	0.234636174636	0.234636174636	0.999958419958	0.351588785047	0.351588785047
semagacestat	-0.342903452116168		0.765363825364	0.234636174636	0.234636174636	0.999958419958	0.351588785047	0.351588785047
GSK-3 inhibitor IX	-0.342251975210303		0.763492723493	0.236507276507	0.236507276507	0.999958419958	0.353291925466	0.353291925466
masitinib	-0.34120491983606965		0.760332640333	0.239667359667	0.239667359667	0.999958419958	0.356904024768	0.356904024768
brefeldin A	-0.34035714889187096		0.757796257796	0.242203742204	0.242203742204	0.999958419958	0.359384615385	0.359384615385
BRD-K30748066	-0.34009746754430464		0.757172557173	0.242827442827	0.242827442827	0.999958419958	0.359384615385	0.359384615385
CIL55A	-0.33691465676602456		0.747650727651	0.252349272349	0.252349272349	0.999958419958	0.370119760479	0.370119760479
WP1130	-0.33615794537253296		0.745654885655	0.254345114345	0.254345114345	0.999958419958	0.370119760479	0.370119760479
tosedostat	-0.3359909216552132		0.745322245322	0.254677754678	0.254677754678	0.999958419958	0.370119760479	0.370119760479
palmostatin B	-0.33587460566391264		0.745031185031	0.254968814969	0.254968814969	0.999958419958	0.370119760479	0.370119760479
SID 26681509	-0.3357864492132735		0.744656964657	0.255343035343	0.255343035343	0.999958419958	0.370119760479	0.370119760479
fluorouracil	-0.3356828925542151		0.744407484407	0.255592515593	0.255592515593	0.999958419958	0.370119760479	0.370119760479
GSK1059615	-0.33546111104007265		0.743991683992	0.256008316008	0.256008316008	0.999958419958	0.370119760479	0.370119760479
GANT-61	-0.3352126584752901		0.743367983368	0.256632016632	0.256632016632	0.999958419958	0.370119760479	0.370119760479
bleomycin A2	-0.33513080785359645		0.742993762994	0.257006237006	0.257006237006	0.999958419958	0.370119760479	0.370119760479
ML320	-0.33183084815715697		0.733222453222	0.266777546778	0.266777546778	0.999958419958	0.382738095238	0.382738095238
cabozantinib	-0.33167807103932817		0.73264033264	0.26735966736	0.26735966736	0.999958419958	0.382738095238	0.382738095238
cytochalasin B	-0.3300954248177982		0.727733887734	0.272266112266	0.272266112266	0.999958419958	0.387869822485	0.387869822485
pyrazolanthrone	-0.3300318955944968		0.727442827443	0.272557172557	0.272557172557	0.999958419958	0.387869822485	0.387869822485
BRD9876	-0.3292320403236092		0.72474012474	0.27525987526	0.27525987526	0.999958419958	0.389764705882	0.389764705882
AZD8055	-0.3291755625035768		0.724490644491	0.275509355509	0.275509355509	0.999958419958	0.389764705882	0.389764705882
temozolomide	-0.32861554473236215		0.722661122661	0.277338877339	0.277338877339	0.999958419958	0.391202346041	0.391202346041
quizartinib	-0.3258199886118055		0.714677754678	0.285322245322	0.285322245322	0.999958419958	0.400699708455	0.400699708455
EX-527	-0.3256567654336176		0.714261954262	0.285738045738	0.285738045738	0.999958419958	0.400699708455	0.400699708455
AZD7762	-0.3239613304773902		0.708565488565	0.291434511435	0.291434511435	0.999958419958	0.407456647399	0.407456647399
BRD-A02303741	-0.32335126623573673		0.707442827443	0.292557172557	0.292557172557	0.999958419958	0.407456647399	0.407456647399
LE-135	-0.3231861109798502		0.706902286902	0.293097713098	0.293097713098	0.999958419958	0.407456647399	0.407456647399
KH-CB19	-0.3226079996774105		0.705322245322	0.294677754678	0.294677754678	0.999958419958	0.408472622478	0.408472622478
ZSTK474	-0.32233841063462465		0.704324324324	0.295675675676	0.295675675676	0.999958419958	0.40867816092	0.40867816092
COL-3	-0.32163018926922665		0.702785862786	0.297214137214	0.297214137214	0.999958419958	0.409627507163	0.409627507163
SNX-2112	-0.31871321001730485		0.694386694387	0.305613305613	0.305613305613	0.999958419958	0.419316239316	0.419316239316
MK-0752	-0.31859410346251077		0.694012474012	0.305987525988	0.305987525988	0.999958419958	0.419316239316	0.419316239316
fulvestrant	-0.31735114958015315		0.690644490644	0.309355509356	0.309355509356	0.999958419958	0.422727272727	0.422727272727
BRD-K97651142	-0.3167267241794956		0.688523908524	0.311476091476	0.311476091476	0.999958419958	0.423389830508	0.423389830508
WZ4002	-0.3166548704765163		0.688399168399	0.311600831601	0.311600831601	0.999958419958	0.423389830508	0.423389830508
vorapaxar	-0.3159673713294729		0.686029106029	0.313970893971	0.313970893971	0.999958419958	0.424943820225	0.424943820225
PIK-93	-0.3158336680608665		0.685488565489	0.314511434511	0.314511434511	0.999958419958	0.424943820225	0.424943820225
NVP-BSK805	-0.3145491926842662		0.68182952183	0.31817047817	0.31817047817	0.999958419958	0.428683473389	0.428683473389
spautin-1	-0.3105564877599629		0.667650727651	0.332349272349	0.332349272349	0.999958419958	0.446536312849	0.446536312849
austocystin D	-0.3072818145483553		0.658212058212	0.341787941788	0.341787941788	0.999958419958	0.457938718663	0.457938718663
SNS-032	-0.3065199116792695		0.656174636175	0.343825363825	0.343825363825	0.999958419958	0.459388888889	0.459388888889
UNC0321	-0.30584866407757333		0.654012474012	0.345987525988	0.345987525988	0.999958419958	0.460997229917	0.460997229917
1S,3R-RSL-3	-0.3032744780754765		0.646985446985	0.353014553015	0.353014553015	0.999958419958	0.468319559229	0.468319559229
MLN2238	-0.3031453996478707		0.64656964657	0.35343035343	0.35343035343	0.999958419958	0.468319559229	0.468319559229
BRD4132	-0.3022237175752708		0.643617463617	0.356382536383	0.356382536383	0.999958419958	0.470136986301	0.470136986301
BRD-K14844214	-0.3020428565145614		0.643243243243	0.356756756757	0.356756756757	0.999958419958	0.470136986301	0.470136986301
CI-976	-0.2994753753170812		0.635426195426	0.364573804574	0.364573804574	0.999958419958	0.47912568306	0.47912568306
SR8278	-0.295064804831825		0.622661122661	0.377338877339	0.377338877339	0.999958419958	0.494550408719	0.494550408719
salermide	-0.2932548634817574		0.61762993763	0.38237006237	0.38237006237	0.999958419958	0.498807588076	0.498807588076
bortezomib	-0.29299423785493		0.617338877339	0.382661122661	0.382661122661	0.999958419958	0.498807588076	0.498807588076
WZ8040	-0.2920788520019788		0.614594594595	0.385405405405	0.385405405405	0.999958419958	0.500377358491	0.500377358491
myricetin	-0.2918257494565919		0.614054054054	0.385945945946	0.385945945946	0.999958419958	0.500377358491	0.500377358491
ML210	-0.2909308838274927		0.611268191268	0.388731808732	0.388731808732	0.999958419958	0.502634408602	0.502634408602
silmitasertib	-0.2893755738650691		0.607234927235	0.392765072765	0.392765072765	0.999958419958	0.506487935657	0.506487935657
TG-101348	-0.28662163878306335		0.600457380457	0.399542619543	0.399542619543	0.999958419958	0.51385026738	0.51385026738
AZD6482	-0.2797665945476143		0.583118503119	0.416881496881	0.416881496881	0.999958419958	0.53472	0.53472
KU 0060648	-0.272821671005022		0.566902286902	0.433097713098	0.433097713098	0.999958419958	0.554042553191	0.554042553191
dexamethasone	-0.2652251372366671		0.552349272349	0.447650727651	0.447650727651	0.999958419958	0.571140583554	0.571140583554
bafilomycin A1	-0.26417798812645915		0.550977130977	0.449022869023	0.449022869023	0.999958419958	0.571375661376	0.571375661376
BRD-K09344309	-0.25718077993078825		0.541288981289	0.458711018711	0.458711018711	0.999958419958	0.582163588391	0.582163588391
BRD-K33514849	-0.21661536639015483		0.525696465696	0.474303534304	0.474303534304	0.999958419958	0.600368421053	0.600368421053
BRD-K84807411	0.2569592618354384		0.509147609148	0.490852390852	0.509147609148	0.999958419958	0.61968503937	0.999958419958
BRD-K71935468	0.2608414628565583		0.503825363825	0.496174636175	0.503825363825	0.999958419958	0.624764397906	0.999958419958
vandetanib	0.26258827459858963		0.501164241164	0.498835758836	0.501164241164	0.999958419958	0.626475195822	0.999958419958
methotrexate	0.27739045090361847		0.471392931393	0.528607068607	0.471392931393	0.999958419958	0.662135416667	0.999958419958
tanespimycin	0.27936328776482366		0.465987525988	0.534012474012	0.465987525988	0.999958419958	0.667168831169	0.999958419958
bosutinib	0.2872891113825841		0.443575883576	0.556424116424	0.443575883576	0.999958419958	0.693367875648	0.999958419958
neratinib	0.2914516491735908		0.430062370062	0.569937629938	0.430062370062	0.999958419958	0.708372093023	0.999958419958
BRD-K94991378	0.2941495426633249		0.422037422037	0.577962577963	0.422037422037	0.999958419958	0.716494845361	0.999958419958
lovastatin	0.3014660708563134		0.399085239085	0.600914760915	0.399085239085	0.999958419958	0.743033419023	0.999958419958
fluvastatin	0.3083474948135448		0.3758004158	0.6241995842	0.3758004158	0.999958419958	0.769846153846	0.999958419958
simvastatin	0.31215207200356115		0.362494802495	0.637505197505	0.362494802495	0.999958419958	0.784245524297	0.999958419958
GSK2636771	0.31317558637066994		0.359168399168	0.640831600832	0.359168399168	0.999958419958	0.786326530612	0.999958419958
BRD-K63431240	0.31701718450950767		0.344241164241	0.655758835759	0.344241164241	0.999958419958	0.802595419847	0.999958419958
canertinib	0.31924810995526326		0.337255717256	0.662744282744	0.337255717256	0.999958419958	0.809086294416	0.999958419958
abiraterone	0.3273955494895129		0.307567567568	0.692432432432	0.307567567568	0.999958419958	0.843189873418	0.999958419958
BRD8958	0.33233200646207145		0.290478170478	0.709521829522	0.290478170478	0.999958419958	0.861818181818	0.999958419958
BRD-K27224038	0.3337151324808973		0.286112266112	0.713887733888	0.286112266112	0.999958419958	0.862105263158	0.999958419958
MI-1	0.33402756243922305		0.285322245322	0.714677754678	0.285322245322	0.999958419958	0.862105263158	0.999958419958
saracatinib	0.3341903898377256		0.284864864865	0.715135135135	0.284864864865	0.999958419958	0.862105263158	0.999958419958
lapatinib	0.3362415344677948		0.277962577963	0.722037422037	0.277962577963	0.999958419958	0.86825	0.999958419958
VER-155008	0.33834146104297574		0.270893970894	0.729106029106	0.270893970894	0.999958419958	0.874563591022	0.999958419958
betulinic acid	0.3417463460710935		0.258627858628	0.741372141372	0.258627858628	0.999958419958	0.887064676617	0.999958419958
CID-5951923	0.3437659804529047		0.252598752599	0.747401247401	0.252598752599	0.999958419958	0.89	0.999958419958
pluripotin	0.34380921234500944		0.252474012474	0.747525987526	0.252474012474	0.999958419958	0.89	0.999958419958
gefitinib	0.344580218477596		0.250187110187	0.749812889813	0.250187110187	0.999958419958	0.890518518519	0.999958419958
ifosfamide	0.34573272932985805		0.246985446985	0.753014553015	0.246985446985	0.999958419958	0.890931372549	0.999958419958
BRD-K48334597	0.346461264480529		0.244656964657	0.755343035343	0.244656964657	0.999958419958	0.890931372549	0.999958419958
C6-ceramide	0.34662989899643293		0.244282744283	0.755717255717	0.244282744283	0.999958419958	0.890931372549	0.999958419958
BRD-K71781559	0.3482091348475845		0.240415800416	0.759584199584	0.240415800416	0.999958419958	0.892292682927	0.999958419958
ML258	0.3485074684372485		0.239417879418	0.760582120582	0.239417879418	0.999958419958	0.892292682927	0.999958419958
VAF-347	0.3527895326323534		0.226860706861	0.773139293139	0.226860706861	0.999958419958	0.904817518248	0.999958419958
YM-155	0.35387312167534263		0.223908523909	0.776091476091	0.223908523909	0.999958419958	0.905859564165	0.999958419958
GSK4112	0.35460076625422127		0.222203742204	0.777796257796	0.222203742204	0.999958419958	0.905859564165	0.999958419958
VU0155056	0.3573157550230169		0.214012474012	0.785987525988	0.214012474012	0.999958419958	0.907064439141	0.999958419958
tamatinib	0.3577649820612832		0.213056133056	0.786943866944	0.213056133056	0.999958419958	0.907064439141	0.999958419958
CAL-101	0.3585638327308125		0.210810810811	0.789189189189	0.210810810811	0.999958419958	0.907064439141	0.999958419958
BRD-K48477130	0.3586413911349964		0.210727650728	0.789272349272	0.210727650728	0.999958419958	0.907064439141	0.999958419958
myriocin	0.3588362567943697		0.210145530146	0.789854469854	0.210145530146	0.999958419958	0.907064439141	0.999958419958
ML334 diastereomer	0.35891867863832394		0.209854469854	0.790145530146	0.209854469854	0.999958419958	0.907064439141	0.999958419958
SJ-172550	0.36055867707888656		0.205072765073	0.794927234927	0.205072765073	0.999958419958	0.910380952381	0.999958419958
JW-480	0.36657206513141954		0.188523908524	0.811476091476	0.188523908524	0.999958419958	0.925976470588	0.999958419958
BRD-K27986637	0.36806471499198745		0.18474012474	0.81525987526	0.18474012474	0.999958419958	0.925976470588	0.999958419958
BRD-K41334119	0.36848171667230034		0.18340956341	0.81659043659	0.18340956341	0.999958419958	0.925976470588	0.999958419958
BRD-K17060750	0.36858809622416033		0.183326403326	0.816673596674	0.183326403326	0.999958419958	0.925976470588	0.999958419958
veliparib	0.36908207346498245		0.18182952183	0.81817047817	0.18182952183	0.999958419958	0.925976470588	0.999958419958
selumetinib	0.3717898025794521		0.175135135135	0.824864864865	0.175135135135	0.999958419958	0.929555035129	0.999958419958
TGX-221	0.37195747482162334		0.174802494802	0.825197505198	0.174802494802	0.999958419958	0.929555035129	0.999958419958
CAY10594	0.37382472165651187		0.170436590437	0.829563409563	0.170436590437	0.999958419958	0.931188811189	0.999958419958
avicin D	0.3743403946870632		0.16948024948	0.83051975052	0.16948024948	0.999958419958	0.931188811189	0.999958419958
BRD-K55116708	0.3768202464424552		0.163243243243	0.836756756757	0.163243243243	0.999958419958	0.936	0.999958419958
CHIR-99021	0.3804310622097288		0.153596673597	0.846403326403	0.153596673597	0.999958419958	0.944593967517	0.999958419958
erismodegib	0.385000098375063		0.143492723493	0.856507276507	0.143492723493	0.999958419958	0.95331797235	0.999958419958
afatinib	0.3855914486505262		0.141663201663	0.858336798337	0.141663201663	0.999958419958	0.95331797235	0.999958419958
IPR-456	0.3864006905510314		0.139833679834	0.860166320166	0.139833679834	0.999958419958	0.95331797235	0.999958419958
blebbistatin	0.390368530054784		0.130686070686	0.869313929314	0.130686070686	0.999958419958	0.954004474273	0.999958419958
etomoxir	0.39058345512918485		0.13027027027	0.86972972973	0.13027027027	0.999958419958	0.954004474273	0.999958419958
ML083	0.3907529616476725		0.129854469854	0.870145530146	0.129854469854	0.999958419958	0.954004474273	0.999958419958
L-685458	0.3914440738656719		0.127941787942	0.872058212058	0.127941787942	0.999958419958	0.954004474273	0.999958419958
SGX-523	0.39160982050285664		0.127650727651	0.872349272349	0.127650727651	0.999958419958	0.954004474273	0.999958419958
fumonisin B1	0.3928537215600713		0.124698544699	0.875301455301	0.124698544699	0.999958419958	0.954004474273	0.999958419958
nelarabine	0.3934460431219806		0.123035343035	0.876964656965	0.123035343035	0.999958419958	0.954004474273	0.999958419958
CAY10576	0.3960331173551284		0.11738045738	0.88261954262	0.11738045738	0.999958419958	0.954004474273	0.999958419958
PLX-4032	0.396269909126707		0.116964656965	0.883035343035	0.116964656965	0.999958419958	0.954004474273	0.999958419958
GDC-0879	0.3966471435250633		0.116216216216	0.883783783784	0.116216216216	0.999958419958	0.954004474273	0.999958419958
BRD-K33199242	0.3976528978551035		0.113846153846	0.886153846154	0.113846153846	0.999958419958	0.954004474273	0.999958419958
BEC	0.39788227716806246		0.113471933472	0.886528066528	0.113471933472	0.999958419958	0.954004474273	0.999958419958
BRD-K09587429	0.3979983184126355		0.11343035343	0.88656964657	0.11343035343	0.999958419958	0.954004474273	0.999958419958
cyclophosphamide	0.40166095963843385		0.105904365904	0.894095634096	0.105904365904	0.999958419958	0.959955357143	0.999958419958
BCL-LZH-4	0.4066498223847346		0.0952182952183	0.904781704782	0.0952182952183	0.999958419958	0.968736141907	0.999958419958
PD 153035	0.4078405248093672		0.0929313929314	0.907068607069	0.0929313929314	0.999958419958	0.968736141907	0.999958419958
ruxolitinib	0.4085470354113296		0.091683991684	0.908316008316	0.091683991684	0.999958419958	0.968736141907	0.999958419958
BRD-K50799972	0.4143184601420084		0.0797920997921	0.920207900208	0.0797920997921	0.999958419958	0.977894736842	0.999958419958
WAY-362450	0.41678588134980343		0.0764241164241	0.923575883576	0.0764241164241	0.999958419958	0.977894736842	0.999958419958
BRD-K29086754	0.41709289289035323		0.0758835758836	0.924116424116	0.0758835758836	0.999958419958	0.977894736842	0.999958419958
staurosporine	0.41793106492669724		0.074261954262	0.925738045738	0.074261954262	0.999958419958	0.977894736842	0.999958419958
trametinib	0.4185169243143776		0.0729313929314	0.927068607069	0.0729313929314	0.999958419958	0.977894736842	0.999958419958
SR1001	0.4205063634378021		0.0693555093555	0.930644490644	0.0693555093555	0.999958419958	0.979217391304	0.999958419958
BRD-A05715709	0.4220941409739719		0.0666112266112	0.933388773389	0.0666112266112	0.999958419958	0.979217391304	0.999958419958
BRD-K16147474	0.4239773693034946		0.0637006237006	0.936299376299	0.0637006237006	0.999958419958	0.979217391304	0.999958419958
dasatinib	0.4240971378404481		0.0635343035343	0.936465696466	0.0635343035343	0.999958419958	0.979217391304	0.999958419958
procarbazine	0.4307929727706331		0.0547193347193	0.945280665281	0.0547193347193	0.999958419958	0.984913793103	0.999958419958
compound 1B	0.43141353309851715	0.13630702825139274	0.0538045738046	0.946195426195	0.0538045738046	0.999958419958	0.984913793103	0.999958419958
BRD9647	0.433899171876059	0.0766393531281572	0.050893970894	0.949106029106	0.050893970894	0.999958419958	0.984913793103	0.999958419958
PD318088	0.43441683038639833	0.014423211330534938	0.049896049896	0.950103950104	0.049896049896	0.999958419958	0.984913793103	0.999958419958
IC-87114	0.43956872123083485	0.015497594292718575	0.0435758835759	0.956424116424	0.0435758835759	0.999958419958	0.989333333333	0.999958419958
LY-2157299	0.4472268561607907	0.13789114035919522	0.0354261954262	0.964573804574	0.0354261954262	0.999958419958	0.995622317597	0.999958419958
BRD-K75293299	0.4506455950248238	0.1336677495292264	0.0323076923077	0.967692307692	0.0323076923077	0.999958419958	0.99670235546	0.999958419958
BRD-K96970199	0.45499488393954096	0.13855361939095812	0.0286070686071	0.971392931393	0.0286070686071	0.982857142857	0.998376068376	0.982857142857
BRD-K52037352	0.46032411844497473	0.13349714109365085	0.0248232848233	0.975176715177	0.0248232848233	0.918461538462	0.99928721174	0.918461538462
BRD-K99006945	0.4810465027837527	0.11103720245009528	0.0135550935551	0.986444906445	0.0135550935551	0.543333333333	0.99928721174	0.543333333333
SB-431542	0.48212751857398967	0.10957464747281544	0.0133056133056	0.986694386694	0.0133056133056	0.543333333333	0.99928721174	0.543333333333
CIL55	0.48609008266341425	0.12248870835737972	0.0117255717256	0.988274428274	0.0117255717256	0.543333333333	0.99928721174	0.543333333333
PLX-4720	0.48715296346547565	0.015580556307367377	0.0113513513514	0.988648648649	0.0113513513514	0.543333333333	0.99928721174	0.543333333333
BRD-K86535717	0.49028304610894385	0.14363022045358434	0.0106860706861	0.989313929314	0.0106860706861	0.543333333333	0.99928721174	0.543333333333
CBB-1007	0.4922308082923299	0.017676067498848935	0.00997920997921	0.990020790021	0.00997920997921	0.543333333333	0.99928721174	0.543333333333
PRIMA-1-Met	0.4937820104769688	0.1451207323476893	0.00960498960499	0.990395010395	0.00960498960499	0.543333333333	0.99928721174	0.543333333333
erlotinib	0.49645473507681387	0.01468580607079685	0.00902286902287	0.990977130977	0.00902286902287	0.543333333333	0.99928721174	0.543333333333
birinapant	0.5149077792034329	0.013620837643674354	0.00453222453222	0.995467775468	0.00453222453222	0.543333333333	0.999875259875	0.543333333333
O-6-benzylguanine	0.5362979358943312	0.1361824928016504	0.00191268191268	0.998087318087	0.00191268191268	0.306666666667	0.999875259875	0.306666666667
BRD-K49290616	0.5373627875411352	0.15455525718957722	0.00182952182952	0.99817047817	0.00182952182952	0.306666666667	0.999875259875	0.306666666667
dabrafenib	0.5949786659786718	0.018754774071313124	0.00012474012474	0.999875259875	0.00012474012474	0.06	0.999875259875	0.06
