	score	0.95 moe	p-value (forward)	p-value (reverse)	p-value	fdr (forward)	fdr (reverse)	fdr
Claudin-7-R-V	0.6523768334008716	0.01738720923389004	0.0021645021645021645	1.0	0.0021645021645021645	0.022727272727272728	1.0	0.022727272727272728
Rab25-R-V	0.6362362110333982	0.034858171138291975	0.0021645021645021645	1.0	0.0021645021645021645	0.022727272727272728	1.0	0.022727272727272728
E-Cadherin-R-V	0.6351808472522584	0.03118474220039452	0.0021645021645021645	1.0	0.0021645021645021645	0.022727272727272728	1.0	0.022727272727272728
Heregulin-R-V	0.6080693920274917	0.05481675087127172	0.0021645021645021645	1.0	0.0021645021645021645	0.022727272727272728	1.0	0.022727272727272728
EGFR-R-V	0.5987765582219129	0.0500185315063117	0.0021645021645021645	1.0	0.0021645021645021645	0.022727272727272728	1.0	0.022727272727272728
alpha-Catenin-M-V	0.5909671778117745	0.051993839910798374	0.0021645021645021645	1.0	0.0021645021645021645	0.022727272727272728	1.0	0.022727272727272728
P-Cadherin-R-C	0.5857551673029988	0.05975040522800565	0.0021645021645021645	1.0	0.0021645021645021645	0.022727272727272728	1.0	0.022727272727272728
Caveolin-1-R-V	0.579963039414514	0.05104222499778506	0.0021645021645021645	1.0	0.0021645021645021645	0.022727272727272728	1.0	0.022727272727272728
VHL-M-C	0.5752450712909989	0.04109977745255579	0.0021645021645021645	1.0	0.0021645021645021645	0.022727272727272728	1.0	0.022727272727272728
p14 Arf(CST2407)-M-E	0.5700592801231161	0.03368080022607431	0.0021645021645021645	1.0	0.0021645021645021645	0.022727272727272728	1.0	0.022727272727272728
Annexin 1-M-E	0.5387614802757882	0.03783579018112091	0.0021645021645021645	1.0	0.0021645021645021645	0.022727272727272728	1.0	0.022727272727272728
CD49b-M-V	0.5345360472577595	0.018477284736117188	0.0021645021645021645	1.0	0.0021645021645021645	0.022727272727272728	1.0	0.022727272727272728
SETD2-R-QC	0.5319942032081166	0.03474243416977398	0.0021645021645021645	1.0	0.0021645021645021645	0.022727272727272728	1.0	0.022727272727272728
SCD1-M-V	0.526821123249845	0.056051277008004066	0.0021645021645021645	1.0	0.0021645021645021645	0.022727272727272728	1.0	0.022727272727272728
PR-R-V	0.522314410101858	0.04098163891409284	0.0021645021645021645	1.0	0.0021645021645021645	0.022727272727272728	1.0	0.022727272727272728
Syk-M-V	0.5175732555724728	0.02724285304464535	0.0021645021645021645	1.0	0.0021645021645021645	0.022727272727272728	1.0	0.022727272727272728
HER2_pY1248-R-C	0.5143644867160664	0.020642785552705087	0.0021645021645021645	1.0	0.0021645021645021645	0.022727272727272728	1.0	0.022727272727272728
EGFR_pY1068-R-C	0.5099923027330208	0.026330056289975878	0.0021645021645021645	1.0	0.0021645021645021645	0.022727272727272728	1.0	0.022727272727272728
c-Met-M-QC	0.5094896015350792	0.073734560022097	0.0021645021645021645	1.0	0.0021645021645021645	0.022727272727272728	1.0	0.022727272727272728
YAP-R-E	0.5052889430905076	0.029306732371345828	0.0021645021645021645	1.0	0.0021645021645021645	0.022727272727272728	1.0	0.022727272727272728
PEA15_pS116-R-V	0.5005203469296974		0.0021645021645	0.997835497835	0.0021645021645	0.022727272727272728	1.0	0.022727272727272728
EGFR_pY1173-R-V	0.4999973717526327		0.0021645021645	0.997835497835	0.0021645021645	0.022727272727272728	1.0	0.022727272727272728
Shc_pY317-R-E	0.4861582132039669		0.00649350649351	0.993506493506	0.00649350649351	0.0652173913043	1.0	0.0652173913043
GATA3-M-V	0.4779489323772101		0.00865800865801	0.991341991342	0.00865800865801	0.078125	1.0	0.078125
ER-alpha-R-V	0.47601055234001177		0.00865800865801	0.991341991342	0.00865800865801	0.078125	1.0	0.078125
PAI-1-M-E	0.4719446194059842		0.0108225108225	0.989177489177	0.0108225108225	0.078125	1.0	0.078125
PARP_cleaved-M-QC	0.4719061907757435		0.0108225108225	0.989177489177	0.0108225108225	0.078125	1.0	0.078125
p53-R-E	0.47059471014481496		0.0108225108225	0.989177489177	0.0108225108225	0.078125	1.0	0.078125
Snail-M-QC	0.46407994279748527		0.0108225108225	0.989177489177	0.0108225108225	0.078125	1.0	0.078125
INPP4B-R-V	0.46266763973089636		0.0108225108225	0.989177489177	0.0108225108225	0.078125	1.0	0.078125
Rab11-R-E	0.46014426513417617		0.0108225108225	0.989177489177	0.0108225108225	0.078125	1.0	0.078125
Lck-R-V	0.45897966866695383		0.0108225108225	0.989177489177	0.0108225108225	0.078125	1.0	0.078125
Mre11-R-C	0.4573744450436036		0.012987012987	0.987012987013	0.012987012987	0.0810810810811	1.0	0.0810810810811
BRCA2-R-C	0.4563249277881979		0.012987012987	0.987012987013	0.012987012987	0.0810810810811	1.0	0.0810810810811
YAP_pS127-R-E	0.45224229105394664		0.012987012987	0.987012987013	0.012987012987	0.0810810810811	1.0	0.0810810810811
ERCC1-M-QC	0.45093888959411454		0.012987012987	0.987012987013	0.012987012987	0.0810810810811	1.0	0.0810810810811
beta-Catenin-R-V	0.4471617783196107		0.012987012987	0.987012987013	0.012987012987	0.0810810810811	1.0	0.0810810810811
HER2-M-V	0.44310081442248567		0.0151515151515	0.984848484848	0.0151515151515	0.0875	1.0	0.0875
beta-Catenin_pT41_S45-R-E	0.4415782283816903		0.0151515151515	0.984848484848	0.0151515151515	0.0875	1.0	0.0875
STAT3_pY705-R-V	0.4413344926594737		0.0151515151515	0.984848484848	0.0151515151515	0.0875	1.0	0.0875
A-Raf_pS299-R-C	0.4370253181833303		0.017316017316	0.982683982684	0.017316017316	0.0888888888889	1.0	0.0888888888889
Caspase-8-M-QC	0.436805239120125		0.017316017316	0.982683982684	0.017316017316	0.0888888888889	1.0	0.0888888888889
Notch1-R-V	0.4350366026931182		0.017316017316	0.982683982684	0.017316017316	0.0888888888889	1.0	0.0888888888889
RASD2(SigHPA005839)-R-E	0.43501782738897393		0.017316017316	0.982683982684	0.017316017316	0.0888888888889	1.0	0.0888888888889
Di-Ras3-M-E	0.4347136413578748		0.017316017316	0.982683982684	0.017316017316	0.0888888888889	1.0	0.0888888888889
HSP70-R-C	0.4291205583139002		0.021645021645	0.978354978355	0.021645021645	0.108695652174	1.0	0.108695652174
Caspase-7_cleavedD198-R-C	0.42797459070388205		0.0238095238095	0.97619047619	0.0238095238095	0.114583333333	1.0	0.114583333333
VAV1-R-E	0.4279344254096033		0.0238095238095	0.97619047619	0.0238095238095	0.114583333333	1.0	0.114583333333
VEGFR2-R-V	0.42354527352350513		0.030303030303	0.969696969697	0.030303030303	0.142857142857	1.0	0.142857142857
G6PD-M-V	0.422015853361158		0.0324675324675	0.967532467532	0.0324675324675	0.15	1.0	0.15
ACVRL1-R-C	0.41811901082297703		0.0367965367965	0.963203463203	0.0367965367965	0.163461538462	1.0	0.163461538462
Histone H2A-R-E	0.4171969125982012		0.0367965367965	0.963203463203	0.0367965367965	0.163461538462	1.0	0.163461538462
RASD2(OriTA502070)-M-E	0.412581172817241		0.038961038961	0.961038961039	0.038961038961	0.169811320755	1.0	0.169811320755
Bid-R-C	0.40768692240072213		0.04329004329	0.95670995671	0.04329004329	0.175438596491	1.0	0.175438596491
HER3-R-V	0.40751032720230934		0.04329004329	0.95670995671	0.04329004329	0.175438596491	1.0	0.175438596491
FOXO3a-R-C	0.40737605110575714		0.04329004329	0.95670995671	0.04329004329	0.175438596491	1.0	0.175438596491
14-3-3_beta-R-V	0.40619850648800854		0.04329004329	0.95670995671	0.04329004329	0.175438596491	1.0	0.175438596491
N-Ras-M-V	0.40485860268492607		0.0454545454545	0.954545454545	0.0454545454545	0.181034482759	1.0	0.181034482759
CD31-M-V	0.39359680358221405		0.0541125541126	0.945887445887	0.0541125541126	0.21186440678	1.0	0.21186440678
Bim(CST2933)-R-E	0.385896951073788		0.0584415584416	0.941558441558	0.0584415584416	0.225	1.0	0.225
TFRC-R-V	0.384658109455441		0.0606060606061	0.939393939394	0.0606060606061	0.229508196721	1.0	0.229508196721
p14 Arf(BetIHC-00196)-R-E	0.37907770084804465		0.0714285714286	0.928571428571	0.0714285714286	0.261904761905	1.0	0.261904761905
Caspase 8 Cleaved Asp391-R-E	0.3788247566154734		0.0714285714286	0.928571428571	0.0714285714286	0.261904761905	1.0	0.261904761905
NDRG1_pT346-R-V	0.3765576835390832		0.0735930735931	0.926406926407	0.0735930735931	0.265625	1.0	0.265625
MDM2-R-E	0.3741320098800487		0.0779220779221	0.922077922078	0.0779220779221	0.276119402985	1.0	0.276119402985
p90RSK-R-C	0.37368607350886723		0.0800865800866	0.919913419913	0.0800865800866	0.276119402985	1.0	0.276119402985
Bim(EP1036)-R-V	0.3733947951918515		0.0800865800866	0.919913419913	0.0800865800866	0.276119402985	1.0	0.276119402985
Bap1 c-4-M-E	0.3718798226891922		0.0865800865801	0.91341991342	0.0865800865801	0.294117647059	1.0	0.294117647059
Rb-M-QC	0.36776875859080016		0.0909090909091	0.909090909091	0.0909090909091	0.304347826087	1.0	0.304347826087
Src-M-V	0.36731009972035067		0.0930735930736	0.906926406926	0.0930735930736	0.307142857143	1.0	0.307142857143
SHP-2_pY542-R-E	0.3601835938178471		0.11038961039	0.88961038961	0.11038961039	0.356164383562	1.0	0.356164383562
beta Actin-R-E	0.3592294864274939		0.112554112554	0.887445887446	0.112554112554	0.356164383562	1.0	0.356164383562
Akt_pT308-R-V	0.35859998369214136		0.112554112554	0.887445887446	0.112554112554	0.356164383562	1.0	0.356164383562
Chk2_pT68-R-C	0.3549539241748506		0.119047619048	0.880952380952	0.119047619048	0.366666666667	1.0	0.366666666667
ADAR1-R-V	0.35466798536479344		0.119047619048	0.880952380952	0.119047619048	0.366666666667	1.0	0.366666666667
p27_pT157-R-C	0.3523292051371035		0.123376623377	0.876623376623	0.123376623377	0.37012987013	1.0	0.37012987013
RBM15-R-V	0.35227294894848504		0.123376623377	0.876623376623	0.123376623377	0.37012987013	1.0	0.37012987013
PRDX1-R-V	0.3503930956489889		0.132034632035	0.867965367965	0.132034632035	0.391025641026	1.0	0.391025641026
CD20 -R-C	0.34986119542597316		0.136363636364	0.863636363636	0.136363636364	0.398734177215	1.0	0.398734177215
JNK_pT183_Y185-R-V	0.3466587878258506		0.142857142857	0.857142857143	0.142857142857	0.403409090909	1.0	0.403409090909
Smac-M-QC	0.34510885112458056		0.145021645022	0.854978354978	0.145021645022	0.403409090909	1.0	0.403409090909
ETS-1-R-V	0.34326919195562244		0.15367965368	0.84632034632	0.15367965368	0.403409090909	1.0	0.403409090909
Collagen_VI-R-V	0.34260503546053317		0.15367965368	0.84632034632	0.15367965368	0.403409090909	1.0	0.403409090909
Rad50-M-V	0.34249787291324857		0.15367965368	0.84632034632	0.15367965368	0.403409090909	1.0	0.403409090909
Porin-R-E	0.3422356454538835		0.15367965368	0.84632034632	0.15367965368	0.403409090909	1.0	0.403409090909
RSK1-2-3-R-E	0.3416193424265252		0.15367965368	0.84632034632	0.15367965368	0.403409090909	1.0	0.403409090909
p27_pT198-R-V	0.34136269595031576		0.15367965368	0.84632034632	0.15367965368	0.403409090909	1.0	0.403409090909
MEK2(13E3)-R-E	0.34005158715241973		0.15367965368	0.84632034632	0.15367965368	0.403409090909	1.0	0.403409090909
HER3_pY1289-R-C	0.33665643023083575		0.164502164502	0.835497835498	0.164502164502	0.426966292135	1.0	0.426966292135
Akt_pS473-R-V	0.33279135030311485		0.179653679654	0.820346320346	0.179653679654	0.461111111111	1.0	0.461111111111
Bak-R-C	0.33144405718145215		0.181818181818	0.818181818182	0.181818181818	0.461538461538	1.0	0.461538461538
Smad3-R-V	0.325402970712707		0.207792207792	0.792207792208	0.207792207792	0.521739130435	1.0	0.521739130435
Bcl-xL-R-V	0.3234496511017337		0.214285714286	0.785714285714	0.214285714286	0.532258064516	1.0	0.532258064516
Prohibitin-R-E	0.3207283878539403		0.229437229437	0.770562770563	0.229437229437	0.563829787234	1.0	0.563829787234
Dvl3-R-V	0.3203160956156		0.233766233766	0.766233766234	0.233766233766	0.568421052632	1.0	0.568421052632
XRCC1-R-E	0.31606445059111427		0.255411255411	0.744588744589	0.255411255411	0.613402061856	1.0	0.613402061856
Cyclin_D1-R-V	0.3150430137031762		0.257575757576	0.742424242424	0.257575757576	0.613402061856	1.0	0.613402061856
Src_pY527-R-V	0.30401468856960706		0.305194805195	0.694805194805	0.305194805195	0.719387755102	1.0	0.719387755102
RAD51-R-V	0.30214092670562503		0.322510822511	0.677489177489	0.322510822511	0.752525252525	1.0	0.752525252525
Fibronectin-R-V	0.2994163428076458		0.32683982684	0.67316017316	0.32683982684	0.755	1.0	0.755
Bad_pS112-R-V	0.2956330472231585		0.339826839827	0.660173160173	0.339826839827	0.777227722772	1.0	0.777227722772
c-Myc-R-C	0.28900813051262697		0.365800865801	0.634199134199	0.365800865801	0.820388349515	1.0	0.820388349515
IRS1-R-V	0.28888363926540417		0.365800865801	0.634199134199	0.365800865801	0.820388349515	1.0	0.820388349515
p90RSK_pT359_S363-R-C	-0.2694035563807583		0.560606060606	0.439393939394	0.439393939394	1.0	0.79296875	0.79296875
MAPK_pT202_Y204-R-V	-0.28491534225551307		0.612554112554	0.387445887446	0.387445887446	1.0	0.704724409449	0.704724409449
p90RSK_pT573-R-E	-0.285542701822021		0.612554112554	0.387445887446	0.387445887446	1.0	0.704724409449	0.704724409449
FoxM1-R-V	-0.2923469883020201		0.651515151515	0.348484848485	0.348484848485	1.0	0.644	0.644
p38_pT180_Y182-R-V	-0.2959530631912337		0.681818181818	0.318181818182	0.318181818182	1.0	0.592741935484	0.592741935484
PDCD4-R-C	-0.29850005658375045		0.69696969697	0.30303030303	0.30303030303	1.0	0.569105691057	0.569105691057
FRA1-R-E	-0.299367405623162		0.705627705628	0.294372294372	0.294372294372	1.0	0.55737704918	0.55737704918
53BP1-R-V	-0.29950991108966996		0.707792207792	0.292207792208	0.292207792208	1.0	0.55737704918	0.55737704918
p62 Lck ligand-M-C	-0.30166473747666334		0.720779220779	0.279220779221	0.279220779221	1.0	0.5375	0.5375
PCNA-M-C	-0.3047010001525992		0.738095238095	0.261904761905	0.261904761905	1.0	0.508403361345	0.508403361345
GSK-3-BETA-R-E	-0.3049178902722204		0.74025974026	0.25974025974	0.25974025974	1.0	0.508403361345	0.508403361345
FOXO3a_pS318_S321-R-C	-0.308786106978556		0.770562770563	0.229437229437	0.229437229437	1.0	0.452991452991	0.452991452991
Beclin-G-C	-0.30891441731503716		0.770562770563	0.229437229437	0.229437229437	1.0	0.452991452991	0.452991452991
MEK1_pS217_S221-R-V	-0.3111468698205218		0.785714285714	0.214285714286	0.214285714286	1.0	0.430434782609	0.430434782609
Cyclin_B1-R-V	-0.3115074824791335		0.787878787879	0.212121212121	0.212121212121	1.0	0.429824561404	0.429824561404
STAT5-alpha-R-V	-0.3124195479845354		0.790043290043	0.209956709957	0.209956709957	1.0	0.429203539823	0.429203539823
Myosin IIa pS1943-R-V	-0.31365854916065955		0.792207792208	0.207792207792	0.207792207792	1.0	0.428571428571	0.428571428571
c-Met_pY1235-R-V	-0.3150155788109564		0.800865800866	0.199134199134	0.199134199134	1.0	0.414414414414	0.414414414414
SF2-M-V	-0.31571099871319214		0.80303030303	0.19696969697	0.19696969697	1.0	0.413636363636	0.413636363636
YB-1_pS102-R-V	-0.31845843599763346		0.813852813853	0.186147186147	0.186147186147	1.0	0.394495412844	0.394495412844
NF-kB-p65_pS536-R-C	-0.3199486379731469		0.822510822511	0.177489177489	0.177489177489	1.0	0.37962962963	0.37962962963
Chk1_pS345-R-C	-0.3208662230992594		0.833333333333	0.166666666667	0.166666666667	1.0	0.359813084112	0.359813084112
Paxillin-R-C	-0.3212576462129712		0.835497835498	0.164502164502	0.164502164502	1.0	0.358490566038	0.358490566038
Rictor-R-C	-0.324394023520249		0.84632034632	0.15367965368	0.15367965368	1.0	0.338095238095	0.338095238095
XBP1-G-C	-0.32692764194089285		0.852813852814	0.147186147186	0.147186147186	1.0	0.326923076923	0.326923076923
Annexin_VII-M-V	-0.3272276566855359		0.852813852814	0.147186147186	0.147186147186	1.0	0.326923076923	0.326923076923
eEF2K-R-V	-0.32835777923112797		0.854978354978	0.145021645022	0.145021645022	1.0	0.326923076923	0.326923076923
YB-1-R-V	-0.3283922916017527		0.854978354978	0.145021645022	0.145021645022	1.0	0.326923076923	0.326923076923
14-3-3_epsilon-M-C	-0.32916337383086824		0.863636363636	0.136363636364	0.136363636364	1.0	0.315	0.315
Chk2-M-V	-0.3311122704402955		0.87012987013	0.12987012987	0.12987012987	1.0	0.30303030303	0.30303030303
p27-R-V	-0.3344934639791982		0.88961038961	0.11038961039	0.11038961039	1.0	0.260204081633	0.260204081633
c-Jun_pS73-R-V	-0.3353036949418568		0.891774891775	0.108225108225	0.108225108225	1.0	0.257731958763	0.257731958763
C-Raf_pS338-R-V	-0.3360719716081905		0.893939393939	0.106060606061	0.106060606061	1.0	0.255208333333	0.255208333333
Tuberin_pT1462-R-V	-0.3360888999316008		0.893939393939	0.106060606061	0.106060606061	1.0	0.255208333333	0.255208333333
ASNS-R-V	-0.3374574090008923		0.896103896104	0.103896103896	0.103896103896	1.0	0.255208333333	0.255208333333
STAT3-R-E	-0.33864281794733125		0.898268398268	0.101731601732	0.101731601732	1.0	0.252688172043	0.252688172043
p21-R-V	-0.3407925859367058		0.904761904762	0.0952380952381	0.0952380952381	1.0	0.239130434783	0.239130434783
ACC1-R-E	-0.34254977715389073		0.909090909091	0.0909090909091	0.0909090909091	1.0	0.230769230769	0.230769230769
MDM2_pS166-R-E	-0.3441349368120254		0.911255411255	0.0887445887446	0.0887445887446	1.0	0.227777777778	0.227777777778
PEA15-R-V	-0.345044221098912		0.911255411255	0.0887445887446	0.0887445887446	1.0	0.227777777778	0.227777777778
PDK1-R-V	-0.3457267970336209		0.911255411255	0.0887445887446	0.0887445887446	1.0	0.227777777778	0.227777777778
Cyclin_E2-R-C	-0.3459107894805131		0.911255411255	0.0887445887446	0.0887445887446	1.0	0.227777777778	0.227777777778
N-Cadherin-R-V	-0.3473375987820512		0.911255411255	0.0887445887446	0.0887445887446	1.0	0.227777777778	0.227777777778
mTOR_pS2448-R-C	-0.3502501867949153		0.91341991342	0.0865800865801	0.0865800865801	1.0	0.227777777778	0.227777777778
Rictor_pT1135-R-V	-0.350280107154686		0.91341991342	0.0865800865801	0.0865800865801	1.0	0.227777777778	0.227777777778
PRAS40_pT246-R-V	-0.35089192939104696		0.91341991342	0.0865800865801	0.0865800865801	1.0	0.227777777778	0.227777777778
ER-alpha_pS118-R-V	-0.3517177341079491		0.915584415584	0.0844155844156	0.0844155844156	1.0	0.227777777778	0.227777777778
p70S6K_pT389-R-V	-0.3557502977157082		0.928571428571	0.0714285714286	0.0714285714286	1.0	0.203703703704	0.203703703704
PI3K-p110-alpha-R-C	-0.3566307769272699		0.928571428571	0.0714285714286	0.0714285714286	1.0	0.203703703704	0.203703703704
Acetyl-a-Tubulin (Lys40)-R-C	-0.35680504368389765		0.928571428571	0.0714285714286	0.0714285714286	1.0	0.203703703704	0.203703703704
14-3-3_zeta-R-V	-0.35694095256366937		0.928571428571	0.0714285714286	0.0714285714286	1.0	0.203703703704	0.203703703704
Ku80-R-C	-0.36048418023800394		0.935064935065	0.0649350649351	0.0649350649351	1.0	0.194805194805	0.194805194805
cIAP-R-C	-0.36054624148867953		0.935064935065	0.0649350649351	0.0649350649351	1.0	0.194805194805	0.194805194805
JNK2-R-C	-0.3619629516717015		0.939393939394	0.0606060606061	0.0606060606061	1.0	0.186666666667	0.186666666667
beta-Catenin_pS33_S37_T41-R-E	-0.3621217404121192		0.941558441558	0.0584415584416	0.0584415584416	1.0	0.182432432432	0.182432432432
MDMX_MDM4(BetA300-287A)-R-E	-0.3660673675847533		0.943722943723	0.0562770562771	0.0562770562771	1.0	0.178082191781	0.178082191781
TAZ-R-V	-0.3671237432259398		0.945887445887	0.0541125541126	0.0541125541126	1.0	0.173611111111	0.173611111111
MSH6-R-C	-0.3696642686038909		0.950216450216	0.0497835497835	0.0497835497835	1.0	0.161971830986	0.161971830986
Rb_pS807_S811-R-V	-0.37081554448676846		0.950216450216	0.0497835497835	0.0497835497835	1.0	0.161971830986	0.161971830986
PREX1-R-E	-0.3715076214618415		0.950216450216	0.0497835497835	0.0497835497835	1.0	0.161971830986	0.161971830986
FASN-R-V	-0.3721313453021636		0.950216450216	0.0497835497835	0.0497835497835	1.0	0.161971830986	0.161971830986
ACC_pS79-R-V	-0.37339686665614613		0.950216450216	0.0497835497835	0.0497835497835	1.0	0.161971830986	0.161971830986
GSK3_pS9-R-V	-0.3782935769604731		0.95670995671	0.04329004329	0.04329004329	1.0	0.151515151515	0.151515151515
FRA1_pS265-R-E	-0.3805214319280754		0.963203463203	0.0367965367965	0.0367965367965	1.0	0.130769230769	0.130769230769
Smad4-M-V	-0.38114062131005105		0.963203463203	0.0367965367965	0.0367965367965	1.0	0.130769230769	0.130769230769
LKB1-M-E	-0.3833343914170199		0.965367965368	0.034632034632	0.034632034632	1.0	0.126984126984	0.126984126984
MSH2-M-V	-0.3859219514757353		0.969696969697	0.030303030303	0.030303030303	1.0	0.112903225806	0.112903225806
Src_pY416-R-C	-0.38774167920301056		0.974025974026	0.025974025974	0.025974025974	1.0	0.0983606557377	0.0983606557377
MYH11-R-V	-0.39126713309115885		0.97619047619	0.0238095238095	0.0238095238095	1.0	0.0916666666667	0.0916666666667
ERK2-R-E	-0.3912684232077998		0.97619047619	0.0238095238095	0.0238095238095	1.0	0.0916666666667	0.0916666666667
Smad1-R-V	-0.3915875245455791		0.97619047619	0.0238095238095	0.0238095238095	1.0	0.0916666666667	0.0916666666667
mTOR-R-V	-0.3916899953581963		0.97619047619	0.0238095238095	0.0238095238095	1.0	0.0916666666667	0.0916666666667
FRA1_pS265 Cleaved D22B1-R-E	-0.39187681646487604		0.97619047619	0.0238095238095	0.0238095238095	1.0	0.0916666666667	0.0916666666667
GAPDH-M-C	-0.39229824871480096		0.97619047619	0.0238095238095	0.0238095238095	1.0	0.0916666666667	0.0916666666667
PKC-delta_pS664-R-V	-0.3924411935127838		0.97619047619	0.0238095238095	0.0238095238095	1.0	0.0916666666667	0.0916666666667
MDMX_MDM4(BetIHC-00108)-R-E	-0.39514233457097686		0.97619047619	0.0238095238095	0.0238095238095	1.0	0.0916666666667	0.0916666666667
Stathmin-R-V	-0.3952296578557787		0.97619047619	0.0238095238095	0.0238095238095	1.0	0.0916666666667	0.0916666666667
TIGAR-R-V	-0.39525841663659705		0.97619047619	0.0238095238095	0.0238095238095	1.0	0.0916666666667	0.0916666666667
PDK1_pS241-R-V	-0.3956455405207461		0.97619047619	0.0238095238095	0.0238095238095	1.0	0.0916666666667	0.0916666666667
PI3K-p85-R-V	-0.3974791491445921		0.97619047619	0.0238095238095	0.0238095238095	1.0	0.0916666666667	0.0916666666667
eIF4E-R-V	-0.3986622421578163		0.980519480519	0.0194805194805	0.0194805194805	1.0	0.0916666666667	0.0916666666667
S6_pS240_S244-R-V	-0.3987222459955712		0.980519480519	0.0194805194805	0.0194805194805	1.0	0.0916666666667	0.0916666666667
S6_pS235_S236-R-V	-0.40073928219998295		0.987012987013	0.012987012987	0.012987012987	1.0	0.0652173913043	0.0652173913043
NF2-R-C	-0.40097083709987175		0.987012987013	0.012987012987	0.012987012987	1.0	0.0652173913043	0.0652173913043
Raptor-R-V	-0.4012762213305283		0.987012987013	0.012987012987	0.012987012987	1.0	0.0652173913043	0.0652173913043
Cyclin_E1-M-V	-0.4025759893485301		0.987012987013	0.012987012987	0.012987012987	1.0	0.0652173913043	0.0652173913043
p38 alpha MAPK-M-E	-0.40411911103601567		0.987012987013	0.012987012987	0.012987012987	1.0	0.0652173913043	0.0652173913043
JAK2-R-E	-0.4080526750254828		0.987012987013	0.012987012987	0.012987012987	1.0	0.0652173913043	0.0652173913043
CDK1-R-V	-0.4090669794109114		0.987012987013	0.012987012987	0.012987012987	1.0	0.0652173913043	0.0652173913043
TTF1-R-V	-0.41571747843717355		0.989177489177	0.0108225108225	0.0108225108225	1.0	0.0641025641026	0.0641025641026
MEK1-R-V	-0.41715572960505437		0.989177489177	0.0108225108225	0.0108225108225	1.0	0.0641025641026	0.0641025641026
eEF2-R-C	-0.4178520601448784		0.989177489177	0.0108225108225	0.0108225108225	1.0	0.0641025641026	0.0641025641026
PKC-alpha_pS657-R-C	-0.4185151351708345		0.989177489177	0.0108225108225	0.0108225108225	1.0	0.0641025641026	0.0641025641026
GSK3-alpha-beta_pS21_S9-R-V	-0.41878608570222653		0.989177489177	0.0108225108225	0.0108225108225	1.0	0.0641025641026	0.0641025641026
AMPK_pT172-R-V	-0.41972801116258834		0.993506493506	0.00649350649351	0.00649350649351	1.0	0.0441176470588	0.0441176470588
Bcl-2-M-V	-0.424795048111439		0.993506493506	0.00649350649351	0.00649350649351	1.0	0.0441176470588	0.0441176470588
PTEN-R-V	-0.42550005267701535		0.993506493506	0.00649350649351	0.00649350649351	1.0	0.0441176470588	0.0441176470588
PKC-alpha-M-V	-0.42555859337448676		0.993506493506	0.00649350649351	0.00649350649351	1.0	0.0441176470588	0.0441176470588
p38_MAPK-R-V	-0.426465215355865		0.993506493506	0.00649350649351	0.00649350649351	1.0	0.0441176470588	0.0441176470588
p44-42 MAPK (ERK1-2)-R-E	-0.42860958178950026		0.993506493506	0.00649350649351	0.00649350649351	1.0	0.0441176470588	0.0441176470588
eIF4G-R-C	-0.42875240798273806		0.993506493506	0.00649350649351	0.00649350649351	1.0	0.0441176470588	0.0441176470588
GSK3-alpha-beta-M-V	-0.4300903806178772		0.993506493506	0.00649350649351	0.00649350649351	1.0	0.0441176470588	0.0441176470588
Chk1-M-C	-0.43121895825252976		0.995670995671	0.004329004329	0.004329004329	1.0	0.0384615384615	0.0384615384615
C-Raf(MP05-739)-R-V	-0.43679897645415644		0.997835497835	0.0021645021645	0.0021645021645	1.0	0.02	0.02
AMPK_alpha-R-C	-0.4368575572725801		0.997835497835	0.0021645021645	0.0021645021645	1.0	0.02	0.02
IGFBP2-R-V	-0.4379479688093681		0.997835497835	0.0021645021645	0.0021645021645	1.0	0.02	0.02
MIG-6-M-V	-0.4407154948145816		0.997835497835	0.0021645021645	0.0021645021645	1.0	0.02	0.02
Gab2-R-V	-0.4424542664307232		0.997835497835	0.0021645021645	0.0021645021645	1.0	0.02	0.02
4E-BP1_pT70-R-V	-0.4517068164053889	0.03946345109361817	0.997835497835	0.0021645021645	0.0021645021645	1.0	0.02	0.02
Tuberin-R-V	-0.45192305776843655	0.02793841021818942	0.997835497835	0.0021645021645	0.0021645021645	1.0	0.02	0.02
Bax-R-V	-0.45477360491840135	0.04245907567687178	0.997835497835	0.0021645021645	0.0021645021645	1.0	0.02	0.02
p14 Arf(BetA300-340A)-R-E	-0.4614633263399702	0.047880535358067716	0.997835497835	0.0021645021645	0.0021645021645	1.0	0.02	0.02
Transglutaminase-M-V	-0.46483154070246346	0.6431098666952278	0.997835497835	0.0021645021645	0.0021645021645	1.0	0.02	0.02
ATM-R-E	-0.4690303192047266	0.008066182349607232	1.0	0.0021645021645021645	0.0021645021645021645	1.0	0.02	0.02
C-Raf(BD610151)-M-E	-0.48034965526676177	0.077895969687603	1.0	0.0021645021645021645	0.0021645021645021645	1.0	0.02	0.02
DJ-1-R-V	-0.48329113420736614	0.03371840897914454	1.0	0.0021645021645021645	0.0021645021645021645	1.0	0.02	0.02
B-Raf-M-C	-0.484831220844514	0.07394677654371117	1.0	0.0021645021645021645	0.0021645021645021645	1.0	0.02	0.02
AR-R-V	-0.487160758312291	0.02631496833273138	1.0	0.0021645021645021645	0.0021645021645021645	1.0	0.02	0.02
4E-BP1-R-V	-0.4872552961476667	0.01181646794249758	1.0	0.0021645021645021645	0.0021645021645021645	1.0	0.02	0.02
p70S6K-R-V	-0.49712592436908953	0.07926989917213545	1.0	0.0021645021645021645	0.0021645021645021645	1.0	0.02	0.02
B-Raf_pS445-R-E	-0.4977259617574694	0.05268427800684094	1.0	0.0021645021645021645	0.0021645021645021645	1.0	0.02	0.02
PKC-pan_BetaII_pS660-R-V	-0.4998671898864158	0.06338387966104775	1.0	0.0021645021645021645	0.0021645021645021645	1.0	0.02	0.02
Akt-R-V	-0.502460452061334	0.05430461437769121	1.0	0.0021645021645021645	0.0021645021645021645	1.0	0.02	0.02
4E-BP1_pT37_T46-R-V	-0.5045192172841667	0.025026484193218547	1.0	0.0021645021645021645	0.0021645021645021645	1.0	0.02	0.02
c-Kit-R-V	-0.5068569450655267	0.029853738531020014	1.0	0.0021645021645021645	0.0021645021645021645	1.0	0.02	0.02
TSC1-R-C	-0.5100441337255428	0.029903534928526373	1.0	0.0021645021645021645	0.0021645021645021645	1.0	0.02	0.02
S6-R-E	-0.5221799248278552	0.05403380983531768	1.0	0.0021645021645021645	0.0021645021645021645	1.0	0.02	0.02
4E-BP1_pS65-R-V	-0.5262917275773729	0.008481698905675867	1.0	0.0021645021645021645	0.0021645021645021645	1.0	0.02	0.02
