Name	Score	0.95 CI	p-value	FDR
linsitinib	-0.6085249547212025	0.01766477513566659	4.158004158004158e-05	0.01
barasertib	-0.60402285563487	0.013329094846297608	4.158004158004158e-05	0.01
skepinone-L	-0.5917048801491653	0.020607069893778564	8.316008316008316e-05	0.01
belinostat	-0.591475113744776	0.015681120020902477	8.316008316008316e-05	0.01
serdemetan	-0.5756698444376339	0.01478388566486411	0.00029106029106029104	0.027999999999999997
indisulam	-0.562040278842559	0.015091467263979625	0.0007068607068607068	0.048888888888888885
BRD-K28456706	-0.5593869284272313	0.017439547027234152	0.0008316008316008316	0.048888888888888885
chlorambucil	-0.559091989798733	0.012607149875668985	0.0008731808731808732	0.048888888888888885
ABT-737	-0.5565048412488641	0.012470479485742383	0.0009147609147609147	0.048888888888888885
tretinoin	-0.5497337040721053	0.014671032160089248	0.0012474012474012475	0.05399999999999999
sotrastaurin	-0.54596246841129	0.018482824786229188	0.0015384615384615385	0.05399999999999999
PF-4800567 hydrochloride	-0.5448157446499643	0.10012586225348245	0.00158004158004158	0.05399999999999999
cytarabine hydrochloride	-0.5414391457161544	0.011793500426274167	0.001787941787941788	0.05399999999999999
RG-108	-0.5410931705661144	0.01858284897018968	0.0018295218295218294	0.05399999999999999
ML239	-0.5409724413407468	0.02110905240742923	0.0018295218295218294	0.05399999999999999
avrainvillamide	-0.5383404691092742	0.015357720112920066	0.0019126819126819127	0.05399999999999999
VX-680	-0.5373964758812739	0.07769974703298305	0.0019542619542619543	0.05399999999999999
alisertib	-0.5356493731905069	0.015430310400693975	0.0021205821205821204	0.05399999999999999
BRD-K26531177	-0.5337561274837896	0.016571086331671914	0.0022453222453222453	0.05399999999999999
PX-12	-0.5329719804704433	0.014703000789098405	0.0022453222453222453	0.05399999999999999
BRD-M00053801	-0.531406057927573		0.00237006237006237	0.054285714285714284
LY-2183240	-0.5298706664177079		0.0025363825363825363	0.05545454545454545
Compound 7d-cis	-0.5264961715461386		0.002785862785862786	0.05826086956521739
tivantinib	-0.5189579717375651		0.0035343035343035345	0.06896551724137931
BRD-K88742110	-0.5175143822189902		0.0037837837837837837	0.06896551724137931
SB-225002	-0.5164686413419411		0.0038253638253638255	0.06896551724137931
16-beta-bromoandrosterone	-0.5160026759594074		0.00395010395010395	0.06896551724137931
olaparib	-0.5147544092142353		0.004033264033264033	0.06896551724137931
epigallocatechin-3-monogallate	-0.5126494382624897		0.004158004158004158	0.06896551724137931
GMX-1778	-0.5108585610698956		0.004449064449064449	0.07133333333333333
isoliquiritigenin	-0.5086830452071871		0.004781704781704782	0.07419354838709677
tipifarnib-P1	-0.5042719027618401		0.00553014553014553	0.08312499999999999
CIL41	-0.502808050109955		0.005945945945945946	0.08470588235294117
tacrolimus	-0.502035965152448		0.005987525987525988	0.08470588235294117
axitinib	-0.49916092355000213		0.0069854469854469855	0.0919047619047619
BRD-K92856060	-0.49757751520291915		0.007318087318087318	0.0919047619047619
NSC19630	-0.49664607574291975		0.0075675675675675675	0.0919047619047619
LBH-589	-0.4966072129141688		0.0075675675675675675	0.0919047619047619
tacedinaline	-0.49479175489992344		0.007983367983367984	0.0919047619047619
teniposide	-0.49474475091720954		0.007983367983367984	0.0919047619047619
ceranib-2	-0.4944868557673768		0.008024948024948025	0.0919047619047619
BMS-754807	-0.49445586444785006		0.008024948024948025	0.0919047619047619
BRD-K24690302	-0.4912099508447937		0.008648648648648649	0.09674418604651162
MI-2	-0.489762707633654		0.009106029106029105	0.09695652173913043
vorinostat	-0.4890522466420235		0.009230769230769232	0.09695652173913043
IU1	-0.48899153226646136		0.009272349272349273	0.09695652173913043
SZ4TA2	-0.4873495743680341		0.009937629937629937	0.10170212765957445
BRD-K34485477	-0.48626520719873306		0.01027027027027027	0.10291666666666666
ABT-199	-0.4847199572710366		0.010686070686070685	0.10407407407407407
Compound 1541A	-0.4835140847026283		0.010935550935550936	0.10407407407407407
KPT185	-0.4832136671047958		0.011185031185031185	0.10407407407407407
MLN2480	-0.48195848885997894		0.011476091476091476	0.10407407407407407
ML050	-0.4818935348233411		0.011517671517671517	0.10407407407407407
ISOX	-0.4810223757784057		0.011683991683991684	0.10407407407407407
BRD1835	-0.47878196207018614		0.012474012474012475	0.10644067796610168
etoposide	-0.4786760968435313		0.012474012474012475	0.10644067796610168
Repligen 136	-0.4775879334145378		0.012931392931392931	0.10644067796610168
apicidin	-0.4774800198816879		0.012972972972972972	0.10644067796610168
KW-2449	-0.4772430305653216		0.013056133056133056	0.10644067796610168
BRD-K61166597	-0.47587408323804986		0.013513513513513514	0.10786885245901638
BRD-K42260513	-0.475427737013904		0.01367983367983368	0.10786885245901638
GSK461364	-0.4726593392985974		0.014844074844074844	0.11333333333333333
Mdivi-1	-0.47250527751597643		0.014844074844074844	0.11333333333333333
BRD-K11533227	-0.4703814931461473		0.01575883575883576	0.11472222222222221
topotecan	-0.4699813227704285		0.01600831600831601	0.11472222222222221
BRD-A71883111	-0.4696079924556133		0.016174636174636176	0.11472222222222221
BRD-K02251932	-0.4692574841963669		0.016174636174636176	0.11472222222222221
istradefylline	-0.4686544041576176		0.016465696465696466	0.11472222222222221
tubastatin A	-0.46810720771640707		0.0167983367983368	0.11472222222222221
BRD-K51490254	-0.4677704588948937		0.017006237006237008	0.11472222222222221
BMS-195614	-0.46767729275882924		0.01713097713097713	0.11472222222222221
foretinib	-0.4673326246644745		0.01717255717255717	0.11472222222222221
mitomycin	-0.4665102883006116		0.017546777546777546	0.11493670886075948
tamoxifen	-0.4661282116500431		0.018045738045738047	0.11493670886075948
LRRK2-IN-1	-0.4656739115426296		0.018253638253638255	0.11493670886075948
BRD-K01737880	-0.4651620290575164		0.018544698544698545	0.11493670886075948
vincristine	-0.46506167341672444		0.018586278586278586	0.11493670886075948
CIL70	-0.46471841761659394		0.018711018711018712	0.11493670886075948
BRD-K70511574	-0.46433896603133035		0.018877338877338876	0.11493670886075948
necrostatin-7	-0.4640116391790226		0.01916839916839917	0.11524999999999999
FSC231	-0.46289049836814866		0.019708939708939707	0.11530434782608695
BI-2536	-0.4628591634107355		0.019708939708939707	0.11530434782608695
KX2-391	-0.462125445544318		0.02020790020790021	0.11530434782608695
BRD6340	-0.4615362081315652		0.020498960498960498	0.11530434782608695
lenvatinib	-0.46113853112194925		0.020956340956340955	0.11530434782608695
NSC48300	-0.45969537362836266		0.021704781704781705	0.11530434782608695
ML029	-0.45923922466569794		0.021954261954261953	0.11530434782608695
daporinad	-0.458728943999128		0.02212058212058212	0.11530434782608695
parbendazole	-0.458573964963357		0.022203742203742202	0.11530434782608695
STF-31	-0.45786770504673363		0.022702702702702703	0.11530434782608695
ELCPK	-0.4576975038786623		0.022744282744282744	0.11530434782608695
BIBR-1532	-0.4574728937158192		0.02291060291060291	0.11530434782608695
isoevodiamine	-0.4570951593666155		0.023076923076923078	0.11530434782608695
BRD-K34099515	-0.4566254987329601		0.023243243243243242	0.11530434782608695
BRD-A86708339	-0.45595946855746805		0.023575883575883576	0.11530434782608695
MG-132	-0.45592988569123477		0.023575883575883576	0.11530434782608695
GW-843682X	-0.4556650850631249		0.023617463617463617	0.11530434782608695
SN-38	-0.4548735978871867		0.02428274428274428	0.11530434782608695
PDMP	-0.4545227493999624		0.024532224532224534	0.11530434782608695
XL765	-0.45426493678280633		0.024698544698544697	0.11530434782608695
BMS-270394	-0.4537493521293915		0.025114345114345113	0.11530434782608695
FQI-2	-0.45367769197123214		0.025114345114345113	0.11530434782608695
BRD-K51831558	-0.4533951231456754		0.02532224532224532	0.11530434782608695
necrosulfonamide	-0.45337372259464415		0.02532224532224532	0.11530434782608695
pifithrin-mu	-0.4532106807058396		0.025488565488565488	0.11530434782608695
elocalcitol	-0.4530679697913996		0.025654885654885655	0.11530434782608695
BRD-K44224150	-0.4525414327887507		0.02598752598752599	0.11530434782608695
omacetaxine mepesuccinate	-0.45176814278944954		0.026694386694386694	0.11530434782608695
BRD-K90370028	-0.4517596773308041		0.026694386694386694	0.11530434782608695
BRD-K29313308	-0.4515607123857079		0.026985446985446984	0.11530434782608695
darinaparsin	-0.45147804533013147		0.02702702702702703	0.11530434782608695
BRD-K13999467	-0.4514759655345556		0.02702702702702703	0.11530434782608695
Compound 23 citrate	-0.45117512648543906		0.027318087318087318	0.11530434782608695
navitoclax	-0.45108512209929424		0.027525987525987526	0.11530434782608695
BRD-A94377914	-0.4510617748881734		0.027567567567567567	0.11530434782608695
AZD1480	-0.44881687756836547		0.029397089397089397	0.12189655172413792
ML311	-0.4479396473416583		0.030395010395010396	0.12495726495726496
PF-184	-0.4476492471765379		0.030686070686070686	0.12508474576271186
NSC23766	-0.446930029031699		0.031392931392931395	0.126890756302521
triazolothiadiazine	-0.4463494555430305		0.03185031185031185	0.12766666666666665
NSC95397	-0.445796156340703		0.03234927234927235	0.12859504132231406
NVP-ADW742	-0.44517214445310116		0.03293139293139293	0.12983606557377048
doxorubicin	-0.44434113900726396		0.03351351351351351	0.13105691056910568
BRD-K34222889	-0.4434094162388522		0.034012474012474016	0.13158730158730159
BRD1812	-0.4429075855486107		0.03442827442827443	0.13158730158730159
PL-DI	-0.4428575447133163		0.03446985446985447	0.13158730158730159
BRD-K41597374	-0.4417093179313539		0.0353014553014553	0.1334375
fingolimod	-0.4416513544989714		0.03550935550935551	0.1334375
crizotinib	-0.4411813532685724		0.03625779625779626	0.13415384615384615
PF-3758309	-0.44113996049590404		0.03625779625779626	0.13415384615384615
cucurbitacin I	-0.4395005155629834		0.03817047817047817	0.13969696969696968
BIX-01294	-0.43942369372900675		0.03833679833679834	0.13969696969696968
bexarotene	-0.4376740133352893		0.04020790020790021	0.14405797101449275
BRD-K80183349	-0.4370858095581743		0.04066528066528066	0.14405797101449275
AT-406	-0.43707984173731984		0.04066528066528066	0.14405797101449275
CHM-1	-0.43645975989609953		0.04108108108108108	0.14405797101449275
cimetidine	-0.4361083100753693		0.041288981288981286	0.14405797101449275
BRD-K35604418	-0.4359679189727224		0.04133056133056133	0.14405797101449275
968	-0.43455652456806176		0.04295218295218295	0.14863309352517984
BRD-K19103580	-0.43425488368857607		0.043534303534303535	0.14957142857142858
necrostatin-1	-0.433927711466384		0.04403326403326403	0.1502127659574468
AZD4547	-0.4334901317347282		0.04474012474012474	0.15154929577464787
CAY10618	-0.43315518815105697		0.045322245322245325	0.15244755244755245
ML203	-0.43270917354786403		0.04594594594594595	0.15347222222222223
NVP-TAE684	-0.43193745061705574		0.04686070686070686	0.15544827586206897
MST-312	-0.4314446045852176		0.04773388773388773	0.15726027397260273
ETP-46464	-0.43087351916920785		0.04827442827442827	0.15795918367346937
tipifarnib-P2	-0.4298165241767165		0.04968814968814969	0.16053691275167783
entinostat	-0.4297634643888013		0.04972972972972973	0.16053691275167783
FQI-1	-0.42875409739537146		0.051143451143451146	0.1618421052631579
gemcitabine	-0.42875204713970266		0.051143451143451146	0.1618421052631579
MGCD-265	-0.42872249851433		0.051143451143451146	0.1618421052631579
RO4929097	-0.4277969661612965		0.0520997920997921	0.1637908496732026
dinaciclib	-0.4258862947837282		0.05451143451143451	0.17025974025974025
GSK-J4	-0.4245218339349856		0.05659043659043659	0.17388535031847133
NSC632839	-0.4244019036883608		0.056715176715176716	0.17388535031847133
Ki8751	-0.42439406292604787		0.05675675675675676	0.17388535031847133
YK 4-279	-0.42249168762732625		0.0595010395010395	0.1811392405063291
rigosertib	-0.4217933510606159		0.0604989604989605	0.1830188679245283
nilotinib	-0.42121974929692096		0.06128898128898129	0.18425
ML031	-0.4207120016718977		0.06207900207900208	0.18506172839506171
JW-55	-0.42061018553123886		0.06232848232848233	0.18506172839506171
neuronal differentiation inducer III	-0.4201365573891282		0.06311850311850312	0.18625766871165642
RITA	-0.4198431929989403		0.06353430353430353	0.18634146341463412
cerulenin	-0.41889157808728983		0.06474012474012474	0.18658823529411767
BRD-K02492147	-0.41875294918451683		0.06486486486486487	0.18658823529411767
JW-74	-0.41851775501202454		0.06503118503118503	0.18658823529411767
decitabine	-0.4179795608856877		0.06577962577962577	0.18658823529411767
BRD-K85133207	-0.4179178684319253		0.06594594594594595	0.18658823529411767
hyperforin	-0.41790612742501076		0.06594594594594595	0.18658823529411767
MK-2206	-0.41772121814043534		0.06644490644490644	0.18690058479532162
manumycin A	-0.4164851442692822		0.0688981288981289	0.19267441860465115
Merck60	-0.4159930193829052		0.06981288981288981	0.19410404624277455
brivanib	-0.4151136442247431		0.07076923076923076	0.19563218390804596
itraconazole	-0.4143189050979591		0.0718087318087318	0.19693181818181818
ciclopirox	-0.41419907883967333		0.07205821205821206	0.19693181818181818
alvocidib	-0.4139829725288813		0.07247401247401247	0.19694915254237286
TG-100-115	-0.4130485276232987		0.07372141372141372	0.1992134831460674
nakiterpiosin	-0.4122686534889595		0.07467775467775468	0.2
PRIMA-1	-0.41203604331156385		0.07496881496881497	0.2
SCH-79797	-0.4117156722283784		0.07559251559251559	0.2
sorafenib	-0.41162007337121637		0.07567567567567568	0.2
BYL-719	-0.410810604092548		0.07683991683991684	0.2018478260869565
SB-525334	-0.41062814370680806		0.07721413721413721	0.2018478260869565
PAC-1	-0.41020832824521497		0.07804573804573804	0.20193548387096774
QW-BI-011	-0.4101860031817701		0.07808731808731809	0.20193548387096774
BRD-K66453893	-0.40987737957138837		0.07866943866943867	0.20235294117647057
OSI-930	-0.40910820286979743		0.08016632016632017	0.20510638297872338
pazopanib	-0.40869572853813646		0.08083160083160083	0.2057142857142857
AC55649	-0.4084291415511572		0.08133056133056132	0.20589473684210524
docetaxel	-0.40782965909011515		0.08228690228690229	0.20722513089005234
piperlongumine	-0.4069856208680792		0.08374220374220374	0.20795918367346938
UNC0638	-0.4066201193369427		0.08407484407484407	0.20795918367346938
trifluoperazine	-0.4062165499078056		0.08461538461538462	0.20795918367346938
HLI 373	-0.4060506233502859		0.08474012474012474	0.20795918367346938
QS-11	-0.40604662614894477		0.08474012474012474	0.20795918367346938
SU11274	-0.4052011067383266		0.08632016632016631	0.21076142131979692
SR-II-138A	-0.40365906047913297		0.08844074844074844	0.21472636815920396
PF-573228	-0.40302599886824997		0.08956340956340957	0.21472636815920396
CCT036477	-0.40295541302387256		0.08968814968814968	0.21472636815920396
NVP-231	-0.4029311593805643		0.08972972972972973	0.21472636815920396
gossypol	-0.4025524162921101		0.09043659043659044	0.21492682926829268
neopeltolide	-0.40220987191491425		0.09101871101871102	0.21492682926829268
methylstat	-0.40205011656653583		0.09122661122661123	0.21492682926829268
imatinib	-0.4018178632357263		0.0916008316008316	0.21492682926829268
pandacostat	-0.39895892591804727		0.0967983367983368	0.22461538461538458
CD-437	-0.39886967225491066		0.09696465696465696	0.22461538461538458
PHA-793887	-0.39871631181197303		0.09713097713097713	0.22461538461538458
marinopyrrole A	-0.39794165425538486		0.09841995841995842	0.22628571428571426
SKI-II	-0.39776216778560664		0.09879417879417879	0.22628571428571426
NVP-BEZ235	-0.39664383268167663		0.10103950103950105	0.22971698113207548
B02	-0.39654340175566016		0.10124740124740125	0.22971698113207548
PI-103	-0.3962761770516569		0.10174636174636174	0.22976525821596241
FGIN-1-27	-0.39591583925059237		0.10241164241164241	0.23018691588785045
I-BET151	-0.39475929927897796		0.1041995841995842	0.23222222222222222
tandutinib	-0.3946358228381275		0.10428274428274428	0.23222222222222222
tivozanib	-0.39397611049537995		0.10544698544698544	0.23373271889400918
ouabain	-0.3933384630683863		0.10636174636174636	0.23424657534246576
sitagliptin	-0.39301901915190407		0.10665280665280666	0.23424657534246576
Bax channel blocker	-0.3927616567730396		0.1074012474012474	0.2343891402714932
BRD-K66532283	-0.3925530698413529		0.1076923076923077	0.2343891402714932
N9-isopropylolomoucine	-0.39133602019800107		0.1101871101871102	0.2382062780269058
dacarbazine	-0.3911835435518031		0.11043659043659043	0.2382062780269058
narciclasine	-0.39024004277443525		0.11247401247401248	0.23991150442477874
temsirolimus	-0.39003619292390573		0.11268191268191269	0.23991150442477874
TW-37	-0.3900290908305841		0.11272349272349272	0.23991150442477874
curcumin	-0.38980385823970176		0.11367983367983368	0.24026200873362444
nutlin-3	-0.3896214821602476		0.11405405405405405	0.24026200873362444
Ch-55	-0.38944056991162024		0.11438669438669438	0.24026200873362444
phloretin	-0.3884775312386382		0.11609147609147609	0.24278260869565216
BIRB-796	-0.3877244076756807		0.11729729729729729	0.2430901287553648
sildenafil	-0.3875697433597863		0.11738045738045738	0.2430901287553648
isonicotinohydroxamic acid	-0.387390154781669		0.11775467775467775	0.2430901287553648
bardoxolone methyl	-0.38701075459263096		0.11879417879417879	0.24418803418803417
ML162	-0.3866518947344515		0.11941787941787942	0.2444255319148936
SCH-529074	-0.3860762188399893		0.12062370062370062	0.24584745762711863
PF-750	-0.38565542436128997		0.1214968814968815	0.2463934426229508
linifanib	-0.38500115218177844		0.12253638253638253	0.2463934426229508
BMS-536924	-0.3846639821228526		0.12340956340956341	0.2463934426229508
Ko-143	-0.38456311679693755		0.12361746361746362	0.2463934426229508
HBX-41108	-0.3843100810020995		0.12378378378378378	0.2463934426229508
ML006	-0.383913270232113		0.12474012474012475	0.2463934426229508
CR-1-31B	-0.38379419299686474		0.12498960498960499	0.2463934426229508
pitstop2	-0.38378081950207504		0.12498960498960499	0.2463934426229508
KU-0063794	-0.38310656297399404		0.12644490644490644	0.24824489795918367
bendamustine	-0.38161460154984306		0.12960498960498962	0.25341463414634147
3-Cl-AHPC	-0.3793337540931538		0.13534303534303535	0.2624096385542169
NSC 74859	-0.3790369851407806		0.13584199584199586	0.2624096385542169
cediranib	-0.3789644979682855		0.13584199584199586	0.2624096385542169
TPCA-1	-0.37846899840903064		0.13671517671517672	0.26286852589641435
AM-580	-0.37831766412051787		0.13717255717255716	0.26286852589641435
azacitidine	-0.3776337053004161		0.13866943866943868	0.2632156862745098
MK-1775	-0.3774615799694754		0.13883575883575883	0.2632156862745098
leptomycin B	-0.37709111330914974		0.13954261954261954	0.2632156862745098
SMER-3	-0.3770908813825857		0.13954261954261954	0.2632156862745098
paclitaxel	-0.3766181085595534		0.140997920997921	0.264921875
BRD-K96431673	-0.37607589210919634		0.14274428274428275	0.2669201520912548
clofarabine	-0.37572390777292336		0.14353430353430355	0.2669201520912548
JQ-1	-0.37531065569035		0.1444906444906445	0.2669201520912548
CHIR-99021	-0.375300870163956		0.14453222453222453	0.2669201520912548
HC-067047	-0.37484152085661443		0.14536382536382536	0.2669201520912548
SB-743921	-0.3747575451608123		0.14557172557172557	0.2669201520912548
PF-543	-0.3745524254962327		0.14594594594594595	0.2669201520912548
BRD-K04800985	-0.3742279485924812		0.14652806652806652	0.2669696969696969
thalidomide	-0.37297461770487284		0.14927234927234928	0.2695131086142322
KU-55933	-0.37287500610144847		0.14952182952182952	0.2695131086142322
purmorphamine	-0.37279000091481496		0.1496049896049896	0.2695131086142322
PYR-41	-0.3715105076782207		0.1523076923076923	0.2733582089552239
NSC30930	-0.37018923750461513		0.155010395010395	0.2766051660516605
GSK525762A	-0.36992419406097515		0.15571725571725573	0.2766051660516605
ibrutinib	-0.3698179387848731		0.15584199584199585	0.2766051660516605
BRD8899	-0.3684328722196882		0.159002079002079	0.2802930402930403
AZ-3146	-0.36839407672577446		0.15908523908523908	0.2802930402930403
AT7867	-0.3678889479181337		0.15995841995841995	0.2805818181818182
NPC-26	-0.3676651985152051		0.16041580041580042	0.2805818181818182
PRL-3 inhibitor I	-0.366664601361301		0.16253638253638253	0.28326086956521734
sunitinib	-0.36633617901911		0.16324324324324324	0.28346570397111914
parthenolide	-0.36525071417674004		0.16577962577962577	0.2854285714285714
prochlorperazine	-0.3651838641582061		0.16586278586278586	0.2854285714285714
nintedanib	-0.3650368566231885		0.16615384615384615	0.2854285714285714
BRD-K37390332	-0.36357343400669634		0.1698128898128898	0.29035460992907797
OSI-027	-0.3633665113380749		0.17022869022869022	0.29035460992907797
CD-1530	-0.36030522173646173		0.1777130977130977	0.3020494699646643
obatoclax	-0.3598374305664161		0.17925155925155925	0.30287719298245613
AA-COCF3	-0.3597804178493722		0.17945945945945946	0.30287719298245613
DBeQ	-0.35881822541677966		0.18195426195426195	0.306013986013986
A-804598	-0.35816133584667276		0.1834927234927235	0.3075261324041812
CIL56	-0.35779160366984525		0.18444906444906445	0.3080555555555555
AZD7545	-0.35751270454344575		0.1851975051975052	0.30823529411764705
BRD-K45681478	-0.35676498666798995		0.18706860706860706	0.3102758620689655
niclosamide	-0.35594280772142245		0.18856548856548858	0.31168384879725086
salermide	-0.3552598719888305		0.19002079002079003	0.31277027027027027
RAF265	-0.3547121400872215		0.1911018711018711	0.31277027027027027
pevonedistat	-0.3544145623361291		0.1920997920997921	0.31277027027027027
SRT-1720	-0.3543670246014651		0.19222453222453223	0.31277027027027027
sirolimus	-0.3542793375062843		0.19247401247401247	0.31277027027027027
erastin	-0.3539268348731594		0.19347193347193348	0.31333333333333335
pifithrin-alpha	-0.3530640734442635		0.19521829521829523	0.31478260869565217
GDC-0941	-0.35287912699090335		0.19567567567567568	0.31478260869565217
regorafenib	-0.3519648060053778		0.19771309771309772	0.317
BRD-K78574327	-0.35143269789011705		0.19887733887733888	0.3178073089700997
momelotinib	-0.3508389041269838		0.19975051975051974	0.3179016393442623
valdecoxib	-0.3501562503492482		0.20145530145530147	0.3179016393442623
oligomycin A	-0.3501421966016869		0.20145530145530147	0.3179016393442623
AGK-2	-0.3501094271376319		0.20158004158004159	0.3179016393442623
BRD-K30019337	-0.34909168423416975		0.20424116424116423	0.3210457516339869
GSK-3 inhibitor IX	-0.3488333978088903		0.204989604989605	0.32117263843648214
StemRegenin 1	-0.3484944279758125		0.20594594594594595	0.3216233766233766
GW-405833	-0.3472350384255397		0.2094802494802495	0.3254777070063694
AT13387	-0.34711583177393185		0.2098128898128898	0.3254777070063694
KHS101	-0.3460531240283128		0.21222453222453222	0.3254777070063694
brefeldin A	-0.34601540946685727		0.21226611226611228	0.3254777070063694
KU-60019	-0.3459168043091537		0.2123908523908524	0.3254777070063694
BMS-345541	-0.345858238417737		0.21247401247401249	0.3254777070063694
ML312	-0.34410863541582953		0.2172141372141372	0.3296875
triptolide	-0.3440678685460659		0.2172972972972973	0.3296875
R428	-0.34400357990034314		0.21754677754677754	0.3296875
masitinib	-0.3436601584892975		0.21850311850311852	0.3296875
cyanoquinoline 11	-0.34331016500792366		0.21912681912681914	0.3296875
importazole	-0.343182580601344		0.21933471933471935	0.3296875
tigecycline	-0.3427190928598983		0.22054054054054054	0.33024844720496893
ciclosporin	-0.3425519645992322		0.22108108108108107	0.33024844720496893
WP1130	-0.33837748784556676		0.23234927234927236	0.34543209876543207
GSK1059615	-0.33828686220508936		0.23268191268191268	0.34543209876543207
CIL55A	-0.3378924869545088		0.2338045738045738	0.34603076923076925
BRD-K64610608	-0.3370968773550848		0.2352182952182952	0.34705521472392636
SID 26681509	-0.33681022590226284		0.23596673596673598	0.3470948012232416
BRD-K30748066	-0.33523552000902657		0.2404158004158004	0.3516717325227964
fluorouracil	-0.33520149454069226		0.24054054054054055	0.3516717325227964
bleomycin A2	-0.3335653693088958		0.2451975051975052	0.3573939393939394
ZSTK474	-0.33240310329066625		0.24844074844074845	0.360722891566265
tosedostat	-0.3321720523473933		0.248981288981289	0.360722891566265
ML320	-0.33117836231226205		0.2515176715176715	0.3633033033033033
quizartinib	-0.3304319664147325		0.2537214137214137	0.3643582089552239
BRD9876	-0.33042059252644673		0.25376299376299377	0.3643582089552239
pyrazolanthrone	-0.32894607603237347		0.25792099792099793	0.3687058823529411
GANT-61	-0.3286011103911497		0.25891891891891894	0.3687058823529411
palmostatin B	-0.32816739409147105		0.25995841995841995	0.3687058823529411
temozolomide	-0.3280314635902881		0.26037422037422037	0.3687058823529411
AZD7762	-0.3279193201875183		0.2606237006237006	0.3687058823529411
PIK-93	-0.32726362777865187		0.26224532224532227	0.3699120234604106
COL-3	-0.32656865310754696		0.26415800415800417	0.3715204678362573
LE-135	-0.3258990942589792		0.2657380457380457	0.37209302325581395
cabozantinib	-0.3257387446412543		0.2661122661122661	0.37209302325581395
cytochalasin B	-0.3254751615655365		0.26694386694386696	0.3721739130434783
KH-CB19	-0.32458893633975966		0.26914760914760916	0.37416184971098265
BRD-A02303741	-0.3235100675978302		0.2720997920997921	0.3771757925072047
BRD-K97651142	-0.3224586646243019		0.274968814968815	0.3800574712643678
MK-0752	-0.3221437692543273		0.27584199584199587	0.3801719197707737
AZD8055	-0.3216588655506906		0.27750519750519753	0.3813714285714286
fulvestrant	-0.32142159557737743		0.27833679833679836	0.38142450142450146
WZ4002	-0.31806596257167064		0.2868191268191268	0.39193181818181816
vorapaxar	-0.31657716802064423		0.2913097713097713	0.3969405099150142
spautin-1	-0.315744560763176		0.29376299376299375	0.39915254237288134
EX-527	-0.31514417111133114		0.29555093555093553	0.3995505617977528
NVP-BSK805	-0.3150741023975692		0.2957172557172557	0.3995505617977528
SNX-2112	-0.3144348422378726		0.29742203742203743	0.40072829131652665
UNC0321	-0.31288717492348744		0.30166320166320165	0.40530726256983235
CI-976	-0.3066409746137453		0.3209147609147609	0.42949999999999994
SNS-032	-0.30631102650720016		0.32145530145530143	0.42949999999999994
BRD4132	-0.30549558724267706		0.32432432432432434	0.4321329639889197
MLN2238	-0.3019752463678147		0.3346777546777547	0.44469613259668506
austocystin D	-0.30150884979224973		0.335966735966736	0.4451790633608816
1S,3R-RSL-3	-0.301040063713337		0.3370893970893971	0.44543956043956046
BRD-K14844214	-0.2982637672056114		0.34465696465696466	0.4541917808219178
WZ8040	-0.2937856085066118		0.35713097713097713	0.46934426229508197
SR8278	-0.29270003401480893		0.3597920997920998	0.47076086956521734
bortezomib	-0.2925259565686127		0.36016632016632016	0.47076086956521734
silmitasertib	-0.2914359945426047		0.36340956340956343	0.47371273712737133
myricetin	-0.2893669536174221		0.3690644490644491	0.47929919137466304
ML210	-0.28909420823163534		0.36968814968814967	0.47929919137466304
TG-101348	-0.28697646601520305		0.3753014553014553	0.48526881720430104
KU 0060648	-0.2762473959758285		0.4028690228690229	0.5195174262734584
bafilomycin A1	-0.2750849172683554		0.4057796257796258	0.5218716577540107
AZD6482	-0.27331733302528344		0.40964656964656965	0.52544
dexamethasone	-0.2703343061333309		0.4154261954261954	0.5314361702127659
BRD-K09344309	-0.25434078054870846		0.4382952182952183	0.5592042440318302
BRD-K33514849	-0.21128668628818842		0.45343035343035343	0.5769841269841269
vandetanib	0.25553749291847544		0.47135135135135137	0.5972105263157894
BRD-K71935468	0.2559524907871116		0.4718087318087318	0.5972105263157894
BRD-K84807411	0.25847497195715496		0.4755509355509355	0.6003674540682414
methotrexate	0.2759991667165877		0.4855301455301455	0.6478010471204189
tanespimycin	0.27811827487870827		0.4797089397089397	0.6534203655352481
bosutinib	0.28765552360450247		0.4508939708939709	0.6878124999999999
fluvastatin	0.2879916148749867		0.4493970893970894	0.6878961038961039
neratinib	0.29028950372240775		0.44124740124740125	0.6962694300518134
simvastatin	0.2921518782548011		0.43496881496881495	0.7022739018087855
BRD-K94991378	0.29371035227464454		0.4293139293139293	0.7074742268041236
lovastatin	0.2994867897863012		0.40877338877338876	0.7310539845758355
canertinib	0.30457658451689046		0.3903950103950104	0.7518461538461538
BRD-K63431240	0.30945477709629987		0.3734303534303534	0.7707928388746803
lapatinib	0.3275501201667803		0.30765072765072765	0.8495408163265306
GSK2636771	0.32864635282444093		0.30403326403326403	0.8518066157760814
abiraterone	0.32947826944953856		0.3007068607068607	0.8537055837563451
semagacestat	0.33130203338980907		0.2948440748440748	0.8563316582914572
CID-5951923	0.33151798138341376		0.29405405405405405	0.8563316582914572
C6-ceramide	0.3320901108011406		0.2920582120582121	0.8563316582914572
betulinic acid	0.33237389658354866		0.29143451143451143	0.8563316582914572
saracatinib	0.3331365299866302		0.28893970893970894	0.8571929824561403
BRD-K27224038	0.33399452862516926		0.2863617463617464	0.85815
VER-155008	0.3366033525557782		0.2777962577962578	0.866284289276808
BRD8958	0.33760975862978254		0.27372141372141373	0.8690049751243781
BRD-K48334597	0.340593153185801		0.26407484407484405	0.878362282878412
MI-1	0.3432720577593829		0.2544698544698545	0.8854054054054055
pluripotin	0.34394073449799933		0.2525155925155925	0.8854054054054055
ML258	0.3440769251995029		0.2518918918918919	0.8854054054054055
gefitinib	0.34445019778574926		0.2508108108108108	0.8854054054054055
BRD-K71781559	0.34530743577569234		0.2481081081081081	0.8864215686274509
ifosfamide	0.3470275146696892		0.24266112266112266	0.8906601466992665
ML334 diastereomer	0.3496702397404079		0.23372141372141372	0.8989756097560975
CAL-101	0.3507539325498074		0.23093555093555093	0.9000486618004866
VAF-347	0.3531239209936603		0.22237006237006238	0.9056249999999999
SJ-172550	0.3534603692077199		0.2214968814968815	0.9056249999999999
GSK4112	0.3546330627281856		0.21854469854469855	0.9056249999999999
myriocin	0.354883825796517		0.21762993762993763	0.9056249999999999
tamatinib	0.35519673575174415		0.21675675675675676	0.9056249999999999
VU0155056	0.35702297872279287		0.21168399168399168	0.907511961722488
BRD-K48477130	0.35714368520301726		0.21135135135135136	0.907511961722488
YM-155	0.35952250467540053		0.2049064449064449	0.912744630071599
TGX-221	0.3610317088285437		0.20074844074844075	0.9153333333333332
veliparib	0.3662105117767432		0.18673596673596674	0.9288941176470589
BRD-K27986637	0.3676269049856931		0.18228690228690228	0.9288941176470589
CAY10594	0.367922403191578		0.18153846153846154	0.9288941176470589
JW-480	0.36837156716871927		0.18033264033264032	0.9288941176470589
BRD-K41334119	0.3687231514821605		0.17925155925155925	0.9288941176470589
BRD-K17060750	0.3700847918611964		0.17613305613305613	0.9302347417840374
avicin D	0.3709183791011129		0.1735966735966736	0.9309133489461358
selumetinib	0.3756454684235787		0.16095634095634095	0.9429439252336448
BRD-K55116708	0.3850290817141765		0.13742203742203743	0.9651936218678816
nelarabine	0.3858752772418482		0.13542619542619544	0.9651936218678816
fumonisin B1	0.38653629051575267		0.13355509355509357	0.9651936218678816
etomoxir	0.3884618495793414		0.1291891891891892	0.9651936218678816
blebbistatin	0.3897259836064646		0.12636174636174635	0.9651936218678816
afatinib	0.39022692213530985		0.12515592515592516	0.9651936218678816
L-685458	0.3907608037889608		0.12407484407484408	0.9651936218678816
IPR-456	0.3914056165404696		0.12278586278586279	0.9651936218678816
ML083	0.3919533857269927		0.12174636174636175	0.9651936218678816
erismodegib	0.3928765177740901		0.11937629937629937	0.9651936218678816
PLX-4032	0.3929547769402679		0.11908523908523909	0.9651936218678816
BRD-K33199242	0.39774274363351253		0.10835758835758835	0.9690582959641255
BEC	0.39808800881447537		0.10756756756756757	0.9690582959641255
BRD-K09587429	0.3981966107564724		0.10723492723492724	0.9690582959641255
cyclophosphamide	0.3988368736900187		0.10598752598752599	0.9690582959641255
CAY10576	0.39971749473653256		0.10395010395010396	0.9690582959641255
GDC-0879	0.40037986221366806		0.10224532224532225	0.9690582959641255
SGX-523	0.40076926755226316		0.10145530145530146	0.9690582959641255
lomeguatrib	0.40313719585444685		0.09704781704781705	0.9694877505567929
BCL-LZH-4	0.4031961229089086		0.09692307692307692	0.9694877505567929
PD 153035	0.4042553804806739		0.09501039501039502	0.9694877505567929
BRD-K50799972	0.4059092002982592		0.09214137214137214	0.9703999999999999
trametinib	0.4120471359928456		0.08054054054054054	0.9806208425720622
BRD-K29086754	0.41418495274892725		0.07742203742203742	0.9817699115044247
ruxolitinib	0.41715468695300073		0.07247401247401247	0.9828634361233479
WAY-362450	0.4175021176053428		0.07230769230769231	0.9828634361233479
dasatinib	0.4188475712624279		0.06997920997920998	0.9831648351648351
staurosporine	0.4201575827472286		0.06760914760914762	0.9835087719298246
BRD-K16147474	0.42154279462997984		0.06528066528066528	0.9835574837310196
BRD-A05715709	0.4253535511694255		0.059002079002079	0.9835574837310196
BRD9647	0.4259680830004584		0.05812889812889813	0.9835574837310196
zebularine	0.42605386315874794		0.05800415800415801	0.9835574837310196
SR1001	0.42661452812376555		0.05733887733887734	0.9835574837310196
procarbazine	0.4303492417016928	0.14103376581530352	0.05251559251559251	0.9853995680345573
PD318088	0.4310906475503109	0.050034043090565444	0.05147609147609147	0.9853995680345573
IC-87114	0.4435926791924688	0.016155724161570417	0.036091476091476095	0.9644444444444444
LY-2157299	0.44782979840596865	0.14221912808575735	0.032058212058212056	0.9070588235294117
compound 1B	0.4482797061640084	0.09717910473842496	0.03172557172557173	0.9070588235294117
BRD-K75293299	0.45792748096630126	0.15232797296912529	0.02444906444906445	0.7839999999999999
BRD-K52037352	0.4654001717790911	0.13799114506180668	0.019833679833679833	0.6814285714285714
PLX-4720	0.47223216621159286	0.015125065206578124	0.015925155925155924	0.5892307692307691
BRD-K99006945	0.4737837623202298	0.08368346267041847	0.015051975051975051	0.5892307692307691
SB-431542	0.47446461679914675	0.12222127070599711	0.014760914760914762	0.5892307692307691
BRD-K96970199	0.4774583831921255	0.1464930557192855	0.013555093555093555	0.5892307692307691
CIL55	0.4779888359531635	0.14459890769907094	0.013056133056133056	0.5892307692307691
birinapant	0.48265570601416047	0.0135906715484596	0.011101871101871101	0.5892307692307691
CBB-1007	0.4897152426298958	0.022773747531671943	0.00893970893970894	0.5892307692307691
erlotinib	0.4925607565368895	0.01460647486205009	0.008274428274428274	0.5892307692307691
PRIMA-1-Met	0.4954941094173945	0.14424209108282104	0.0073596673596673596	0.5892307692307691
BRD-K86535717	0.4970158537592249	0.14800551222410077	0.006902286902286902	0.5892307692307691
O-6-benzylguanine	0.5356739999644251	0.1327754030339794	0.0012474012474012475	0.2
BRD-K49290616	0.5419001949597602	0.14058884082863443	0.0008731808731808732	0.2
dabrafenib	0.5882503916238258	0.017028485334568053	4.158004158004158e-05	0.02
