Name	Score	0.95 CI	p-value	FDR
PAI-1-M-E	0.6924171178405242	0.011907804894455946	8.658008658008658e-05	0.0007692307692307692
Caveolin-1-R-V	0.679153569432369	0.010330552381615654	8.658008658008658e-05	0.0007692307692307692
FRA1-R-E	0.6487444831508075	0.007229831606051909	8.658008658008658e-05	0.0007692307692307692
FRA1_pS265-R-E	0.6347605372835652	0.00967562123574008	8.658008658008658e-05	0.0007692307692307692
Transglutaminase-M-V	0.6263257083524764	0.012006279941725756	8.658008658008658e-05	0.0007692307692307692
EGFR-R-V	0.6001235914230457	0.009907257830224201	8.658008658008658e-05	0.0007692307692307692
MIG-6-M-V	0.5798255535915073	0.012079804564584714	8.658008658008658e-05	0.0007692307692307692
Annexin 1-M-E	0.5498931726771903	0.00979791399303123	8.658008658008658e-05	0.0007692307692307692
FRA1_pS265 Cleaved D22B1-R-E	0.5209740424139491	0.011790939590182242	8.658008658008658e-05	0.0007692307692307692
CD49b-M-V	0.5179147861431649	0.010677467232929607	8.658008658008658e-05	0.0007692307692307692
VEGFR2-R-V	0.5174839516320074	0.010740572646493387	8.658008658008658e-05	0.0007692307692307692
TAZ-R-V	0.45970393798030557	0.01022150818578865	8.658008658008658e-05	0.0007692307692307692
YAP-R-E	0.44727778615421104	0.012050003270528567	8.658008658008658e-05	0.0007692307692307692
c-Jun_pS73-R-V	0.43289916907015735	0.012504513944445484	8.658008658008658e-05	0.0007692307692307692
BRCA2-R-C	0.43231263127910036	0.011958037014951321	8.658008658008658e-05	0.0007692307692307692
YAP_pS127-R-E	0.42732517939533504	0.012640053562663131	8.658008658008658e-05	0.0007692307692307692
Paxillin-R-C	0.42373462705960663	0.01121239162748178	8.658008658008658e-05	0.0007692307692307692
IRS1-R-V	0.404605117496738	0.010143956473205274	8.658008658008658e-05	0.0007692307692307692
c-Met-M-QC	0.40440667833493565	0.10599051466005258	8.658008658008658e-05	0.0007692307692307692
NF-kB-p65_pS536-R-C	0.3983095775002364	0.012142565101042913	8.658008658008658e-05	0.0007692307692307692
Caspase-8-M-QC	0.3976565024318479		8.658008658008658e-05	0.0007692307692307692
p14 Arf(BetA300-340A)-R-E	0.3897936454161927		8.658008658008658e-05	0.0007692307692307692
PKC-alpha-M-V	0.3869808012746505		8.658008658008658e-05	0.0007692307692307692
SETD2-R-QC	0.3869549459426729		8.658008658008658e-05	0.0007692307692307692
PKC-alpha_pS657-R-C	0.375713833180477		8.658008658008658e-05	0.0007692307692307692
Fibronectin-R-V	0.3695355195575035		8.658008658008658e-05	0.0007692307692307692
Myosin IIa pS1943-R-V	0.3672316601771891		0.00017316017316017316	0.0014814814814814814
Smad3-R-V	0.3572671100340742		0.0003463203463203463	0.002857142857142857
G6PD-M-V	0.3501703308551001		0.0006060606060606061	0.004827586206896552
Heregulin-R-V	0.32203300682000774		0.003463203463203463	0.02666666666666667
NF2-R-C	0.3183643254078135		0.004155844155844156	0.030967741935483867
ETS-1-R-V	0.3134603783166121		0.005627705627705628	0.04060606060606061
p62 Lck ligand-M-C	0.31311241625898273		0.005800865800865801	0.04060606060606061
MYH11-R-V	0.3102003227568568		0.006147186147186148	0.04171428571428572
EGFR_pY1068-R-C	0.3094885590063787		0.006320346320346321	0.04171428571428572
VAV1-R-E	0.3078390644977842		0.006753246753246753	0.043333333333333335
p14 Arf(BetIHC-00196)-R-E	0.30554931266042346		0.007532467532467533	0.04702702702702703
PEA15-R-V	0.29826106189555757		0.008571428571428572	0.05210526315789474
Annexin_VII-M-V	0.29610697872117886		0.009523809523809525	0.05641025641025642
RASD2(SigHPA005839)-R-E	0.29201921109902457		0.011168831168831168	0.06292682926829267
PKC-delta_pS664-R-V	0.2916576913645547		0.011168831168831168	0.06292682926829267
STAT3_pY705-R-V	0.2875096463082773		0.012813852813852814	0.06976744186046512
YB-1-R-V	0.2871129019536754		0.012987012987012988	0.06976744186046512
beta Actin-R-E	0.28135581502378454		0.015670995670995672	0.08133333333333333
Rictor-R-C	0.2810693928301208		0.015844155844155845	0.08133333333333333
YB-1_pS102-R-V	0.2768848090112442		0.017575757575757574	0.08826086956521738
Prohibitin-R-E	0.2645161366423636		0.025887445887445886	0.12723404255319148
ATM-R-E	0.262979686548468		0.026926406926406927	0.12857142857142856
p21-R-V	0.262772761411721		0.02727272727272727	0.12857142857142856
eIF4G-R-C	0.25911749306402543		0.030043290043290042	0.13686274509803922
Src_pY416-R-C	0.2589432541015975		0.030216450216450218	0.13686274509803922
Rictor_pT1135-R-V	0.25590210099294247		0.03341991341991342	0.14846153846153845
cIAP-R-C	0.25235210542889636		0.0367965367965368	0.15925925925925927
MEK1_pS217_S221-R-V	0.25173370470756457		0.03722943722943723	0.15925925925925927
14-3-3_zeta-R-V	0.23777067160856277		0.05367965367965368	0.22545454545454546
Bad_pS112-R-V	0.2358294668994359		0.05688311688311688	0.23464285714285713
p53-R-E	0.23385477345434008		0.059826839826839825	0.2386206896551724
JNK_pT183_Y185-R-V	0.23382013271723273		0.05991341991341991	0.2386206896551724
alpha-Catenin-M-V	0.23229284477902068		0.06303030303030303	0.24459016393442623
4E-BP1_pT70-R-V	0.23180791198639733		0.06441558441558441	0.24459016393442623
Cyclin_B1-R-V	0.23170794461195238		0.06458874458874458	0.24459016393442623
INPP4B-R-V	0.2263905370082944		0.07653679653679654	0.28516129032258064
c-Myc-R-C	0.224843953969287		0.07982683982683983	0.29269841269841274
P-Cadherin-R-C	0.22355615965308		0.08354978354978355	0.3015625
MEK1-R-V	0.22117084003051798		0.08969696969696969	0.31876923076923075
4E-BP1_pT37_T46-R-V	0.22053532024882377		0.09125541125541126	0.3193939393939394
C-Raf_pS338-R-V	0.2193964315277443		0.09333333333333334	0.3217910447761194
EGFR_pY1173-R-V	0.21697738942282807		0.09965367965367965	0.3336231884057971
ACVRL1-R-C	0.21694593878909196		0.09965367965367965	0.3336231884057971
Caspase 8 Cleaved Asp391-R-E	0.21625841108442045		0.10242424242424242	0.33799999999999997
c-Met_pY1235-R-V	0.2114531683769032		0.11861471861471862	0.3859154929577465
Collagen_VI-R-V	0.2059183070805791		0.13870129870129871	0.43972602739726024
A-Raf_pS299-R-C	0.2058571358744601		0.13896103896103895	0.43972602739726024
STAT5-alpha-R-V	0.20444944394409742		0.14484848484848484	0.4423376623376623
Cyclin_D1-R-V	0.2039735955534202		0.1458874458874459	0.4423376623376623
JAK2-R-E	0.20379669231581124		0.14649350649350648	0.4423376623376623
NDRG1_pT346-R-V	0.20358362989980863		0.14744588744588744	0.4423376623376623
beta-Catenin-R-V	0.20258073294076506		0.15073593073593072	0.4464102564102564
N-Ras-M-V	0.20083756668991556		0.15826839826839828	0.4627848101265823
p38_pT180_Y182-R-V	0.19940508320538528		0.16337662337662337	0.47175
S6_pS235_S236-R-V	0.19527803773967303		0.18277056277056278	0.5212345679012346
Beclin-G-C	0.19391604414232771		0.18943722943722943	0.5336585365853658
eEF2-R-C	0.19123321187966782		0.20536796536796537	0.569047619047619
Chk2_pT68-R-C	0.19089399837315518		0.20692640692640693	0.569047619047619
FOXO3a-R-C	0.18322210149696644		0.25316017316017314	0.688
Bid-R-C	0.18192210609819567		0.2632900432900433	0.7072093023255814
14-3-3_beta-R-V	0.1746283487540683		0.30917748917748916	0.820919540229885
FoxM1-R-V	0.17329826181499838		0.3171428571428571	0.8325
Rad50-M-V	0.17239757750556428		0.32354978354978353	0.8397752808988763
SHP-2_pY542-R-E	0.16934232586578896		0.34095238095238095	0.8751111111111111
Bcl-xL-R-V	0.1671198563768831		0.3548051948051948	0.8967391304347826
TFRC-R-V	0.16672070730043145		0.35714285714285715	0.8967391304347826
Lck-R-V	0.15880269893106877		0.4031168831168831	0.9919424460431654
S6_pS240_S244-R-V	0.14949620425635432		0.4445887445887446	0.9297101449275363
N-Cadherin-R-V	0.14185090621259505		0.4682251082251082	0.8966423357664234
eEF2K-R-V	-0.13843473953315147		0.47194805194805195	0.8016176470588234
p27_pT198-R-V	-0.15035881891310457		0.43073593073593075	0.737037037037037
Src-M-V	-0.17291421012170236		0.30658008658008656	0.5285074626865671
Porin-R-E	-0.17390563700281975		0.30103896103896105	0.5228571428571428
ADAR1-R-V	-0.1765786369339934		0.2851082251082251	0.4989393939393939
GAPDH-M-C	-0.177210638708559		0.2805194805194805	0.4946564885496183
Rab11-R-E	-0.18071846376478062		0.2600865800865801	0.46215384615384614
Smac-M-QC	-0.18111414420481903		0.25792207792207794	0.46186046511627915
HSP70-R-C	-0.18165252173008345		0.25393939393939396	0.45828125000000003
p90RSK_pT573-R-E	-0.18268207646414694		0.24675324675324675	0.44881889763779526
PKC-pan_BetaII_pS660-R-V	-0.18386508218085496		0.23956709956709957	0.43920634920634927
MEK2(13E3)-R-E	-0.18668059156138223		0.22051948051948053	0.40752000000000005
C-Raf(MP05-739)-R-V	-0.1887018100241489		0.207012987012987	0.38564516129032256
p70S6K_pT389-R-V	-0.1905190037086549		0.19645021645021646	0.3689430894308944
4E-BP1-R-V	-0.19086369557392516		0.19437229437229436	0.3680327868852459
CD20 -R-C	-0.19194573351046085		0.1882251082251082	0.3593388429752066
Bak-R-C	-0.19294967243265923		0.18329004329004328	0.35283333333333333
ASNS-R-V	-0.1973173261076307		0.16294372294372295	0.3163025210084034
JNK2-R-C	-0.2027289241478584		0.13645021645021646	0.2671186440677966
Caspase-7_cleavedD198-R-C	-0.2035924528094106		0.13238095238095238	0.2613675213675214
XBP1-G-C	-0.20525604271759268		0.12614718614718615	0.2512068965517241
AMPK_alpha-R-C	-0.20552630817918308		0.12476190476190477	0.2506086956521739
ACC1-R-E	-0.2063128645382944		0.1219047619047619	0.24701754385964914
Notch1-R-V	-0.20633892428368314		0.12173160173160173	0.24701754385964914
MDMX_MDM4(BetA300-287A)-R-E	-0.20654286053066992		0.12095238095238095	0.24701754385964914
RAD51-R-V	-0.20656692389004103		0.12095238095238095	0.24701754385964914
LKB1-M-E	-0.2080737859481666		0.11515151515151516	0.24181818181818185
beta-Catenin_pS33_S37_T41-R-E	-0.20898968183455924		0.11212121212121212	0.23761467889908255
53BP1-R-V	-0.21028378527420774		0.10787878787878788	0.23074074074074075
PRAS40_pT246-R-V	-0.21100326431003164		0.10571428571428572	0.22822429906542055
Rb_pS807_S811-R-V	-0.2141783822599748		0.09471861471861472	0.20641509433962263
VHL-M-C	-0.21444638632943797		0.09402597402597403	0.20641509433962263
4E-BP1_pS65-R-V	-0.21493932654510026		0.09281385281385282	0.20615384615384616
PRDX1-R-V	-0.21563515047246784		0.09116883116883116	0.20446601941747572
p38 alpha MAPK-M-E	-0.21604163878419816		0.0903896103896104	0.20446601941747572
Rb-M-QC	-0.21817095042124568		0.08528138528138528	0.19504950495049503
S6-R-E	-0.21817721916297278		0.08528138528138528	0.19504950495049503
ERK2-R-E	-0.21917620067693117		0.08303030303030302	0.19373737373737374
Ku80-R-C	-0.22111937853205735		0.07844155844155844	0.18489795918367347
TTF1-R-V	-0.2213419727736804		0.07748917748917748	0.1845360824742268
beta-Catenin_pT41_S45-R-E	-0.22160547683594442		0.07627705627705628	0.18354166666666666
Dvl3-R-V	-0.2222380820753754		0.0748051948051948	0.18189473684210525
Tuberin-R-V	-0.2225685595914849		0.07437229437229437	0.18189473684210525
AMPK_pT172-R-V	-0.2229800417659738		0.07333333333333333	0.18189473684210525
MDM2_pS166-R-E	-0.2233401974613915		0.07255411255411255	0.18189473684210525
GSK3_pS9-R-V	-0.22405603190669784		0.07073593073593074	0.17956043956043957
mTOR_pS2448-R-C	-0.224122398890654		0.07047619047619047	0.17956043956043957
RBM15-R-V	-0.22463588294585157		0.0696969696969697	0.17956043956043957
RASD2(OriTA502070)-M-E	-0.22529553414256367		0.0683982683982684	0.17954545454545456
PDK1-R-V	-0.22561233287036309		0.06779220779220779	0.17954545454545456
TSC1-R-C	-0.2270102146703166		0.06484848484848485	0.17418604651162792
p38_MAPK-R-V	-0.22749431515531363		0.06398268398268399	0.1738823529411765
MDM2-R-E	-0.22810106614968748		0.06251082251082252	0.17190476190476192
Chk1-M-C	-0.23199946583447636		0.054285714285714284	0.15108433734939758
MAPK_pT202_Y204-R-V	-0.23432120156546038		0.050822510822510825	0.14317073170731706
Mre11-R-C	-0.23530614443956574		0.049523809523809526	0.14123456790123456
C-Raf(BD610151)-M-E	-0.23646676768569624		0.047186147186147186	0.13625
Cyclin_E2-R-C	-0.23750467120869542		0.04554112554112554	0.1331645569620253
PDK1_pS241-R-V	-0.23928654054905021		0.043722943722943726	0.1294871794871795
Di-Ras3-M-E	-0.24158627245258119		0.04051948051948052	0.12155844155844156
FOXO3a_pS318_S321-R-C	-0.24334044225553197		0.03913419913419913	0.11894736842105262
CD31-M-V	-0.24583179005290198		0.035844155844155845	0.1104
p27_pT157-R-C	-0.24669015712784442		0.03506493506493506	0.10945945945945947
STAT3-R-E	-0.2476279858424168		0.03402597402597403	0.10767123287671233
Shc_pY317-R-E	-0.24968588406163703		0.03212121212121212	0.10305555555555555
Akt_pS473-R-V	-0.2523924041136938		0.029004329004329005	0.0943661971830986
Bim(CST2933)-R-E	-0.25251184118913866		0.028831168831168832	0.0943661971830986
GSK-3-BETA-R-E	-0.25453816567679044		0.0270995670995671	0.09072463768115942
PTEN-R-V	-0.2548797941407855		0.026406926406926406	0.08970588235294116
Akt_pT308-R-V	-0.2599128927229376		0.022164502164502164	0.0764179104477612
Snail-M-QC	-0.2608834129845089		0.021645021645021644	0.07575757575757576
GSK3-alpha-beta_pS21_S9-R-V	-0.2616897308362452		0.020865800865800865	0.07415384615384615
Bim(EP1036)-R-V	-0.26280874690295974		0.02	0.0721875
ACC_pS79-R-V	-0.2670270793925932		0.017575757575757574	0.06444444444444444
MDMX_MDM4(BetIHC-00108)-R-E	-0.26726760708051445		0.01748917748917749	0.06444444444444444
ERCC1-M-QC	-0.2686926167902065		0.016796536796536796	0.06360655737704918
Rab25-R-V	-0.2703774127181372		0.015670995670995672	0.06033333333333334
Cyclin_E1-M-V	-0.2713014657030858		0.015151515151515152	0.059322033898305086
Akt-R-V	-0.2733523822931531		0.013766233766233767	0.05482758620689655
Stathmin-R-V	-0.27544460080802524		0.012554112554112554	0.05087719298245614
E-Cadherin-R-V	-0.27582240976496164		0.012380952380952381	0.05087719298245614
PCNA-M-C	-0.2758714701408221		0.012380952380952381	0.05087719298245614
PR-R-V	-0.2760434455123338		0.012207792207792207	0.05087719298245614
mTOR-R-V	-0.27666846158310626		0.012121212121212121	0.05087719298245614
p90RSK_pT359_S363-R-C	-0.27717804091949094		0.011774891774891775	0.05087719298245614
p70S6K-R-V	-0.27726597927361485		0.011688311688311689	0.05087719298245614
SF2-M-V	-0.28427426081411084		0.008658008658008658	0.04
PDCD4-R-C	-0.2845734617636371		0.008484848484848486	0.04
MSH2-M-V	-0.2870146433102058		0.008051948051948052	0.03874999999999999
CDK1-R-V	-0.28760124253188263		0.007965367965367965	0.03874999999999999
PI3K-p110-alpha-R-C	-0.2896117234417011		0.007445887445887446	0.03739130434782609
PEA15_pS116-R-V	-0.29157440777971066		0.007012987012987013	0.036
p44-42 MAPK (ERK1-2)-R-E	-0.29263776029796035		0.00658008658008658	0.034545454545454546
B-Raf-M-C	-0.29383387270240996		0.006320346320346321	0.03395348837209303
XRCC1-R-E	-0.29634950968366286		0.006147186147186148	0.03380952380952381
Histone H2A-R-E	-0.29833857766892097		0.005800865800865801	0.032682926829268294
PI3K-p85-R-V	-0.299663743902838		0.005541125541125541	0.032
ER-alpha-R-V	-0.30090602515064835		0.005367965367965368	0.031794871794871796
Chk1_pS345-R-C	-0.30203166562250877		0.005021645021645022	0.030526315789473683
Acetyl-a-Tubulin (Lys40)-R-C	-0.3040053636935985		0.004329004329004329	0.02702702702702703
HER2_pY1248-R-C	-0.30605788136553347		0.004155844155844156	0.02666666666666667
p27-R-V	-0.30669443946104785		0.003896103896103896	0.025714285714285714
Tuberin_pT1462-R-V	-0.30730609860355595		0.003722943722943723	0.02529411764705882
eIF4E-R-V	-0.3083581893688924		0.0035497835497835498	0.02484848484848485
Smad4-M-V	-0.30935559311368904		0.00329004329004329	0.02375
Bap1 c-4-M-E	-0.3095087968835266		0.00329004329004329	0.02375
Raptor-R-V	-0.3095371326278714		0.00329004329004329	0.02375
Claudin-7-R-V	-0.3111980153564783		0.0032034632034632035	0.02375
HER2-M-V	-0.31472933634848554		0.002510822510822511	0.020714285714285713
Src_pY527-R-V	-0.31528650390361385		0.002251082251082251	0.01925925925925926
PREX1-R-E	-0.3197145623450001		0.0017316017316017316	0.015384615384615384
DJ-1-R-V	-0.3222133953500402		0.0015584415584415584	0.0144
GATA3-M-V	-0.32305888906764707		0.0015584415584415584	0.0144
RSK1-2-3-R-E	-0.32387097866622716		0.0015584415584415584	0.0144
HER3_pY1289-R-C	-0.32556720932041283		0.0012121212121212121	0.012727272727272728
TIGAR-R-V	-0.3286673553738743		0.0009523809523809524	0.010476190476190476
AR-R-V	-0.3300845173988181	0.012383558789297557	0.0009523809523809524	0.010476190476190476
Syk-M-V	-0.33059964878064	0.013077456160885823	0.0008658008658008658	0.010476190476190476
SCD1-M-V	-0.3318207460346277	0.013664289185732573	0.0007792207792207792	0.01
p14 Arf(CST2407)-M-E	-0.33810531394542187	0.11527016007094835	0.0006060606060606061	0.008235294117647058
HER3-R-V	-0.34569369732746874	0.010173710958476922	0.0003463203463203463	0.005
14-3-3_epsilon-M-C	-0.3458835553126724	0.01185027701941242	0.0003463203463203463	0.005
MSH6-R-C	-0.3462585516601725	0.012544344159766772	0.0003463203463203463	0.005
Bax-R-V	-0.3518674184625943	0.014479665366627432	0.0003463203463203463	0.005
p90RSK-R-C	-0.3532610758260772	0.00994144821395989	0.0003463203463203463	0.005
GSK3-alpha-beta-M-V	-0.35856485671999744	0.012849031330017788	0.00017316017316017316	0.0036363636363636364
ER-alpha_pS118-R-V	-0.35870011951893904	0.012724565774104165	0.00017316017316017316	0.0036363636363636364
PARP_cleaved-M-QC	-0.3645983006216671	0.010303009806960816	8.658008658008658e-05	0.0022222222222222222
c-Kit-R-V	-0.3825029928489647	0.014197253409538705	8.658008658008658e-05	0.0022222222222222222
B-Raf_pS445-R-E	-0.3835256946685001	0.009745975383534857	8.658008658008658e-05	0.0022222222222222222
FASN-R-V	-0.38904656328591625	0.009415115483582719	8.658008658008658e-05	0.0022222222222222222
Chk2-M-V	-0.3989147879298126	0.013462724643431498	8.658008658008658e-05	0.0022222222222222222
Gab2-R-V	-0.4048031587344764	0.011361575601307504	8.658008658008658e-05	0.0022222222222222222
Bcl-2-M-V	-0.4085284861989014	0.010801928881448968	8.658008658008658e-05	0.0022222222222222222
Smad1-R-V	-0.45109317255620457	0.010785901477133956	8.658008658008658e-05	0.0022222222222222222
IGFBP2-R-V	-0.47001303731724237	0.010991485298041831	8.658008658008658e-05	0.0022222222222222222
