Name	C0	C1	C2
SNUPN	0.5788753714224523	0.6845193501213469	0.7440944269854666
CRYL1	0.5474101856626463	0.7457569857465847	0.686234701158072
TPK1	0.3044622631072448	0.3209561893278759	0.4382240244538528
GEM	0.3612466013941773	0.3782424045214949	0.8130548783361757
AP000318.2	0.6253435408586976	0.6842727982541986	0.7987404882638915
ERCC1	0.7297682520613412	0.8942233398117243	0.9767077934915969
RSAD1	0.7901394031304242	0.7424594973427997	0.8041025116824188
AEBP1	0.5384532231286584	0.05793357575351071	0.6058954685265336
LEPRE1	0.6594066162819584	0.6142236335885763	1.0638916711152955
RP11-127L20.6	0.2779020136024908	0.1279961590768506	0.258924530440127
NAGS	0.3010243447523848	0.40722905133396037	0.4576065387064791
AGPAT5	0.7971915262077225	0.7679425725113228	0.7827138744032135
CNRIP1	0.3851046354585123	4.0801038067944534e-22	0.7294699006608404
LEPREL2	0.6723203638701601	0.19174688133523388	0.8770185145432137
AC046143.3	0.39493672156730714	0.3910170794312981	0.5358622249516508
TM4SF19	0.13194170167354283	0.4690910732341545	0.5394721669659952
RP1-12G14.7	0.36652155285918175	0.3129980469698927	0.4563918251357169
NOB1	0.7351700132410048	1.0368598899356385	0.9625470636553571
ENG	0.2693147362575809	0.43012231336926054	0.9650825803252133
PCOLCE	0.5360244505586624	0.2930065900413025	0.8275661037249608
AC005035.1	0.6688082746525171	0.6728810414900034	0.932039623705445
STEAP2	0.18376942667255564	0.5279220714193752	0.46682229427285
DHH	0.22862874161520394	0.02984562591398485	0.14974212496426237
MTAP	0.6347546805640071	0.6706934347214106	0.5852771582450783
TWIST2	0.032197513706808435	0.12684749174508717	0.6327451306805395
TNFRSF19	0.5758472561125042	0.25475571874358466	0.6239391986879473
ZNF589	0.6380890895429482	0.46261839454134523	0.5038834032464441
RAB31	0.2613361110636544	0.6334671353170297	1.0696118057603399
DUSP6	0.4980322574067407	0.882655091640752	0.8351176471895333
SLC2A3	0.30271632463593195	0.41128827187023365	0.9496798172014522
TMEM145	0.8010527042060155	0.10862680290474888	0.2460429169475813
EML3	0.6381832365848645	0.8363339135130656	0.8421752806719801
ADAMTSL1	0.21976668039340055	7.507014268415595e-22	0.4994293135724287
SLC20A1	0.7501636292461004	0.9332902167403141	1.0012472466621989
STX1A	0.6818544368698681	0.6095525375906238	0.7232960019029352
ISG20	0.3401595664573374	0.620426076946258	0.48062120007861747
CTSL1	0.4360327478141379	0.9077061115382905	1.1394702184568504
STARD8	0.20093925935511975	0.14664375128424068	0.5944403722405248
TRAP1	0.8042828222691444	0.9965338452645818	0.8832350926529289
FAM216A	0.7033794573447337	0.5270412544781368	0.8186804843992694
SLC35E4	0.3964304833892186	0.4571402670563374	0.6868839443526891
EXOSC2	0.7735317573882087	0.8537874618406924	0.8143247564693611
RPLP0P2	0.1911163164187567	0.22181387919207343	0.28496145038685944
YBX1	0.8239930766048789	1.0811861065670152	1.038388907875255
HRH1	1.0880445676325769e-11	0.5873747857643686	0.7074517562988452
TSPAN5	0.44642872194367805	0.5750726918165189	0.7950676048919363
CTD-2033A16.3	0.694853544080041	1.0058599467322589	0.9280846702613871
DPYSL3	0.6653864782278288	0.3295007681978898	0.9600002591405682
PIP4K2A	0.5641646794742848	0.6331779672840384	0.8672493659660668
AC006111.1	0.6813445828593809	0.7156920553945959	0.636107032641689
RP11-497D6.4	0.15971630266380663	0.11470853354537729	0.2624478286017338
WDR54	0.7363428764779308	0.7794080630611238	0.9191150721924862
FUT8	0.48284246697642663	0.7392484600186704	0.782220202167192
GPR3	0.5148150740936999	0.3017882314515617	0.5732144596207172
IL1RL1	6.433407998400925e-22	0.2291318303281173	0.19631324916850015
C2orf89	0.04779125602896813	0.40823119448597533	0.4668121191150708
TOMM34	0.7560984886618225	1.0045276680655708	0.9687825976921276
IFFO1	0.28755092983436237	0.090601851451285	0.7444414081369694
HMGA1	0.8002277638515618	1.0792517349583728	1.0022405396295258
KDSR	0.6189152529926583	0.7155782608372029	0.8264971019725715
BMP6	0.3320615137997102	0.21809829622094382	0.38544922321930136
ETV4	0.5196967739539865	0.8818534188212966	0.7391821291782951
PRDM8	0.27636613342122046	0.241482850071572	0.5617688512285742
TMEM55A	0.5145226742909129	0.40069553932220203	0.8030564500200804
TM4SF19-AS1	0.24508325317362126	0.3979802723307314	0.4568943467956695
CACYBP	0.8211719157794107	0.9988075055987463	0.9653330697397774
B4GALT6	0.5902993340787028	0.37238496275433497	0.6041881237218653
RP5-1160K1.6	0.6463380240747666	0.5924708284297128	0.8350061578470797
TPBG	0.26720265307738345	0.7835555581809983	0.7716641877843063
LIX1L	0.6257472055775322	0.22702423765487867	1.0325877484471637
DOCK10	0.3338981079635132	0.06293883481841728	0.7633312307333797
FKBP10	0.6455729744163312	0.7114362569196306	1.0904654843922903
NCBP2-AS1	0.726640404339863	0.8103935708041097	0.825397652699451
STC1	0.4198059780686102	0.27668609866139476	0.7991064706612468
ANPEP	0.08006338181551725	0.3406560761348544	0.7825104382263094
ARHGAP4	0.7672934846269616	0.39621170422797136	0.3111531144830062
RP11-82L18.2	0.2603316449935121	0.33897611865490745	0.43274013432174946
PLOD1	0.6196172971860855	0.9350034341203021	1.0501920002135712
MMP16	0.4406367346753648	1.3353776190006382e-21	0.559871965675451
NES	0.6279344188895597	0.32857239624851153	0.7287284458991569
RASA3	0.4318719324976588	0.5086079393143804	0.9715552736922872
DYRK2	0.6899060062705205	0.6834030502531973	0.6466945496481609
U47924.11	0.7016498947834425	0.007539842419905513	0.6110705508662669
CMTM3	0.4522263492871598	0.4328822821136395	1.0256220342585118
IFT57	0.5978160126261768	0.7660122850634021	0.8244099583395755
GNG11	0.1929247936548095	0.3920917445104799	1.2231139354435163
DOCK4	0.5401000057918178	0.21852419567376352	0.5863725688992851
RPIA	0.7795321610917298	0.9022210414135001	0.8257648105308955
SRPX	0.21933721572773807	0.27988633458935597	1.0352318780130494
PODXL	0.5238170837308314	0.8115978786113366	0.7715471498187815
MME	0.16181694499499819	0.30099579979664864	0.742306234261229
RP11-443A13.3	0.3617850701666407	1.1647884509469046e-07	0.6412996330413782
KCNMA1	0.40964252299760334	0.06083528565161258	0.7347703642398201
PKIA	0.5428150548139243	0.15121061033544558	0.5330857823120536
SYT7	0.6796479604581308	0.6272051180955065	0.20699446792912954
KATNB1	0.7476627652616671	0.7457421200418995	0.8031353869150323
SLC9A5	0.4401514607303215	0.2894464435532818	0.5141323061741457
CCDC69	0.2023814705492071	0.5330429851889704	0.45233136578269173
RPL5	0.8196932369531257	1.0788004448419055	1.0301975448756115
RP13-516M14.1	0.5420651583165096	0.5214890169757841	0.5373896989994863
ARHGAP22	0.2196572659877565	0.18346759869748902	0.6488375171861446
ADAM19	0.271095725217968	0.40319713377117866	0.8798241097932816
GPR162	0.6514771879461271	1.336453991557974e-21	0.3986943753546959
RP11-736K20.5	0.2105857721578013	0.18019865222703796	0.31661495917824406
SERPINA1	0.11303387583597954	0.6571131758506741	0.42849460212301377
RP11-1299A16.3	0.16682241183597135	0.15635552076295425	0.24290140773522267
PTGER1	0.2237674188380147	0.11276012985356455	0.2485154799997332
RP11-221N13.3	1.703931180826898e-21	0.20185680023182712	0.6234840997623962
NAV3	0.13177693802929435	0.20959267367964576	0.7385171318981881
DAP	0.7562039131360204	1.0355779290427336	1.005898590851471
ELTD1	0.03433573677340546	0.03835244714044327	0.2813672540046426
ARC	0.5067880007288224	0.1489936486825075	0.2938794119672171
MME-AS1	0.10621770136280027	0.21799608337063178	0.6289365936480792
EEF1A1P5	0.8254479907702481	1.0878627912549441	1.0447195892741752
JAK3	0.244539353868561	0.2800803830462199	0.3108646545604015
RP11-169D4.1	0.10559698929923594	0.08385346222449269	0.18995212717291984
PFAS	0.7664791258288637	0.7188655636521798	0.8376768942812494
TMEM158	0.32773547694202954	0.287351488452142	0.9006204647991332
INSC	0.16027778959206	0.09321126923453243	0.2151295053406103
ARSJ	0.16981717471601787	0.5240702778823827	0.8617045431339341
GNL3	0.8084352605069319	1.0223186716083064	0.9819291561144103
GLUD1	0.7476465787689944	1.0359713891871702	0.9761820584363505
C11orf68	0.5844005394940093	0.9075427650938653	1.004592039665583
GPR4	0.20769992366417303	0.01353079506994111	0.21980170250660994
DUSP22	0.6406421429209415	0.6194106263460932	0.6876262396072688
RP11-153M7.3	0.0712382152562332	0.04830623787409338	0.06017407437222639
PITX3	0.18809749294167166	0.08578104139393215	0.1442133993556991
KRAS	0.619580343518698	0.6521934123766177	0.6216038939561741
NPR2	0.4125622928918762	0.313693240074166	0.6468409480202207
PREX1	0.5962083561444115	0.23190237437641054	0.6334974674196815
ABCC4	0.5108926859588241	0.5305502930586455	0.7805423414761394
SPRED3	0.3263696002711631	0.18691834533383953	0.43653658968792136
ANTXR2	0.2924100749416188	0.4558255821638558	0.8150219886423562
CDH5	0.09513982389653443	0.23936630371104362	0.1511504544105493
SSBP3	0.8261788961318532	0.6174004782793991	0.6791428416924651
CDCP1	0.1745476924259206	1.1804668002884642	0.5749890773933327
GLRX	0.34718367404027134	0.6170398351276942	0.8659162771284694
EFHD2	0.6306865363539993	1.0319931240573048	0.9822317840342197
CHGB	0.8014319098861052	0.06679249818832764	0.2068744901106962
UNC13A	0.767394144697172	0.05089407628399265	0.24254825628766302
PLAT	0.13717068762587398	0.5904977722896604	1.0350779102466636
ANXA2R	0.4034418108806488	0.3589291763696924	0.43137365989256005
AC112721.1	0.07000864417114006	0.005201277814921922	0.24672365576465768
FLT1	0.162582733013324	0.032150206627717635	0.2896924260147414
AC016683.6	0.2664032356530758	0.6307708039474931	0.5486734133015808
ELK3	0.31484873071677555	0.7668279024426701	1.0425828600242801
HGF	0.23828514891671543	1.5675572021388441e-18	0.3216773131452982
SPTLC1P3	0.03156933383311599	0.027716487604072627	0.034059294020808796
PYGB	0.765492474198762	1.0019133408642782	1.0034976996891751
NELF	0.7713362479503209	0.8591422702487181	0.8129110902667172
RAB13	0.6891293449838314	0.9723278016198473	1.0147072176214762
SATB2	0.5523857594304512	0.3259011049406119	0.5862329144555555
RHOH	0.2937649814766825	0.08122316210037497	0.08338728877867777
C6orf1	0.5897250369225872	0.6893415470617494	0.8861754193561283
FAM92A1	0.579856491026746	0.3898913705786409	0.767745610510091
TRBC2	0.1347122445284469	0.3862879670129658	0.44165163996359963
MPG	0.6380180189008301	0.8912892790771563	0.9406852916976897
SRD5A1	0.6745011059548189	0.8226339674407943	0.760358260337346
IL27RA	0.47203455209849704	0.6194027422983738	0.6513895360223435
B3GALT1	0.4062875676307805	8.772704263223694e-22	0.23056406025371576
SLC6A15	0.5003123827663253	0.07545426021706875	0.40807689626058896
CALCRL	0.23352861798329996	0.1079472347295221	0.30390530649709224
PLEKHO2	0.43534694502879	0.44035518362212417	0.8448055124959438
RP11-549B18.1	0.499054180259045	0.27557066961620386	0.36730444254189804
GEMIN5	0.6997588096931957	0.7307653953412496	0.7895658495485
YBX1P1	0.8010264469040064	1.0158751472101242	1.001685290537322
SYP	0.8841328471924139	0.15215951534183073	0.26841990472178123
IL21R	0.21520944662723893	0.059053937967710496	0.3404618845523657
ITGA5	0.12834864503203475	0.6586562340869118	1.1976464530468258
CHST2	0.3902916890673728	0.10044612622654146	0.6715513285193908
CTHRC1	0.42653585561728913	0.3700058966917705	0.8187197432767434
EEF1A1P19	0.6733786360517215	0.918182029768282	0.9074381777947683
RP11-567J20.2	0.0530417678983811	0.0032649021309138176	0.14348963295344352
CNIH3	0.3351138810135807	0.1652269017620778	0.5507067484295822
COPS8	0.7468704048350292	0.8377431498947385	0.9500951345103437
RPL4	0.8225975578987526	1.083849707233104	1.037677331249863
EIF3E	0.8048483362321511	1.061442473062173	0.997370818427694
FRMD4A	0.4127164101913129	0.3201673220289445	0.7133350051804068
TEX10	0.6243359924739564	0.65042356353609	0.7228038218797348
LINC00460	2.096686735429988e-21	0.3086047488892343	0.46894285695348426
FAM43A	0.48715206304074815	0.44938291115329004	0.6319661722437936
CTA-221G9.10	0.750319407293005	0.32074886736733754	0.5441707178045513
AC002303.5	0.25265033087819666	0.04840973553383498	0.30376100718706384
LRWD1	0.7507864713000508	0.7556132655259212	0.8450936437099117
TMEM231	0.5803193082961869	0.5060083637450477	0.6623358091239334
CENPV	0.8396364901322424	0.70039896036025	0.6254749185326037
SPRY4	0.4811570680496246	0.6028623511185341	0.7677827304080579
CLDN14	0.03211987066196786	0.08619428262544587	0.26233107459815386
SHANK1	0.3263609636403571	2.169704610801715e-21	0.3336208125151954
EEF1A1P6	0.823171641905463	1.0850622830623684	1.0412332854339028
CACNG8	0.17098080244914635	0.19321546661273215	0.3989991111882555
SLC9A3R2	0.5250873335799777	0.8318738652127375	0.7942623688866728
TMTC4	0.7866703050417126	0.5961343357135545	0.5754512616230216
ZNF883	0.4386054815815719	0.16117931531070367	0.4643607730067038
RP5-1120P11.1	0.32540973393308836	0.34768731532355784	0.3193890692969262
LRRC73	0.42111501600247936	0.25903002116999074	0.31043917239020563
RFX8	0.020677379917478443	0.11609346578304562	0.3853382083645345
GOLIM4	0.7345060057869449	0.8592055450949738	0.9625767880914494
CDH13	0.09377129386471958	0.18396429855881039	0.6726643985532532
RP11-318K12.1	3.2294436869888765e-15	0.3660251917889686	0.24563975793959322
TGFB1	0.3703589463146315	0.8097922388126783	1.1202852595086672
SPRED1	0.4252486890774213	0.6156147097239906	0.8159058175770924
ARHGAP31	0.24685377146540888	0.20005407075621257	0.7580675747545454
RP11-17M16.1	0.3374426407043971	0.12990915646040974	0.2199578734140905
TNFAIP6	0.019100950877678477	0.06103013477641713	0.5826952842463602
FZD8	0.4922053881458448	0.2514205362877737	0.5760707791023856
GLUD2	0.4486956567472063	0.5430736877779107	0.6122158732968309
GFPT2	0.17508308681058005	0.2646144513702087	0.8755974871362897
ZADH2	0.6868989165135359	0.5247253061179628	0.5940262639998117
SNAI1	0.5198712485517408	0.35203013960795715	0.6437222297614067
MAN1A1	0.47895043982223834	0.48265626900443465	0.6251459075946431
RP1-101K10.6	0.6119523556355317	0.5758772291772698	0.7007582891415755
KHDRBS3	0.7052165480204273	0.18346341441348543	0.5924270649705192
RP3-497J21.1	0.1415020317309998	0.11397113056285825	0.13814214250770304
ALAS1	0.7427926379505386	0.9570792845304682	0.9148526189191347
PPM1F	0.5600231464658679	0.6189753782797855	0.880170606805262
TRPA1	0.2629186472482854	0.022386402312294898	0.2998853983237015
CCDC28B	0.6660791318246037	0.3339971928530768	0.5733330509423173
HHIP	0.2045415660535377	0.024215634545059102	0.3447568863989115
SLC4A8	0.5807554285801815	0.09556567517304299	0.36501706068942896
C20orf197	0.1578045716969032	0.10845290673880935	0.11911437177190637
DVL1	0.7312164943412287	0.993112791896657	0.9271451261461592
KCTD17	0.6441665662867361	0.44621748359052393	0.7760087451019483
PDLIM4	0.13585148944727496	0.3610775676372797	0.8786088952069485
SPRY2	0.49837718260532315	0.6807898628054205	0.8740393647676711
STEAP1	0.19395502103107376	0.8318132629445006	0.8346786579152804
LINC00094	0.6633433127996332	0.6158272291318033	0.7921657714243722
EEF1A1	0.8246017916016344	1.0866143183101915	1.043168510234596
FERMT3	0.34437985319343284	0.29850123045751437	0.45666274775401156
LIPT2	0.49415235073257485	0.45807972470883856	0.41676055444477833
GLT8D1	0.6667186217647598	0.7726635551315372	0.918485872758705
VGF	0.8263141158337951	0.21342252022411604	0.39669062162532964
GALNT1	0.6909982658862156	0.9300891103371299	0.9326030491931061
CCDC74A	0.6169994076031003	0.2348903193287705	0.5103749858758277
RP4-765A10.1	0.719059372286284	0.9495108147080563	0.8956337615889702
PPAT	0.8034370373040062	0.7999530777612162	0.7558504306976467
HAS2	0.03992430118021084	0.2910168156661645	0.6728968882457478
AC112721.2	0.0654732069971465	3.633492161878401e-21	0.3105966080192433
MAP4K4	0.7164882622152114	0.9149255599776986	1.0323845423781528
AGPAT9	0.23901895714693885	0.7844353474177878	0.7499500586130404
TSPYL2	0.8124171869648469	0.6495715038883773	0.789126089018245
NRP1	0.27090677860126194	0.6666854257399506	0.98791350538616
ACN9	0.7067196118926417	0.6862554644095734	0.6838297073033275
DNAJB5	0.4994210833542974	0.23166516045703456	0.6458033633990371
ACSS3	0.3776909733366195	0.04696077811188356	0.40174008751007206
CTD-3199J23.2	0.32066296423471413	0.16150298976571198	0.16035732310905387
FXC1	0.72960332727648	0.7961204508413949	0.7957394491721034
IRF4	0.2526464312620698	0.09248190219202253	0.27365537153942426
RP11-40H20.2	0.5940880913061649	0.853295955020383	0.8808518991753775
CPSF3L	0.7403573015828662	0.9150071081646038	0.8776200505424234
RP11-210M15.1	0.15249541914094625	0.0216771074635876	0.11677555701746462
CAPRIN2	0.5759158572801949	0.5927977528720513	0.7693165894688746
PDE2A	0.367260778875313	0.15209261770448484	0.28099773286511875
E2F4	0.7595616967293448	1.0199827791744105	0.9523950055439023
CDH11	0.16719062307109664	0.09785560677130208	0.6632726267697772
RP11-291L15.2	0.2842325647964593	0.09767831980184642	0.4297523422146771
RP11-77K12.4	0.257732585992303	0.18656802159914077	0.25011546802822354
ITGAX	0.05849913073429324	0.15297361731412631	0.3052659492524424
CCDC147	0.12714904384128853	0.1551011092320024	0.3511906900701134
STK10	0.3869490393971388	0.6656107996418928	0.8674963750484822
C17orf79	0.7524455940317926	0.8995285016202168	0.9558644610660497
CDCA5	0.8121417816709265	0.9504386408719561	0.8864595094739883
RARA	0.5771441216966383	0.6565885749835604	0.7562762462180422
HAS2-AS1	0.0002211134987340327	0.20818348803081277	0.4654493585535854
TLE3	0.7387078378104017	0.7191882502327979	0.6086528412824125
FKBP7	0.5635748267340468	0.2460603643305294	0.7307831802143503
PDLIM3	0.45771061819269254	0.07076315515884211	0.5647020968580794
PAX8	0.14373671186507103	0.4230356585446427	0.4806050985790279
GTF2H2C	0.6198502240791076	0.5308552216709957	0.691221037838429
NLK	0.6702459458862483	0.6297692444461356	0.6780030844402253
RP11-122A3.2	0.6211440781470468	3.630886078643004e-05	0.867246624169173
FMNL1	0.38426060225945324	0.5095027767703207	0.6920510481451747
TTL	0.7797089165728331	0.6499525040232421	0.896361446996722
ZNF736P9Y	4.908082159828662e-07	0.0948134651512248	0.07500477373954167
MMP1	0.1306313070670415	0.5267967069697813	0.8148586760167683
EIF3H	0.7930576718261705	1.0431172754166547	0.9642246628106627
RP1-224A6.3	0.18019895288092722	0.12463340928871254	0.20257571453727372
RP11-1136L8.1	0.15881040166431543	0.14529299290624087	0.10319216170718643
CCDC74B	0.6213252941157746	0.20678506954223444	0.48371663126158154
SLC25A6	0.8222583116048703	1.0571889067324316	1.0213542165122056
SNHG10	0.624674517633657	0.6317477928039565	0.5745144639567843
METTL9	0.7891469369368139	0.9216055625616174	0.9299659928689887
TIMP1	0.32494407787189517	1.0247062558288238	1.1567045082162395
SYT1	0.670692942353761	0.2835077805975183	0.41422077254825923
CYP2C9	0.06733778856287914	0.16748074341471442	0.050951298629518284
STAMBPL1	0.3418736585076903	0.525088927025938	0.6740206476416598
RTN2	0.7176752697792824	0.4144929508010913	0.5742508858775514
RPL6	0.8223820148047875	1.0807834142634816	1.03348503461443
PNPLA3	0.47807094375820425	0.3347449686382474	0.5938644864370152
STMN3	0.8485730993084578	0.5948217647927972	0.7769669621382981
SFR1	0.46039982280490216	0.619228866477909	0.6038723293033427
CBLN1	0.5825353242539562	0.04449333083093708	0.04887925267845789
NT5E	6.042871794705662e-10	0.9278543303093733	1.0993440834552666
CALB2	0.27845226507177945	0.5847470813008295	0.49186296986708117
CDYL2	0.23811988676871298	0.361586539167221	0.43560651065979855
PITPNC1	0.6623138298350355	0.5514821747590916	0.6173227229168942
CTD-2165H16.1	0.7063828641198424	0.9878533758013663	0.9640748428570227
NUDT6	0.4788141530902779	0.4631762173998963	0.5921856729300979
TRAC	0.1790411711091582	0.11152236081731871	0.3672659630571557
HS3ST3B1	0.2579904349690574	0.17220645361922723	0.49606277162857954
ZG16B	0.12499374206399029	0.5901517520178292	0.2039663021642441
RP11-394J1.2	0.2660324368304899	0.6435752320004547	0.9684325039624249
RP11-124N14.4	0.17481779079207033	0.21131715618661734	0.6445824709507343
STXBP1	0.8223252116119113	0.5328409597470677	0.8242357669682832
STRADB	0.6568143234483793	0.637095217011098	0.8593947908383652
MCL1	0.8007178657000935	1.0573753878549328	1.0107031075868413
RENBP	0.47212939895103345	0.15874613826874626	0.3447359870806211
ACO1	0.6057627088762888	0.8496927017181367	0.9696056642834328
IFNGR2	0.6646342367598331	0.8055496995875652	0.8972424120618402
CHRNA9	0.2190609544894443	0.023260471300778417	0.22104517769355927
ITPRIP	0.22283023233997873	0.6083055108969219	0.9384309034121203
NOVA2	0.4403672430037445	7.103742968459678e-22	0.1601822200736446
MTHFD2L	0.49389911744216414	0.4272350412103099	0.4616186416208215
CHPT1	0.6474369015561763	0.6477490051332147	0.8334371271673675
SH2D2A	0.3523261687076705	0.4012284876383625	0.21805981924396503
FAR2	0.45376298065515064	0.4162853354421006	0.48347049893065575
SHC3	0.23103848549429282	0.24535365823924218	0.43172891435774013
HMGA2	0.061068061714963685	0.6210229957502972	0.8374855546073152
TEAD2	0.42420431342647763	0.6677911923988598	0.8524229332150441
PPP1R14A	0.36458355395577874	0.22216659909479725	0.4329174307704269
CD99	0.4215100378807629	0.7729568607120663	1.0104202415712393
RGL2	0.7045489043300318	0.8640262742762564	0.8019836766191449
RNF175	0.16114628043748364	0.034213876829947754	0.23529489804312156
RP11-629O1.2	0.21817542837632242	0.4025026027197397	0.4548328044973389
KCTD14	0.21935651778720594	0.35025593021917006	0.3829392810789384
TRMT5	0.5909995717122332	0.6484583637761044	0.6483555126121315
AC010091.1	0.10863217684441048	2.2803101810701856e-17	0.13449780002354725
RP11-46H11.12	0.3201101089405451	0.17342618133916107	0.2333499296961166
RP11-18F14.2	0.23798089928967692	0.3661065050036018	0.42553989903256617
AP000783.1	0.30088017163922814	0.024427422093983363	0.40095990715643054
FOXL1	8.8113722630119e-22	0.37429528988487853	0.5731428036207092
FAM131C	0.364249762691108	0.3530615010335387	0.34807003416703236
TBX3	0.6672428521668017	0.41674142556476024	0.6074218915429198
VIM	0.4856347433271826	0.4862415082792059	1.2997079815856902
SKA3	0.7083184241419114	0.7808895505112693	0.7900891280898396
AC012379.1	0.8125099154330886	1.0151455159509144	1.031489707654316
FLI1	0.20978017495514406	0.09680830538587233	0.5508729083561685
CXXC1	0.8284365293920931	0.7594260833925597	0.8175099535868208
RP11-169D4.2	0.25931661826883495	0.09893998858585998	0.25879151349334745
BCL6B	0.22457722752537018	0.08207317081125957	0.08556413331939491
VAT1	0.7678687982959869	0.9811996062184923	1.0292945633244321
CUBN	0.2149650474935985	0.03921844340002096	0.3727821629104529
GLT25D1	0.7642156029940315	1.0195488427651276	1.0209902235219737
CTD-2323K18.1	0.5541252932814411	0.6422450869932024	0.7056577125947627
IRAK2	0.1442914159294694	0.6518401345423398	0.7221808452849963
GDF11	0.7197586014601852	0.42761869711328254	0.7164181133401597
IPO5	0.8009294924109768	0.9627076529044488	0.9672480448790108
AC003092.1	0.036740697020018094	0.10059176197812784	0.5268553223575149
ARL2	0.7746217991506148	0.9954577183697683	1.0000582149732953
PSD	0.6283302710675563	0.11802820874665412	0.18365210750738675
TSPAN18	0.3539092907900806	0.09895126334628462	0.35239349143277643
FMNL3	0.5640125624507923	0.2989480974853516	0.8090891318112563
GLCE	0.6045493314419469	0.6564735154504441	0.6819909528938668
FXYD2	0.26981215979937717	0.20790535813720973	0.1712885330055308
LTBP1	0.34073296120773083	0.5593939824482883	0.8100318466247346
HJURP	0.772318313004858	0.9247517942901426	0.9319849011776382
PCDH12	0.3496464763208982	0.2153115010343768	0.27770890617550015
ARMC9	0.5110261497128613	0.3974380922661897	0.7482457902967167
DLX1	0.6328283925853693	0.16630013343170055	0.6345223924794764
RP11-158I13.2	0.769393581543548	0.7869448049539396	0.8786519796006992
IGFBP4	0.4508268185248916	0.9502056402147242	0.9703219662389451
RP11-124N14.3	0.4908197798582619	0.48629922117975183	1.2970916181062515
PHLDA1	0.3624481152789758	0.9417643013231493	1.023070224933858
RP11-101E7.2	0.3891070463046263	0.3548043687096146	0.482889511134315
AFAP1L1	0.16612277269785922	0.43257143156759503	0.8312136363229725
RPSAP52	9.189155636333734e-12	0.3120949098743062	0.5707115791625827
U2AF2	0.8211868164587487	1.0525514100454811	1.0034989605658424
ARAP3	0.18059730163885732	0.5681804396490391	0.6719769902346352
AMPD2	0.694792743566094	0.7016487225316306	0.9073927853754877
RBM19	0.6768825309225334	0.7304987456911404	0.7641300409999462
ANO7	0.3650148970440714	0.2449934395393553	0.31284797804832387
TRPV3	0.13078303589218565	0.2775982491549652	0.16680961043808912
CAPN5	0.5170410354354825	0.5464925733031522	0.7025192799631399
CCDC110	0.34917408890351137	0.16998594982702014	0.22290091229851675
PRSS3	0.2219469556675282	0.5800120237135202	0.3757735031312068
RP11-87M1.1	0.5054463203235641	0.6038424681034241	0.6110107867541889
PAQR3	0.6598610839278692	0.5137492519424472	0.6977676713145586
CDKN2AIPNL	0.7664647092736906	0.8406616482822942	0.8851007350935888
RP5-1142A6.3	0.3680273432645977	0.22273164810938256	0.36502706569349574
CCDC85B	0.6373496109684957	0.9589521946592864	1.0222187657701778
MT1E	0.1621967992235918	0.803321504342573	0.8955370653009562
KCNIP4	0.3994847424583074	0.2082100182795192	0.2932893303048758
NTRK1	0.39582817061525943	1.5975675983703248e-14	0.20270898804903784
PRMT3	0.6942901503499506	0.8335411656215013	0.7922100155444305
PTPN22	0.07105412279011872	0.19828581064383363	0.3671706831038415
RP11-72M17.1	0.19478398968032423	0.18030043381925057	0.11173371657927393
RP11-544I20.2	0.38313651490727507	0.2406378596350315	0.21993635432614567
RNMTL1	0.6962164702694054	0.7533404900295055	0.7765318556136921
RP11-867G2.8	0.35727412163300243	0.5715874462584069	0.46572281529261905
STK16	0.7135689478695914	0.9004175915524961	0.8837081894254228
PIH1D1	0.8048270009445415	1.0246555172213516	0.9549786898036327
IL31RA	1.7410993963532648e-21	0.1772657022206147	0.485881735572561
EFCAB4B	0.28962622875915667	0.2780028291950065	0.28273044883118204
JARID2	0.6773189765926276	0.6450735223819062	0.6809403088325476
SULT1B1	0.0553875289944824	0.1672854666831132	0.10122703561682128
GCK	0.2898125654208452	0.01573050173278124	0.15329501497050899
TSHZ1	0.7219102223400511	0.4110441947387076	0.5982012526382207
FAM65A	0.6018148521256408	0.7644614964135514	0.9238935023029604
TFB1M	0.5377894574662205	0.6115989155194067	0.6998108291766363
KRT79	0.017119230475778718	0.10019507526114271	0.22284773972867514
ANKRD20A1	0.35672931169083466	0.09702643957391228	0.2205172876666596
RCOR2	0.8151051782384373	0.2575841387807669	0.3245155026649942
AIG1	0.4387419226358824	0.8368193076588071	0.7245392921946385
LYAR	0.6997368384575288	0.9166468664205126	0.8826192581993386
CCDC78	0.5526359183641218	0.41396218570432447	0.4135571938938347
MTRF1L	0.6231211181290606	0.6426952063063673	0.7676178199773175
POLR3GL	0.7417994332142458	0.8204599275301295	0.9154909533706279
ACOX2	0.24113825534351452	0.22638492728275578	0.42965459244487003
ARHGEF1	0.680417282157175	0.9180080509588531	0.9145032629926061
FOXP1	0.4304810223380599	0.4401518631438075	0.5257317758332355
C21orf119	0.603307995925809	0.5942357990892985	0.6332199683682046
LRRC33	0.37659920853369655	0.15049583066912858	0.4009518403911871
DNER	0.47868549251111153	0.16075089486679292	0.6350782756860354
ARPC3P5	0.07194784933776455	0.06363338322829744	0.04655335003446948
HMGB1	0.8236031386847665	1.054655388363031	0.9995871217483079
RP11-352D13.6	0.1793524287417644	0.06245543397416363	0.0828322291356443
SMAGP	0.30835448032137347	1.005717621195535	0.8524858651774255
SLC39A10	0.6696706328234135	0.6875405771579266	0.7890176714980036
MAML3	0.6593858148269949	0.27731928740731854	0.3246611935643204
GLYCTK	0.504549919264038	0.4429057812761751	0.5012781631258949
HPCAL1	0.5597258956551834	0.6926878766318224	0.8849634878770899
PCDH10	0.3514777246811205	1.6755393343705318e-21	0.49713172519901816
RPGRIP1L	0.4725221559110903	0.38166723867201235	0.5364583445101822
ITPKA	0.45794398885172605	0.4656103385265353	0.5067180288332288
DGAT2	0.6195956754536986	0.6159911912926982	0.4746794953460313
RP13-530H6.2	0.3240552276882578	0.05881203089750341	0.5770631813793656
RP11-94I2.1	0.21484119095831494	0.10131365247832372	0.25904427448073697
ID1	0.7475931220565836	1.0544640229456421	0.9656079355326938
AGPAT6	0.7797648982979242	0.8001204101088315	0.8991004456047785
ANGEL1	0.690595133384774	0.711184861937059	0.5897018288768833
RP11-342D11.2	0.29568951700291646	0.7218568864770037	1.0245827995603318
RP11-689N19.3	0.49176145481656747	0.5106295691492937	0.6539421004855175
HMGA1P2	0.3647849939350643	0.3299215867825909	0.331005080254422
RP11-603J24.7	0.4675466666765669	0.6227838801676266	0.8310655773392954
BEGAIN	0.43279041778337546	0.12569583798086761	0.19103390641292786
GLYCTK-AS1	0.47180475668766325	0.3544085528794724	0.4359964411538038
BATF	0.028292787816519102	0.5695379756057978	0.20803766311493818
DBF4	0.7503009017600477	0.7833288515369747	0.7592200719858161
C11orf41	0.2964345806908486	0.18316922370110866	0.6443818855385888
ANKRD26P1	0.08401139619034433	0.04672005321994904	0.10833788525269832
SLC17A9	0.16534582140632836	0.4411011931582059	0.4176872654783857
NPM1P6	0.43224072972630184	0.48177986814534457	0.5594346132249157
AJ239321.3	0.017525683465202533	0.10564291762442218	0.036993920864023803
PRPF19	0.8212803419642857	1.0536308599094366	0.9930446031926513
HABP4	0.5562816657104701	0.5333612508178417	0.8451671402550237
CPNE7	0.47301769995864434	0.6156069425603462	0.6216244055504575
CAMKMT	0.48846696466017364	0.4247920749347011	0.41998242270053343
IVNS1ABP	0.8192233103869219	0.9036769968500818	0.8750715697814921
AC021218.2	4.1539344983746994e-17	0.3927936167252721	0.23499992365091169
CTD-2012K14.2	0.49381537684051086	0.5618389161350128	0.762255262794916
ZNF385D	0.12121068287709486	7.23694415244709e-22	0.30908080328931936
HIST1H4H	0.4667286352221644	0.5987636889074595	0.5713226860178011
ENTPD6	0.7288592705396638	0.9229531952019505	0.8787914251296672
MPP6	0.6216959047239984	0.5346756519423642	0.7093388930958121
AC138150.4	0.34772572074246466	0.49534983190020015	0.6703261931815301
RPS24	0.812223479428145	1.0776014464703247	1.0228423266882236
RP5-885L7.10	0.3355674768327752	0.3451429420406927	0.08677112368520373
RP11-114H23.1	0.10855517578351251	0.31694184521898877	0.2840162883158018
DNMBP-AS1	0.2912426872320772	0.2950285065483639	0.4957696280877048
TRIM65	0.6819107185924792	0.7584387881323232	0.7791271857525117
CHST11	0.3504257353823303	0.43644253578579384	0.8158686454973608
RP11-3L21.2	0.23019537233147125	0.02696047865795608	0.42477683031598334
RP11-133O22.6	0.23335308468950555	0.4931669043961583	0.3302554853835005
RP11-396F22.1	0.11132666679587451	0.2117955420575021	0.43842883983057607
GART	0.7905322472168991	0.9763833195623386	0.9200305520101772
AC114788.2	0.0035455983993978248	0.07647116076270932	0.1285116957169884
GPX8	0.0728904773539251	0.761283575032307	1.18489751607997
STON1	0.40989766668631383	0.17648869210181836	0.5056637134809936
ROBO4	1.8439116781383612e-13	0.0765813430879478	0.3866913464504876
FNDC4	0.3370496033479367	0.23933230137061104	0.7301686223808598
LYRM2	0.6703339827375285	0.6254071195010845	0.7470466218030287
RP11-434O22.1	0.28248181441523246	0.2840450796387873	0.31996982625686476
AC137932.6	0.14769459454127004	0.15208332311966619	0.35265623676125546
PAK3	0.30760366604632916	7.65984081037424e-15	0.3475956722628536
CD320	0.8346317206687	0.92799747105366	0.986631245925286
FAM40B	0.45601621514265817	0.5147367955065822	0.6547332276419165
LTK	0.4399912712117755	0.1680417012748122	0.22712134154954325
AC010170.1	0.24178349076900843	0.1815402637182404	0.7422316290480938
SPARC	0.4022096368337235	0.3616228373398012	1.2123231093447104
AC016738.4	0.1607542764618465	0.4649288370141569	0.5322204299693968
RP11-335I12.2	0.09186538057731368	0.10275227862491411	0.17258935629206953
ATP11C	0.5890874846269495	0.5523162691470347	0.7682649409209924
AC079922.3	0.42699264040486895	0.2937017211515155	0.532688101527366
RP1-89D4.1	0.23721182199149585	0.13482082027295106	0.2329695203163465
MAPRE2	0.7508920242460793	0.3862445195108619	0.7385818802692807
C20orf20	0.7430588193481957	1.0025506359376206	0.9477929801542745
CTU2	0.6260844553275496	0.7022679749938582	0.7581307473886044
GLI1	0.3222250753206145	0.11504887446037976	0.42857538202405016
C11orf21	0.12386506701877359	0.10724541036819328	0.1286914930953424
ENTPD1	0.597350296173818	0.3663001226386809	0.5017872997125683
GRAP	0.18020258036217002	0.109333094789078	0.11516342405391652
NFATC2	0.3526721257003018	0.3122046704418703	0.4234596572899951
RP1-1J6.2	0.6002459215848678	0.5973820634363074	0.6229203888650782
PPM1N	0.4554645392870345	0.33764784732283654	0.37251960774260107
RAP2A	0.7831617998974787	0.6429090985063985	0.7738063244547321
NPW	0.5305489739712752	0.24609305231762746	0.2635956910742357
ZNF512	0.739322572052623	0.6490608123197457	0.8169004847799749
LINC00313	0.11875277907691811	0.26092680839025717	0.3218542527443222
NOP56	0.8257408884467708	1.0260818608552926	0.9707219797483162
PEX5L	0.517927489865456	0.048223614586234725	0.2022127028128447
MAP3K8	0.19993901168394773	0.6564458444530545	0.5022915067971868
KRT5	0.16888756102933133	0.703698938763027	0.4065961874440962
KREMEN1	0.6560333623314171	0.534783360407999	0.5558072244301856
TYMP	0.187562250134384	0.8042984769961304	0.6532171890159078
PEX14	0.6246532490231491	0.7494203316477099	0.781305175292704
GPR87	1.509048244383584e-14	0.8394920282896294	0.2591339426848531
LINC00086	0.3926754679043701	0.21282822999488543	0.16720045386461221
CTSH	0.37385233650169325	1.0604890156568962	0.5716988860478583
CCDC85C	0.5502533987106455	0.6727349746514499	0.5740338637327196
DSG2	0.43947345056882176	1.2439123358350845	0.6890957887854395
FBLN1	0.49859265261215735	0.6020384070984904	0.7710360841980777
LINC00365	0.15315364836337444	0.22319017592428764	0.02855508133585656
MLLT3	0.5001265435449145	0.4067949837551636	0.4490586607647909
RDM1	0.4991972827063629	0.4165563870660379	0.3420355301658433
DST	0.47974408137576424	0.7082337502509672	0.9374617176849164
MFSD9	0.6519197402176885	0.6782905619184095	0.5341748046129738
CD93	0.060122158477746976	0.07193129922361766	0.13761824035187292
ITPK1	0.6966576348345831	0.907821047763584	0.7404557518234488
ALOX12P2	0.1485981149303723	0.33898997779749107	0.15777316338588698
DLG1	0.6355887486622556	0.9331552245668265	0.8703145302587613
PPP1R16B	0.4327631477081975	0.06588839498365584	0.0991737427296932
TNK1	0.3309100689569088	0.7577648932092592	0.27604856674525646
DHTKD1	0.7346316905867164	0.8046874255479003	0.6728204737138952
GAB2	0.7575940559665858	0.4555438516729071	0.5626754598280433
MAP7D2	0.5961652580660499	0.26937671964640547	0.28208567486803354
SH2D3A	0.25896665863685653	1.1946893952249484	0.2848315925640407
PPP2R2C	0.5006112733451129	0.519139140075345	0.2994190483249291
RP11-54F2.1	0.21498233018955304	0.35209389591452095	0.6811282315805861
GLS2	0.599337394846993	0.4820722959580111	0.1346519276037392
AIFM2	0.4140396617106678	0.8045337142064727	0.761173720614649
RP11-774O3.3	0.3158354287448906	0.2453954033010204	0.3252946396337589
PTPRJ	0.45674951543517084	0.7174688193674875	0.8079196798128213
GPC1	0.527819489279556	0.9577308891712799	0.9978792030870522
EPB41L4A	0.49505619764557707	0.5363164269096449	0.432722160462459
RP11-404P21.2	0.10430385737451231	0.44965752848409213	0.40329647285252473
CDKL2	0.3422817701021841	0.18235903900711953	0.2034843604272656
FAT2	0.1455774261669312	0.4807481510170795	0.24871946193974623
PARP12	0.3661846578935897	0.8312245265257824	0.6882150805188821
LRRC1	0.49561552103839546	0.8256526285635224	0.4987276128096443
AL391137.1	4.38380788128741e-22	0.6085074727005942	0.19395496304847404
KIAA0284	0.5713519614318611	0.9601426913359051	0.7555509065273107
GRB7	0.39395378905348283	1.125699188673076	0.1664667590292656
SRGAP3	0.40264181329215193	0.34577131560343716	0.22224849918987252
MSLN	0.032015489574316096	0.8576712753701629	0.33347936631073033
NDST1	0.5968632424585192	0.8253420295336976	0.9995486271509157
RAB30	0.497073755960273	0.3116926176165172	0.5135252760432583
RP11-688G15.3	0.7037887810631148	0.9296016328242924	0.7301023720207326
RP11-290L7.3	0.15104005812852223	0.1293546453231872	0.25835880674795775
RIMS3	0.7510034470537394	0.2820421962119756	0.326001843061123
MTSS1L	0.6919025641015493	0.8515054930296222	0.8652154871291493
MYO5B	0.43131459925274607	0.9325280553112905	0.2380244686574946
FAM189A2	0.3216784806408193	0.25534005358499956	0.19456880392582546
LITAF	0.5092209565096566	1.0270717508621592	0.9112710377580411
DUSP14	0.6189684026455659	0.9202042509147104	0.966500969767177
GPR37L1	0.20039262602162156	0.25635350073446384	0.03516489946868543
RP1-71H24.1	0.030118284115902408	0.0865119311551707	0.06003682729251003
SEMA3B	0.32196286954610887	0.7738526953210715	0.6569063530646969
FIGN	0.358762579500486	0.2854909639372089	0.5808238658487482
EPB49	0.5780527540731202	0.708971241709148	0.39906765756679863
RP11-388P9.2	0.471759142130725	0.5071081116111998	0.28970781950386093
GMPR	0.4927280525433467	0.3146244988078122	0.612047235228248
PITPNM3	0.2025427291891611	0.4930451157022757	0.3561438011527773
GFOD1	0.43083071986522214	0.47933493926887216	0.4447505364580622
TMEM63B	0.6983652458002033	0.8828444759093073	0.8432702404165645
SEMA5B	0.27657989687484963	0.08689139589377401	0.15143568285573428
SCIN	0.4156872852775228	0.39354482456856477	0.22924357890716812
CUEDC1	0.6595871015896353	0.7629485325045972	0.871930717640542
WNT4	0.3516096345884711	0.42406857767480505	0.11997319026899075
TMCC1	0.5167776862931034	0.6026968471268945	0.5627663703713256
RP1-313L4.3	0.03509344516199108	0.1946241717306032	0.28481662890751896
C4orf49	0.11480636482452539	0.018642926105581315	0.39973598365471863
C8orf47	0.36551033636125224	0.34271137878225455	0.21129417137539536
C1QTNF2	0.1994332082620108	0.1234236951078753	0.4246975998877689
KLC3	0.3250901388634234	0.7687684266602124	0.31299136976681613
TP53I3	0.5584505430094476	0.7091790302858156	0.8261795524902084
LLGL2	0.6598887241539738	1.1743732786461152	0.27657594733216884
SLC40A1	0.47456952004921343	0.5662807680915855	0.29472263534576754
CHMP4C	0.39905732319720716	1.2217184653901065	0.2455977385652164
DDAH1	0.6028488759931805	0.7815359058604857	0.7629173438400345
LHX6	0.43453306625260646	0.24255542072323488	0.16864655911625892
RABGGTA	0.6410020228194904	0.7946881157074572	0.715209441513216
SPINT2	0.624750060349283	1.3063616436898082	0.5110419437372667
GOLGA2	0.723445427209456	0.9878253030353339	0.9457140856379892
MARK2	0.6927015054445295	0.8921812379906744	0.6783554001500054
CYP4F3	0.17668409754793507	0.603638393008603	0.0741916855800368
GNAI1	0.565568579205172	0.6078929331874957	0.842995402294642
SGMS1	0.4331607917534861	0.7314297098653827	0.7283420779452076
MX2	0.14411017888092978	0.44853582471333475	0.47462373762731525
USP18	0.5924708252025355	0.643172429289507	0.5185949922385414
FBXL18	0.5115953438741392	0.597430914723055	0.647520149318784
CNTNAP2	0.5777015217843842	0.16335957182734137	0.05818776901907679
CELSR1	0.3277364960254679	0.8785189280397913	0.6267281124290671
RP11-407N17.5	0.28307218904892834	0.291537590471239	0.2784076719766557
ALDH2	0.6758120820841234	0.8932303317391267	0.6997675393389411
AP001615.9	0.26961968773035583	0.8365747990999614	0.41729836138398624
COL16A1	0.18824021956850898	0.36930805095571495	0.7555438753814381
GSTZ1	0.6801895076902399	0.7597098851517691	0.6818818515401683
AP001610.5	0.11062420112581495	0.6959616960980678	0.5240009349112525
SUSD1	0.4304389059446988	0.6541895821155057	0.63504656838403
CHDH	0.5608566179843821	0.567925881728357	0.13776725163669226
CASK	0.6050023275614258	0.7054018216487593	0.6384313106674625
ISM2	0.33626583413049493	0.14421466505168218	0.1366450220063908
ANXA3	0.0716880461502714	1.3074178662638731	0.6153313725622576
RASGRP3	0.13812921348013676	0.2639682866644419	0.3821374552452461
PHLDA3	0.2972450126727932	0.9132753711873002	0.9502858835792688
LEPROT	0.598448837041662	0.888284055738842	0.950532543608895
TXNDC11	0.577018754268631	0.8186068883307256	0.7857770132097224
RP4-724E13.2	0.5094683883753792	0.4873059525319769	0.018034172322831103
ERBB3	0.5214335172646989	1.0364874833664068	0.2916134274990321
SYTL2	0.2729074915056863	0.5832409138521207	0.618061749430216
ARTN	0.29477291449857157	0.49494734386282296	0.3519692269576201
HGSNAT	0.5936051552228845	0.7180299777738187	0.8175532481524663
C19orf21	0.2822171974985137	1.2619992727874298	0.19817157210550895
CUX2	0.3498617034145372	0.021532215701829678	0.04639840518578522
CTD-2377D24.8	0.09136306836279388	0.2963885952711512	0.15324862242189985
DFNA5	0.23708226687458894	0.41852019444872096	1.0151580216635934
DENND1C	0.3031151992457944	0.4899415920335946	0.1056633919205383
RP11-706C16.8	0.03185763678718324	0.42939383494536165	0.08173787049117688
CTD-2544N14.3	0.40224254596577674	0.7537878067646034	0.8137829617777355
CST6	0.02887221769119262	0.8609094250778142	0.3529392941783494
CCDC120	0.5504499491886236	0.7401896862946726	0.3463976750964197
DNAJB2	0.6667429509356978	0.8450395296022167	0.8774141338381726
SLC41A2	0.39676922747193105	0.554649629338358	0.5730782572888682
C2	0.21632176653354213	0.2829352399629849	0.2955520521575849
MFSD6	0.6257458064233363	0.8194053211508935	0.5411238815545586
SYT15	0.21176174045132864	0.3307812060289265	0.41131920571594854
RNF39	0.15178482430377088	0.5576063666896766	0.06495237245971704
TG	0.10864340592448928	0.11600880062033901	0.15741914440730406
PDGFB	0.18468166726077337	0.8309080842603631	0.4071297564115277
KIAA1324	0.6509443685997075	0.23590683601546394	0.22983314113075665
AIF1L	0.7269085559902468	0.7837145621455164	0.35884868693461663
C2orf15	0.5568720799230583	0.5737991312571976	0.2072755974386763
COBLL1	0.4143533181291185	0.5808911155879072	0.4983859321610231
RP11-74C13.4	0.5737758565978612	0.46968083947592576	0.5675351155727564
GSTT1	0.34205873472629966	0.6334052862122945	0.5457009123807447
NEXN	0.08854943654572657	0.263073185782846	0.9008498557358791
HEG1	0.31889080705800543	0.4842373574794524	1.079232135515485
PPP1R14C	0.3222664766265398	0.7366381529699849	0.36435968252716106
RP11-134G8.8	0.16626041690336	0.4508121026092316	0.5639440848277516
EPS8L1	0.3763060066221791	0.9275573738721464	0.2874636381486384
CLN8	0.5622828283948349	0.5208758909351622	0.6231579270640073
PRRG2	0.3496636324946503	0.7771391018992481	0.18825019839324075
C1orf106	0.2270744565745008	1.039896041017376	0.27785992054321085
RP11-48O20.4	9.318436036952844e-22	0.5718929881151293	0.30616449408507374
CHST9	0.35051920979590245	0.10698622438986051	0.11076541811769292
DKK3	0.26544693003504893	0.4092050075331699	1.0949678071458147
CDC42BPG	0.509544103673295	0.979319326881981	0.14185931421427364
CDS1	0.38707128136568403	0.9977484685647767	0.23137882263156884
KIF1A	0.9889227080834558	0.091548666159638	0.10566564599369314
PWWP2B	0.5484731254351406	0.8580375273850207	0.5248512063054943
KIAA1244	0.5966984895761972	0.5966629766535801	0.2836044488631102
MAN2B2	0.4157522570279367	0.6876516016384564	0.7641345416113811
IL12RB2	0.3785658987937733	0.1665719342640337	0.17977351150292747
LRSAM1	0.5474090511841273	0.6213813161802356	0.6004771169595781
EIF3EP1	0.3834880382191127	0.2237363188046894	0.44452454306748834
RASSF6	0.33217304161488787	0.582754674567678	0.042646837423092186
RP11-475N22.4	0.5438691701534415	0.5695347268329127	0.36138406048590316
STK32A	0.38086904254051124	0.10965218318733658	0.2763294173375419
ACOT4	0.2257118051751823	0.5206151587194111	0.2404057867523474
CHODL	0.3578002074072743	0.060183387669872274	0.14018279173117987
FAM82A2	0.6389968562406346	0.8505396120625547	0.8530383495655145
GPR1	0.04758715368081193	0.2513343951399157	0.5859302689156303
TMEM117	0.41965431560949373	0.41152645853162323	0.5098746219481565
CXADR	0.757439700801591	0.7927692648270491	0.27264181549194016
GSK3B	0.7437036150223117	0.8379086613913249	0.81970456487549
SIGIRR	0.52349013087281	0.9226098552211043	0.4590907606483392
EPHB3	0.54847033382136	0.609790454671842	0.36102510214725214
STAC	0.24414135966513678	0.19770404298507901	0.6925199094840281
MPP7	0.33775956857804945	0.6402476308009276	0.2674633954171969
SLC22A23	0.44926063410474515	0.45137732984970724	0.40487289128786236
RALGPS2	0.4530916146213285	0.8024307372273549	0.7466035093919743
RIMS2	0.5074046209886138	0.15668649379614658	0.19979754882899595
ADAP2	0.2242330503349198	0.3644691662639601	0.2664681457764859
GRTP1	0.5024792986220586	0.7955870289855547	0.2975942266944762
HNF1B	0.06836757410406304	0.5742628930735684	0.183923041980725
CDH16	0.059267018492020554	0.24331226410028983	0.10323913504470833
LACC1	0.25430387679225747	0.541385893982739	0.5924202849780688
PLEKHA2	0.4142633227175472	0.7673635873621254	0.8355043427060903
C2orf18	0.6255071654577558	0.8908698314486713	0.8658578731534446
URGCP	0.5800228361671467	0.7677246919070737	0.7315494987250186
MITF	0.21511581774873575	0.42769201716430333	0.7033806997567704
CXADRP1	0.25708735304350416	0.1867388095942594	0.07046799696239227
SMO	0.5733204330035326	0.29681954206690025	0.795319154743346
COL17A1	0.0968577420574922	0.9137456183123877	0.32915633623853796
CDC14B	0.452842147902973	0.6800971136883833	0.6834115667746545
CTB-11I22.2	0.12487614790347935	0.14146838931955574	0.05532684346694233
CELF2	0.40461839750328216	0.17181488200715844	0.4084442476802965
SLC22A5	0.48791409533512897	0.7840191642147406	0.5886718684253344
RP11-116G8.5	0.1489514298028117	0.3505033221287707	0.05882970221236629
IL28RA	0.36675031841668176	0.5785704265043098	0.21621245675538878
RP11-388M20.2	0.1739354935764012	1.0828882680091125	0.015305546615815839
SLC15A3	0.022882153826729652	0.40732293763062744	0.5483732595452662
RP11-538I12.2	0.5462903181986741	0.6566809907152141	0.6087569257753225
TTLL7	0.6361994043225201	0.15782073938620858	0.5384112808381775
FAM59A	0.5146072345263842	0.47568394951250076	0.3614732270345868
RP11-597D13.9	0.15337792252498375	0.353899173437787	0.48823260724318235
TCF7L1	0.3785616961217496	0.4019391546585616	0.6032851146995316
RAB3B	0.5675369595435772	0.26029902258542326	0.6572963227952778
PRKCZ	0.5313823202168461	0.6936617560111805	0.34764959832725406
NHS	0.2808483017855338	0.46867766636108793	0.4864204785431996
MPP5	0.521012564973046	0.8406447211176412	0.8279783494426458
ERP44	0.6181466726064664	0.9078027804974235	0.8601966934107486
C1orf198	0.7728390690812039	0.7692237993532225	0.7877987179516336
ZXDB	0.538167283479834	0.505536008257636	0.5526671883688041
CTAGE9	0.04814987446622293	0.5111178542436265	0.14193606462431796
AC034220.3	0.3442252256839025	0.4712205308328378	0.3755666275731694
SLC44A5	0.5154667283172647	0.3999140059098573	0.187221341489142
SCAMP2	0.7072675385665421	1.021717646370579	0.9044279808155639
COL5A1	0.1321555081370657	0.3224613466353302	1.0168201804691177
DMD-AS1	0.24945459050582133	0.13643965993548268	0.41498018974428025
HOOK2	0.6963665387867813	0.9779613250328621	0.6044846786777716
JPH1	0.6911181314627727	0.571473897819663	0.2635955969756344
C6orf47	0.654361500602078	0.8286605687551407	0.7848246242786094
MX1	0.1495692753406446	0.7684062643153055	0.5815154565604448
RHOD	0.05411906837698373	1.284675243714306	0.5030598740232572
SLC16A14	0.44358469711317217	0.4640865274783593	0.23818515641021468
AC004889.2	0.05829557122866803	0.790262656838545	0.25069672554379807
FAM46B	0.2589864348547294	0.5332715997747536	0.5419537694652512
C1S	0.18075603169038404	0.40762655418209853	0.9147974601457115
HOXA10	0.43912172645733166	0.6810454797366589	0.5167721972147346
PVRL4	0.13818981607590153	0.9053402188585712	0.18421424817601156
RP11-890B15.3	0.37616718839543317	0.3566147720459579	0.43493811100045193
OVCH2	0.008821135828930023	0.15156908877765313	0.15272782196562962
RHBDD2	0.7915513778996828	0.9513714750975415	0.882401061204217
RNF144B	0.2804154491836596	0.6368092731971962	0.42818650773522293
BAIAP2L1	0.5996900816427556	1.1029456647193274	0.6900736670803868
SLC27A2	0.5430887407361676	0.7861870944778191	0.11354554066619806
DDRGK1	0.7788587189795306	1.0041120866015152	0.9305503945906166
ELOVL2	0.7264374658455164	8.897627691065591e-21	0.503078612624288
MEST	0.6161664023594421	0.905079393152974	0.6036515463249198
CTAGE15P	0.04434079986972119	0.6402106042324403	0.2167883100139867
TSPAN2	0.15438811020448262	0.4653056059937021	0.45249117821641127
CTAGE4	0.0590918512352334	0.7926000001265844	0.25189949645846993
GPR56	0.5193830444909883	1.030705443477216	0.5920299482558663
IRX2	0.29460436961692404	0.457335981688756	0.18073354895032265
DNAJC6	0.6918807552796019	0.32575522403675006	0.47952247558936967
LRRK2	0.2139229559715947	0.05327311053600947	0.38486749772663587
SCN3B	0.478956656296269	0.03406475315013296	0.12665662479953518
CFLAR-AS1	0.29129623788575665	0.5040160293257471	0.5611652013797883
RGL3	0.41169969176240023	0.6927847863561318	0.3723129319259178
RP11-429J17.6	0.3810174054088785	1.0526666003994003	0.10106000179638876
SLC20A2	0.5378054004836119	0.8966381075893941	0.7766628629970211
MYO6	0.6040630317034043	0.9630819384019694	0.6347155371321361
RP11-713N11.4	0.18315921556684292	0.16632981281854445	0.10520608309801538
PON3	0.16925657379613238	0.5811609997078303	0.08049936101854012
DSC3	0.06401588980287336	0.5904941655645534	0.21322960579041672
FGF1	0.08664328403554886	0.125432923665173	0.5828074065679412
PROC	0.3259198868721444	0.35703201708866567	0.16253883592011664
CDH4	0.23599055838751132	0.09587727471147074	0.4802820039571338
RIC3	0.43272969633606045	0.050070029501717524	0.06838567184001584
LSR	0.6151010629545894	1.2992010301586576	0.41269523300392486
RARG	0.34599433266862456	0.8866666040856844	0.8291233926847326
STXBP2	0.5350040622280683	1.1416449889319944	0.5271628322096055
RP11-44F14.8	0.09486891999441807	0.41504128641028737	4.870803385425449e-22
DUOX2	0.12266066315360132	0.2719528521056784	0.0850731830872718
FGD4	0.4631750530262104	0.5203994161759876	0.4064388490385469
SORT1	0.7734402660955765	0.8025596956573036	0.7820407905943163
SHROOM3	0.475577067118631	0.7595218150384591	0.4320722147113086
RP11-64D22.1	0.05753858583628983	0.08502603772068126	0.035702186563438126
AADACL2	0.054001400561000445	0.07095711557788004	0.029612455923550485
PACSIN3	0.4832799683090098	0.9515171400194573	0.8268347566235402
TMOD3	0.5603741313965169	0.9875192244548275	0.8843420699422704
DAB2IP	0.6163481485495628	0.7891430202663455	0.6180572562286286
BACH2	0.37946579291282156	0.17280639691959312	0.2722253061918727
CYTH3	0.5079384280209829	0.8172370961916056	0.9226352678107972
RP11-502I4.1	0.3909483891268172	0.3522485143530416	0.27814465985269954
HSPG2	0.3030078928227363	0.911067736250886	0.9557176034161489
NXN	0.4270116638375221	0.7740055285759119	0.8284556034874683
RNF223	0.07829111993212749	0.680347132012809	0.01656307936657196
C10orf54	9.71521271662168e-07	0.7983529123553031	0.6438576407152503
ADPRHL2	0.7192438275184039	0.9099019979424608	0.9254388167870882
CAP2	0.4648392623791928	0.5318297335759014	0.9669501586210972
AP3B2	0.7075509555053154	0.07375780914879512	0.19040545977263992
MAB21L3	0.0957999119892005	0.30107201484863866	0.15067369181354828
CNKSR1	0.36616049819828245	0.921984758868074	0.1971191922400901
AMOTL1	0.5944691835009506	0.6037743085671918	0.8363619248712959
MAP3K9	0.5702736289405408	0.7507483239117287	0.3879304099398599
NT5C2	0.5940832825884388	0.9426017335317965	0.8385899638147833
MUC19	0.18036493199889028	0.03352428576479772	0.04013300913369479
CDX2	0.27607321320452205	0.3919648203421482	0.027756086666721285
FZD5	0.5424419363225123	0.6617241799872661	0.4111260071430787
GRHL1	0.46879279223633724	0.7477638228431671	0.2536539860883769
TGFBR1	0.6624088738675565	0.6592288370971588	0.8229786286125659
EXOC6B	0.4594027509172254	0.6182235404060226	0.6710565401531645
UBE2H	0.6863605185509911	1.0226657378178834	0.9703093219517581
CMTM4	0.6959564624556043	0.9204229726641053	0.6332563448204236
GAS6	0.3877479327975504	0.8190156599810999	0.9252467709316258
WWC1	0.4936896956223186	0.9961402814095975	0.5333170834959146
AC008738.2	0.5362789139857794	0.6813877718007293	0.24172867692988606
PLXNB1	0.6777229809657445	0.898431065381914	0.5475327735569137
C1orf168	0.23075392641455078	0.08782377779782691	0.04427413060997464
FAM160B1	0.4814078364734569	0.5970357931293548	0.7510007693421896
RSAD2	0.19050325350055183	0.40229868874523106	0.27493683089655424
EXPH5	0.3036470679242195	0.6454570129850321	0.17630483390790908
SSH1	0.5715495918336649	0.7313902832603616	0.9102927412285196
PHLDB2	0.19373832891457837	0.7625602514383996	0.8344148974375591
TMEM125	0.20794753693683476	0.9778255589313792	1.3317560190560524e-20
CCDC80	0.03598137228084375	0.5822922247647314	1.1016349855856833
CDH3	0.2898974952199773	1.1500203989989204	0.22467435894157878
GBP1	0.02228554400924227	0.5291227127062451	0.8143690310918872
ABAT	0.5032832835675699	0.3313239485672865	0.25302091061930043
LRP11	0.6438363433930668	0.9280640686095848	0.8175425150038915
HLA-P	1.0218158679332647e-21	0.4804379367121357	0.1774635775928837
IL18	6.181483519850111e-11	1.2003768633458614	0.555868092005619
TGM1	0.2812738889107645	0.5028769444051626	0.32751569267683917
ARHGEF10L	0.510610935335025	0.6088254446875144	0.5372326238701023
GYLTL1B	0.653824133836087	0.6813035259402622	0.0584617540657133
EVPLL	0.11525866305356909	0.37581747959124084	1.444084658305709e-07
GGT6	0.1324727549982005	0.47761243340450266	9.934594257994427e-21
VANGL2	0.7293417798472634	0.3587044622619185	0.3135895575866455
DENND2D	0.24244653942836736	0.7279704786713389	0.2147623429525005
DMD	0.294466343226186	0.14929127555044241	0.435984677299495
SRCRB4D	0.3830056063613152	0.3209953802984405	0.37614940627463056
CLIC3	0.05498439739544733	0.7704400955183568	0.43057488241333436
ARHGEF16	0.4657014927123695	1.0191681277855351	0.2055800716284174
DAAM1	0.5876776575555734	0.7533532911568005	0.5801865803778635
OXSR1	0.6707617162442073	0.8651667171737479	0.9119401301772676
OSBPL2	0.6701302095432152	0.9385953966051795	0.7527287620976232
MSRA	0.3544230454762176	0.34607201121864906	0.5701617150603964
EDN2	0.24534559908627726	0.44581576408661155	0.21716947124824545
GAS6-AS1	0.18691394772356107	0.3843136662255273	0.5238510370422006
RIPK4	0.3613931474309702	0.9701158665323316	0.5222076900516395
EDAR	0.1198273217831933	0.41497482396434804	0.036989549345541356
KAZN	0.43894557423946035	0.43243003592004225	0.5315879623752445
ARHGEF5	0.12134632150730061	1.1315660839004829	0.42102275066529493
ZDHHC23	0.6005552573191859	0.6226581392245585	0.3737884727399129
VWA2	0.21610198959920582	0.47726328848280264	0.04290015918757411
CELSR2	0.7327096851210803	0.6306293656346846	0.47379255557205674
CTAGE6P	0.045860840024932535	0.612963700521376	0.2158892134720287
LPCAT2	0.16717183356951199	0.7327909003758768	0.7548490281035005
ZNF503-AS1	0.07670008477997535	0.19986096896970648	0.0880416571326177
GRIP1	0.5301657626118612	0.33037788137602947	0.23708254444887128
MR1	0.16204367927160032	0.5790626830596383	0.6504044603724928
IRF5	0.3465965330855589	0.5497521170035338	0.2802310396250556
PRRG4	0.26373457803222683	0.8415043937139494	0.3036965710201999
TMCO4	0.23174231884916952	0.708196386852972	0.6337352307082817
TPD52L1	0.3094700745860361	1.0127711665422323	0.5389161239199798
TPD52	0.8657535393559772	0.939037179762203	0.4907659211416784
DUOX1	0.23695473393003427	0.4011645685239026	0.1815776119794424
CCL28	0.13686841234575564	0.5185116012566706	0.3747951206287636
F11R	0.6340240030030836	1.2477739761378353	0.5260180270369476
PLCD1	0.33549966531057646	0.45717651129664505	0.5756663879188909
PDYN	0.09612291194325204	0.010105159244982237	0.03882871538499038
CTDSPL	0.49953496790329205	0.8635335281857427	0.6973396885682923
CEBPA	0.5213118843540788	0.6519260646409099	0.2273658568612633
ETNK2	0.5622200911510843	0.43705418332758567	0.5532748061438049
ELOVL7	0.4822417655451778	0.7737920796956672	0.33223651823639044
AC006050.3	0.02934312974833968	0.24069835321957325	0.05097727641408556
ETV7	0.11856468116766727	0.4454817549821609	0.24397280131124757
ATP8B1	0.29737975832282415	0.9990925065392998	0.6651280156531639
CHRNB1	0.43710283508241365	0.6138472573006588	0.6323592161822968
SH3YL1	0.49788691164562715	0.7126667263534254	0.4119022391325651
PRSS8	0.2869541272213843	1.2234175921215769	0.11093365053060485
CABYR	0.5330606508946549	0.4830513847896343	0.5217667858314474
CDH1	0.43782266613297294	1.332348749115718	0.182133379638079
PLEKHA1	0.5290468719226074	0.6132623043235738	0.5467177973886138
TMEM40	0.04202414489663776	0.6788065971804458	0.22905611007252025
MFNG	0.3219639212018125	0.4514168280415069	0.2896202925729367
TRIM17	0.385137299612915	0.310774775547181	0.27065590315178417
ZBTB4	0.5306987068316945	0.8139072935153454	0.8941113951851042
CTD-2319I12.1	0.05836634033549388	0.3720037407725275	0.5438965195255898
FBXO32	0.35169015193550585	0.5425832003570088	0.6844036596246401
FAM160A1	0.2759364324014429	0.603654968862038	0.3241054322809033
GOLT1A	0.2482319843796295	0.7743398326564156	0.105597156853638
RHPN2	0.6096346463502116	0.9770125820214857	0.6168099507216142
RASSF9	0.10275942392289429	0.3767295933919185	0.3205248400750874
CREG1	0.6202347974122507	1.064352910021288	0.8397100032393598
MKL1	0.5412859152432317	0.6598671105584152	0.7522768678845769
ABLIM1	0.6198153808000038	1.0059467795437993	0.5341369502286716
GSDMA	0.09330154130245477	0.22770622364327117	0.04730260411742739
RP11-486L19.2	0.06799790130110939	0.17425485117572384	0.02419088624251003
USP2	0.5666894221436056	0.24384219159441778	0.31959805460650237
GALNT3	0.2842019058447968	1.1111091219586604	0.2960836606780801
POU2F3	0.13152383257738737	0.3569261956567083	0.07944511600971035
RP1-124C6.1	0.023421493522554432	0.24031405053445265	0.10815572517830468
FAAH2	0.38195896155388925	0.646634680745476	0.05647541060002017
UBL3	0.6428589086552677	0.7930408612100859	0.8117676303466783
SOX6	0.4184611332931648	0.08548031442256275	0.2760999698847469
ANK3	0.4605279855935684	0.46459228660004787	0.2843676133949771
KIF13A	0.40298767239309524	0.6588828990959679	0.8385357360096014
SLC30A2	0.19935255610465857	0.15379882419142113	0.07092656372909195
SGPP2	0.5700662791495668	0.62472147389542	0.2884361232566571
C11orf80	0.5661840905882635	0.7202083965565862	0.5566260962875953
LYPD6B	0.18164681270223773	0.6108718897027662	0.3197268308524126
MTMR1	0.6664374752579495	0.8244608552072601	0.73625685371241
CALML3	0.16420310120009524	0.3765466321762142	0.06642194475931143
TP53I11	0.6009260393446988	0.4271406062185421	0.42257978147261543
HOOK1	0.6909121602012147	0.9024082904333021	0.04300336077396347
BCAM	0.5111064884641429	1.0262552897535862	0.7266270478941053
PDP1	0.4613253212976743	0.8232658640163546	0.8881799704595111
EPS8L2	0.28508988184342654	1.2855923825576878	0.6134741577207528
TTC7A	0.39835672103167374	0.8701381882329148	0.7211704160326393
TTTY16	0.017930334586464366	0.03968528545652628	0.04058405611471786
SPAG1	0.4414414639893418	0.7314796985934583	0.5608691947894257
LANCL2	0.6323545308054047	0.6281936625902204	0.6907268490831123
PALLD	0.4386783212276354	0.7421415352754935	0.9281813594903852
KCP	0.17473816609185797	0.3202304542329163	0.1964061294831467
CTAGE8	0.055842762259819705	0.7765347902067968	0.24579830210100934
C6orf132	0.07905312427244025	1.017814171986355	0.2530165178055197
INSIG2	0.5097212351870163	0.7906428455453646	0.7459957022275845
PDE5A	0.38546630889591055	0.4022070051330478	0.5846763317343924
SMPDL3B	0.46156847734053413	0.7684797033354116	0.14528132444910663
SLC44A2	0.6030205855164332	1.0617145416918177	0.909576306998684
DSG3	0.045695424704124306	0.5465562824308507	0.103436125551871
SH3BGRL2	0.648710125735533	0.7243509775666791	0.3532450678186265
CCDC64	0.8048788759797564	0.6637009074547842	0.1300940960531046
LPAR2	0.5799128914856696	0.7822909270587792	0.4281750953397915
RAB11FIP1	0.6185153292624617	0.9632257898060812	0.5172698988532335
UPK3B	0.2272984968525589	0.7837671604654862	0.3672266387494687
PRSS16	0.3767832926324709	0.7345837767138422	0.16557637167341516
RP11-44F14.2	0.11228900020368672	0.48533338281169125	6.683062167460781e-22
INADL	0.4853370482027625	0.8841240575653502	0.4041104366112572
DUOXA1	0.1141309641555483	0.3056693750685871	0.10312290943666516
SAMD12	0.21493833655529893	0.6591373672504552	0.2916771534832279
PTPN3	0.505789815720281	0.8037492495346332	0.44472554134415276
BAIAP2	0.48638445306765066	0.8733531356494861	0.7297494058416153
AL353997.5	0.05111399122701022	0.148600501945849	0.05243836675782988
DENND2C	0.15379314253158546	0.35840113692658493	0.38123637120184306
TMEM184A	0.4175118868194087	1.00435331703624	0.256815709335493
KIAA1217	0.17676306916017667	0.8619730226814448	0.5883925135940351
LIMK2	0.6772890004045821	0.8751853977985002	0.6746423179222678
TC2N	0.3831243762241971	0.9790197238338976	0.056145871043077764
RASAL1	0.4354753876677235	0.4987712870131083	0.045030590968450177
RP4-798C17.5	0.10619727773464836	1.0843321073908794	0.4045476775629476
FGFR2	0.39217486275375096	0.6155587646462742	0.1989038140196893
CXCL16	0.37218353216726635	1.0896520334375568	0.48890214012586963
DLL1	0.5391528839241189	0.4295592417700171	0.252343726616232
FAAH	0.551055566547713	0.7250039112100309	0.22437974382435585
PRKCH	0.35195376645776544	0.5763850582964268	0.33872503220378253
SLC2A9	0.08828392299137057	0.37810927898347174	0.19382390861403703
CRYAB	0.250126960778847	0.2876814678717882	0.6907810153314432
RP11-314P12.2	5.164212065715005e-22	0.3874553094797067	0.3762571801537533
RP11-615I2.2	0.17599281844881595	0.9426504913748984	0.09173206232639114
RP11-354M1.2	0.30312699270611665	1.2453501350817464	0.10244165270775209
SYK	0.48892199870222636	0.8247712666242203	0.07815446412993367
PLCB4	0.6342279965654334	0.3217619636652618	0.6652781114297904
BLNK	0.13296203584414312	0.4214735777098745	0.03960935349969073
CCDC149	0.43816069418876713	0.41296454752917056	0.5062585075393863
DSC2	0.2879189271508393	1.0382228588135582	0.18257097302521844
RP3-406A7.7	0.3642465097676526	0.4777877760189134	2.5374307725234645e-21
CTSL2	0.6468760054076946	0.9540232712352889	0.5289482282665524
CASZ1	0.5830745888056921	0.5313255757221119	0.2233346801876315
RP11-44D15.3	0.17037083716355278	0.22665071551316932	0.06729323821272436
EFEMP1	0.0720328759341055	0.7580026082693975	0.9352287366492917
NPM2	0.40312473994812137	0.30753798822870837	0.1605807221668722
ESRP1	0.5414020614590266	1.167162597148598	0.07723756803995563
OCLN	0.4436209111203337	0.8414602380685604	0.30833410860055027
RP11-417L14.1	0.030020753841715434	0.13548867317220656	0.06340733866975913
RP11-517C16.2	0.24989223340395417	0.6415994438370392	0.3179139519769675
DSP	0.5130235236839942	1.2584592197565232	0.48099638906388054
MUC16	0.026526691741030662	0.48673616362607414	0.06205246222759591
ATP2A2	0.8087750953422262	1.0354339345222856	0.9780173652913499
MAP7	0.5921321577449655	1.0535423417010175	0.21686249457613396
NEURL1B	0.6894064645361008	0.5243150705572494	0.47706723697184694
EPSTI1	0.004372733713116235	0.5651061503659607	0.4358005266804519
MMP28	0.030365581374655858	0.5325245229245755	0.22857991535035102
KRT17	0.15913266595261036	0.9387695795018577	0.47403442253264977
CTB-79E8.2	0.6814211943761672	0.532809495603423	0.4767609748936579
ARHGEF37	0.3134071757895297	0.578920644680308	0.3494982330280596
ABCA12	0.19265968490068472	0.45924344364303143	0.0997190541422054
MARVELD2	0.3633088320596569	0.918366008518907	0.18451354290688504
CRB3	0.3264412442184532	1.2662533136713368	0.03819079313789733
RP11-22C11.2	0.16157689120623342	0.5410883234679841	2.7831222120954714e-22
ST6GALNAC2	0.36140937857960587	0.6844853795556214	0.42668327442713383
NCKAP5	0.2976075005907723	0.15397070323726525	0.3211560726287985
RP11-195E2.1	0.46332702686166555	0.8532141727502028	0.34939452715790315
RCAN1	0.5540402135524203	0.6182869631823951	0.8926119035503451
SHANK2	0.2532819460745645	0.549487879385809	0.19451998093040995
LIMCH1	0.5539291423622263	0.603229882711172	0.6868281140841803
USP43	0.23578263971957722	0.7322303823538222	0.25843633391705967
OVOL2	0.35533907356137845	0.7818313376241033	6.100165382782878e-22
FAM181B	0.25929675671949115	0.17139862084900462	0.10051881245073067
ARHGEF35	0.1038435982550622	1.1092671114148538	0.39434331962751235
GLP2R	4.5423660726762507e-10	0.16321195106807312	0.2595529023946711
C1orf210	0.24061404579535575	0.8859504009902878	6.396585718463802e-22
TMEM56	0.5203545790505931	0.5348208386813357	0.5200316047192955
CLDN1	0.13324399814569401	1.1492849888690837	0.7211644521479095
LEPREL1	1.4283209796269014e-11	0.7318619019017018	1.025277441631722
ESRP2	0.32462299205415923	1.1986859392715115	0.13737800045959694
AL162759.1	6.538102480913545e-14	0.4657679212089732	0.1523474978933743
LY6D	0.07007121606732993	0.6009344607278795	0.17268469754919968
KIAA1598	0.7183001809841886	0.8882856453516967	0.6799727072453559
MARVELD3	0.2936398393599974	0.8843841625080373	8.886072887855225e-20
GPRIN2	0.13554827466113117	0.5378536400791646	0.08669273052836432
FBXO2	0.33176414052616715	0.701885245687015	0.4539793595181067
AC025627.9	0.05533802680439776	0.10264570302397955	0.033991255490721205
SLC7A4	0.31280092657034014	0.11550412307463136	0.13401092247436386
GRAMD2	0.22021918983768018	0.5321807614061596	0.07704643492672907
TMC4	0.39385752845164224	1.0206879236570174	0.14252455639218004
JPH2	9.967105770785284e-22	0.3768112846687546	0.5558677840561255
SUCLA2P3	0.09528064820812727	0.014338318767168302	0.028050362304120557
GRHL2	0.24191584749929942	1.0869896052769508	0.00041838333197855395
COL4A4	0.23797767137369966	0.3233780196141505	0.2605118942340261
ATP2C2	0.22550080126132363	0.8000075897631146	0.1780034796296225
TTC9	0.45093633840565206	0.755965445766389	0.2336589423738326
AC011330.12	0.24613362611568376	0.10100081973831744	1.066379016971304e-21
AJAP1	0.14635964982257485	0.07338137241565718	0.27225133544425734
COBL	0.6350011610890738	0.6243083979020477	0.052984491152504205
CCDC64B	0.13783054516090196	0.8949978674719136	0.03572328891225324
KRT8P30	0.3918429006952621	0.02936975826530981	0.07773272978954911
