Name	C0	C1	C2	C3
SNUPN	0.6508919256299274	0.6455977661190039	0.5220596979791303	0.8590647995867182
CRYL1	0.8544215440426609	0.5356812318551949	0.40276408021781185	0.8334616728263972
TPK1	0.4089698317776059	0.3031947721503365	0.14610204132618698	0.5352080460486157
GEM	0.5103547314506174	0.3462907841036409	0.13717846901572203	1.023897866842546
AP000318.2	0.6672680182252061	0.7010884913418978	0.5122835557652984	0.9226081663585903
ERCC1	0.7970840506852684	0.832909434784965	0.7328374256739854	1.1175072453238255
RSAD1	0.8061852552191362	0.8602597434365582	0.48791207312939444	0.9314785726383493
AEBP1	0.07962958835020166	0.6648378433673452	0.11704243209598023	0.6745834392660657
LEPRE1	0.4792177913773942	0.8017913654877364	0.6185949939670153	1.2084841327760254
RP11-127L20.6	0.1161453629800939	0.3354054657360174	0.132580684468457	0.2841747245816464
NAGS	0.42633423359685274	0.31400966242481143	0.2627572767254255	0.5474156724010115
AGPAT5	0.7781269872194547	0.8890617036810424	0.5564300684796045	0.8900841940907022
CNRIP1	1.0906194736367522e-21	0.5599279035649951	3.937742859136807e-21	0.8585544673051879
LEPREL2	0.19755139331256005	0.8175063688965494	0.24100888367985954	0.9928537794453786
AC046143.3	0.3924510832656563	0.4407316989755202	0.29020420990600765	0.6253753377125367
TM4SF19	0.3140622428024037	0.16256746388105736	0.4559512572243695	0.6315177285993664
RP1-12G14.7	0.31644652818363983	0.4123944509968004	0.24031269505379588	0.5286343741837299
NOB1	0.9458232892584628	0.8185705295739678	0.8025336164191377	1.1067898571403283
ENG	0.3528001340150559	0.31514300416944946	0.3886953547283488	1.1573618463333086
PCOLCE	0.3186552403259265	0.6184606326946105	0.24590544797096633	0.9715983635526216
AC005035.1	0.5979341410685771	0.7825925075478057	0.5773616737299346	1.0654127743766568
STEAP2	0.5823383210300771	0.1560915855445136	0.2599161498342286	0.5857567606857335
DHH	0.0646216169749777	0.2675162985715267	0.02030935478956319	0.1636240958261556
MTAP	0.7006177259979971	0.6919785860646608	0.4490891872044658	0.6702412577203057
TWIST2	8.355801074973393e-22	0.07913128642836052	0.2901673565178633	0.7025321404798492
TNFRSF19	0.4011091828012821	0.6099123826697114	0.1019353542699285	0.7511073389107367
ZNF589	0.5467365033627022	0.6969473172560802	0.281546206292467	0.5757473957340844
RAB31	0.17446308784312728	0.42619296839002235	0.9202531148914489	1.1827198783181856
DUSP6	0.956220690539122	0.47082290079843747	0.5081467792453145	1.0241922069577325
SLC2A3	0.3142899930538219	0.370294655987495	0.4056163896346639	1.123145453284738
TMEM145	0.2688873427549837	0.9119521520102953	0.026338871150278793	0.24087825815008357
EML3	0.7639129052238649	0.7142402740338603	0.6570047655446389	0.9690088592950863
ADAMTSL1	0.00045461223941364404	0.3013889024868175	1.615719981197851e-07	0.6107197923991048
SLC20A1	0.8779038947040154	0.8373109108205837	0.7131002079425451	1.1580007265373045
STX1A	0.6746142459024187	0.7452295312823647	0.39360554559243405	0.8407043738488148
ISG20	0.6759874448890105	0.31914839336584044	0.34989474459043735	0.5860885470140195
CTSL1	0.5986806305064462	0.5526752057135426	0.9255254773959856	1.3028917722490656
STARD8	0.21655136762034866	0.20246286566078026	0.05437112117233097	0.7408541937421331
TRAP1	0.94300724169723	0.8930551320748634	0.7499076425340457	1.0072642509362149
FAM216A	0.54362450083973	0.8015852342261327	0.4085605319324822	0.9396818265453631
SLC35E4	0.49237654036120815	0.4221313938849382	0.29167905137427474	0.827428013714776
EXOSC2	0.791839091211424	0.8765605617374997	0.6748410205003692	0.9181544299288886
RPLP0P2	0.2679071079697105	0.18264096001386856	0.11699141590440179	0.35018171121339803
YBX1	0.9760299067792726	0.928483675658539	0.8583774282906091	1.186288868932408
HRH1	0.48309941538041956	4.019263863444694e-21	0.42101744145230924	0.8729732541561208
TSPAN5	0.5314711520741768	0.5025974274652455	0.4496207708267511	0.9366391991360715
CTD-2033A16.3	0.917668028284246	0.7715523898291692	0.7749978158047671	1.0693323923925335
DPYSL3	0.30927988342942986	0.8078491743774258	0.3359930944451385	1.0970523433111008
PIP4K2A	0.66599517859789	0.6089213149684645	0.42577243210895943	1.0306140681694689
AC006111.1	0.7427753488774557	0.7417691928377627	0.4876143724287646	0.7288413120722489
RP11-497D6.4	0.18352503627598452	0.14276596280186338	0.03398113095997947	0.33006019942633436
WDR54	0.6182561283092189	0.8851099376150693	0.7357696900452921	1.0214563791430364
FUT8	0.6655059301968113	0.5412506947491249	0.5760956752527168	0.9100052216314121
GPR3	0.3934306058781025	0.5522090734323967	0.17521604967344986	0.6801170911241166
IL1RL1	0.1390717896288969	8.098518149559894e-22	0.22182261824490357	0.23699496527849628
C2orf89	0.4923335877712158	5.36594365975225e-05	0.10309211220772072	0.6339673555678785
TOMM34	0.9086270980026204	0.8502820042839443	0.7945495318398328	1.1087462800556236
IFFO1	0.161279423800596	0.2962566483774318	0.04529384991503001	0.9284790835133291
HMGA1	0.9831099371568893	0.8951869250268272	0.8420146243309775	1.1479693127330797
KDSR	0.6695636804546963	0.6950252040383573	0.5619849572767508	0.9542009945883119
BMP6	0.17833082189654212	0.40459779320928085	0.22621570382128528	0.425835288777458
ETV4	0.9698406549782127	0.4942306380040468	0.4902850902967355	0.9051299581808934
PRDM8	0.2793304481162043	0.3060022154374401	0.14711635578427182	0.6783915529640515
TMEM55A	0.40598007404354336	0.5866542206552854	0.3217738434530001	0.9413201692087012
TM4SF19-AS1	0.32418853637783307	0.2808448203451948	0.3469851647103845	0.5305717212344626
CACYBP	0.9235316590541495	0.9240301261728922	0.7794637233969027	1.1003485020084272
B4GALT6	0.4651259440728186	0.6451615715773307	0.2229426289804105	0.7051813139350743
RP5-1160K1.6	0.5968677642356123	0.7251956727325076	0.4483253236288919	0.9689396170679483
TPBG	0.45711258877451616	0.3563490981701417	0.835085741464666	0.8685523453773647
LIX1L	0.23155786373763645	0.7608721179282751	0.25471566880177277	1.194492289030856
DOCK10	0.05587396755612292	0.4164475867036633	0.12263339916303866	0.8982733578247729
FKBP10	0.6615150140693614	0.7322858754374452	0.5783214170079939	1.276479723150088
NCBP2-AS1	0.7425417270844067	0.8276772015730629	0.6500801241125934	0.9350108168676095
STC1	0.1420229301369019	0.5453651730564816	0.38748085488576917	0.9039534361647575
ANPEP	0.34670183791654197	0.05940635938753549	0.20027638329001773	0.9885052143810211
ARHGAP4	0.6241526072757916	0.7974175124741346	0.12133822290194177	0.35101305238894137
RP11-82L18.2	0.3770188115696261	0.2657120889892772	0.19776295317723688	0.5249701179078882
PLOD1	0.782531199829004	0.7114609729980668	0.8004780702815776	1.2112400827302232
MMP16	2.6569903427916797e-21	0.5962037168118787	0.05786265744585473	0.6206505196122375
NES	0.5191708492021809	0.6451649992361326	0.10924918423854717	0.8891160276435399
RASA3	0.5433571087035615	0.45771179122177397	0.3357023197383447	1.1811654192026857
DYRK2	0.6978062757882224	0.7640561917827741	0.48490152107717827	0.7345635370925959
U47924.11	0.080993125200567	0.8463922843025592	0.08474280406417467	0.6562148233021393
CMTM3	0.21825344874891206	0.6070412963029135	0.5729912531622869	1.1548938611031287
IFT57	0.6489644151676156	0.6941237328031162	0.6581444545184122	0.936309546252783
GNG11	0.19282597040157934	0.28161308277417707	0.5020085591393322	1.443311572306686
DOCK4	0.37018062008010805	0.5684685308140691	0.07560627659882728	0.7045379079761246
RPIA	0.9017945324231592	0.8547901155612112	0.6374457485967795	0.9487214940677254
SRPX	0.19373526879834316	0.2773128389495784	0.3144718893155874	1.2411709921519247
PODXL	0.7662339368016234	0.5782876103908484	0.5877447401610224	0.8982391207044886
MME	0.18593964123482326	0.2103781894729074	0.3412484111052235	0.8764440312111657
RP11-443A13.3	1.8466307128567e-05	0.4542521035548695	0.08775487595616813	0.7379701626641506
KCNMA1	0.0601633835709523	0.5054618618583434	0.13037824210208654	0.8517004901116181
PKIA	0.11067871886435099	0.6858988785880465	0.2167563857225509	0.578606011970276
SYT7	0.6178528429672417	0.7546733378277575	0.4581239424616065	0.19278654942851273
KATNB1	0.7152174513241156	0.8455041497111329	0.5804171594265441	0.9117984500326606
SLC9A5	0.31730162722515615	0.4959033710459628	0.2168175455580423	0.5958419179244906
CCDC69	0.44663430601176835	0.21621762786346424	0.42496461568934885	0.5327618101338522
RPL5	0.9740534958926099	0.9232828985843395	0.8556222677643763	1.1767689563956019
RP13-516M14.1	0.46449572473733947	0.6311844371608947	0.4429382528600205	0.5955285169691705
ARHGAP22	0.12900061253884706	0.27335144487837987	0.21476225676553853	0.7675837427029927
ADAM19	0.27866325114155716	0.3439178681179973	0.4246148951943892	1.0305317068106639
GPR162	0.05406929562892472	0.8392234540234614	0.008931128791768468	0.41686622582952554
RP11-736K20.5	0.2033918251757473	0.22479113295677863	0.12027484899301859	0.3784771011857328
SERPINA1	0.7046315425968829	0.05786877813192725	0.3202659930667899	0.551228073993575
RP11-1299A16.3	0.21186994282471966	0.16447998978097159	0.05742311684242342	0.30274693377856976
PTGER1	0.16630971404685252	0.23908323840245246	0.05160454754697267	0.2962483358417671
RP11-221N13.3	0.12862021835728035	2.452954262911325e-21	0.20819829987799482	0.7686812837570555
NAV3	0.211837806462159	0.14200862586907692	0.14545232257484333	0.9161541619408445
DAP	0.9412069943276744	0.8466378034280031	0.8108440431679254	1.156052670790399
ELTD1	0.07581740761415348	0.012461691832349624	3.0364823289548587e-21	0.36372968725578064
ARC	0.2137030915621534	0.5852856544288144	0.10173939115038393	0.31602255816626945
MME-AS1	0.12273478275523553	0.14365992833414098	0.2616859324654491	0.7467034159910438
EEF1A1P5	0.9810639321492037	0.930077412982866	0.864128754600809	1.1938076082145124
JAK3	0.27678376275703304	0.27200154846730007	0.20245522067328853	0.36046496646464354
RP11-169D4.1	0.07093098842218107	0.12515954187042316	0.08176016435028831	0.22201040407487482
PFAS	0.7023021646916503	0.8673887003349762	0.5565362418192072	0.9536336499966415
TMEM158	0.29466995328243323	0.368130406470032	0.22804791447763445	1.09090635327248
INSC	0.16418596488419687	0.1551643693190106	0.012841443356987033	0.2672686002019304
ARSJ	0.4233374518445347	0.18877081541998403	0.4453484607616754	1.0390978352623963
GNL3	0.9530046629818447	0.9027171575586385	0.7844934851482129	1.125405618030525
GLUD1	0.9409746188781744	0.8351660901013914	0.8087750994967674	1.121310883811478
C11orf68	0.7783998800036501	0.6651661101250876	0.7507019911830073	1.1647487407107986
GPR4	0.045130900500322736	0.24031389876000356	0.017256985049412813	0.25391673368416007
DUSP22	0.5775087546102378	0.7329301390014221	0.5044657176621228	0.7750194788115257
RP11-153M7.3	0.035070616542385136	0.08837039175761448	0.051118305997942225	0.06403216867913299
PITX3	0.09992280563661313	0.21796660038616078	0.0665934984079295	0.15837821775872787
KRAS	0.6644869776199426	0.6806368072410159	0.4587649250661795	0.7122016271113776
NPR2	0.4067249033742338	0.42808190946175007	0.15703719378767447	0.7915316089944875
PREX1	0.18681504348127775	0.7435297568991307	0.28959382197246963	0.6877470295011495
ABCC4	0.5749816851677038	0.5489130677352264	0.3476459819427493	0.9308618979743563
SPRED3	0.24772067897833494	0.3526090003401574	0.10717259882546275	0.5216599082242064
ANTXR2	0.5247870383509627	0.2820124294828478	0.23451465843994862	1.017203070104446
CDH5	0.06606737616421876	0.14745110628594954	0.33200097429692077	0.14372023105038906
SSBP3	0.6229902334535855	0.9448457141577177	0.48203446280430795	0.7503018589977695
CDCP1	1.042307404430019	0.130304277001002	0.8202587522095917	0.6959899348707874
GLRX	0.6342870433950306	0.3521095813462407	0.39416327251800953	1.0562567287967242
EFHD2	0.9278882577902738	0.6943208032536825	0.7992691610221796	1.1420334696521406
CHGB	0.16979279627667118	0.9643303938543781	0.042217569503352176	0.17213730784527032
UNC13A	0.20710372494861468	0.8734287079851749	8.26407639440355e-12	0.23820141317923296
PLAT	0.2997385111629798	0.21426883100445965	0.6902172177920987	1.205803981400041
ANXA2R	0.3741854387707871	0.44914304088046986	0.25806120042948605	0.4951653191182259
AC112721.1	0.028074238453491645	0.06441727317113412	1.1215426810195608e-21	0.3136809365908097
FLT1	0.04094601832992101	0.19299982427303553	0.046398577642307835	0.3408359464435614
AC016683.6	0.654435447139148	0.2486375409368326	0.3716896962405137	0.672220017193454
ELK3	0.589692633292938	0.3718702934995111	0.6839659390288438	1.2302761016900237
HGF	0.05972027420765042	0.2471006668039383	2.1490450362028596e-21	0.39262782003414787
SPTLC1P3	0.036087700381001314	0.03129823505318587	0.013484896827998704	0.04106313041126345
PYGB	0.9322272836197021	0.8515155042222086	0.7683365019987504	1.1579467415716225
NELF	0.828644179507835	0.859268021925423	0.6455171537851458	0.9254522515175512
RAB13	0.872225565561671	0.7727493480786722	0.7732843909783771	1.1732680575061811
SATB2	0.5123591199958593	0.5470679770689072	0.10097818831439105	0.7213319941601575
RHOH	0.1566269398273606	0.3138077475827261	0.02261210715898294	0.08603656206189245
C6orf1	0.6666586921498655	0.6549940496582501	0.5194945062212717	1.0376950776662506
FAM92A1	0.28407524953057	0.7250789375361457	0.44037614744987613	0.8490063587162149
TRBC2	0.3865831969879585	0.12832022223170447	0.23588227211189763	0.5440962963701494
MPG	0.8285580583762073	0.703297244149394	0.6802605969656883	1.0961882846102387
SRD5A1	0.7577142754602719	0.7600944729971861	0.643626628673433	0.8621796659626886
IL27RA	0.5423251185594189	0.5372500954752679	0.5149664076026359	0.7439338305477111
B3GALT1	0.06597452185367748	0.4613012849314898	6.834355087813058e-22	0.2629736064873585
SLC6A15	9.384955442426649e-22	0.7041550092547505	0.22067976727502567	0.36202822753237246
CALCRL	0.06611557236237625	0.3021399250249306	0.1475487570453906	0.3323207481768406
PLEKHO2	0.38201007718748425	0.5090951927500128	0.3999304319989857	0.9881101880117906
RP11-549B18.1	0.3770214986186693	0.5386067770590126	0.1392022177004896	0.4229875604204368
GEMIN5	0.7125167679433269	0.7854414166923215	0.5504373331183029	0.903417576571633
YBX1P1	0.9184308110747869	0.9058638031063193	0.8103437708618589	1.1429354572083428
SYP	0.31771968587760385	1.0087343622216154	0.057081024088926464	0.25945741982354553
IL21R	0.0891969112985966	0.24531046430215006	0.046475155776741606	0.4058706246574421
ITGA5	0.2996197321835511	0.21831084152288463	0.8115209089398078	1.3901797104704856
CHST2	1.0055803737228757e-13	0.5404003325356371	0.2564958530284265	0.725875500096209
CTHRC1	0.2718203878973707	0.5242032011875346	0.4041258310384644	0.9406231663889965
EEF1A1P19	0.8576421614360631	0.7462078230566545	0.6945904185923595	1.0501348081806292
RP11-567J20.2	1.6617243681714204e-21	0.06966369651768563	0.02363829473649515	0.16432813998240978
CNIH3	0.2351902520016544	0.3636276612244518	0.09065747696348747	0.6643970266932971
COPS8	0.7753261810696087	0.8479564175602754	0.6677017650546266	1.088785513758723
RPL4	0.9783961768111602	0.926511788364577	0.8598286251356905	1.1856702239644927
EIF3E	0.964529808305149	0.9040730461302072	0.8343449800147844	1.1394727923858132
FRMD4A	0.30923404356630924	0.47366670334943833	0.2774402038434913	0.8386184946912463
TEX10	0.616050556493274	0.7060328324222246	0.5107273477764664	0.8251591731726533
LINC00460	0.30548701123537	1.1188756238723179e-21	0.14915243887403215	0.5943580977883189
FAM43A	0.44111340595156723	0.5508954253308175	0.3503807841484809	0.7315748157197601
CTA-221G9.10	0.409451135512261	0.857715575054286	0.21587334163677965	0.6047885683214806
AC002303.5	0.07807130891872101	0.2961414624187297	0.04638440589864144	0.3513515394982659
LRWD1	0.7343741979751691	0.8446761046400177	0.5787613908362313	0.9657382640477414
TMEM231	0.5058174256423585	0.6575900667728225	0.3891728234790156	0.7580731934966443
CENPV	0.8179820474160898	0.9045474802667356	0.4092833480596531	0.715727277357501
SPRY4	0.8113650939472651	0.42488041558941064	0.21117086005468336	0.9743939226740869
CLDN14	0.11126390912802052	0.015468856276097615	0.03423234681104732	0.33576778725397755
SHANK1	0.053801761097705444	0.3828037404391911	6.895274158256055e-20	0.3901299521268522
EEF1A1P6	0.979010588114488	0.9273524112904274	0.8613345802661492	1.1898677202087145
CACNG8	0.21112006739046857	0.18886420371344353	0.11777868297464368	0.48520587372701596
SLC9A3R2	0.8229990710133336	0.5540078081133316	0.5659137182705785	0.9403894656186013
TMTC4	0.68294240424096	0.8667429367584412	0.3754771094664081	0.6469857147927146
ZNF883	0.1492039950171325	0.5325826471121275	0.18524647437530528	0.5154270931975903
RP5-1120P11.1	0.40048375986826923	0.3393726042420979	0.1951337000292179	0.3767135268190967
LRRC73	0.33419848447029893	0.45253817803627117	0.14337744495000124	0.35736676926776173
RFX8	0.12141497244491609	0.017552281764005608	0.06420889347750448	0.4844399869808052
GOLIM4	0.7843772649718604	0.83288484391885	0.6922182766911755	1.1040064161829974
CDH13	0.030675438561223636	0.16205594815574875	0.31986366934170946	0.7681613095557538
RP11-318K12.1	0.505509049072084	7.899196365193793e-22	4.0944316298408744e-13	0.321101527319036
TGFB1	0.5799539016118027	0.4547826169211696	0.7795479047705651	1.3033392055169917
SPRED1	0.6808479587694346	0.42559717821707643	0.3532588517901467	0.9991851872239029
ARHGAP31	0.18666155583993815	0.2875489259276178	0.1863255191086527	0.9145295507776516
RP11-17M16.1	0.23161911271751306	0.35247383636602536	0.03171106785746293	0.25911498700637714
TNFAIP6	0.03196896336243222	0.028295182311986508	0.07579550662910353	0.7280203057684098
FZD8	0.22374068594343008	0.5964629131378465	0.26402688320610884	0.6429350482300795
GLUD2	0.5296725708790352	0.489235771053932	0.4012260160056913	0.7161985169688714
GFPT2	0.07352218636631533	0.26758534779875154	0.42020796416223904	1.0049602069182428
ZADH2	0.6162987153149865	0.7420385636585383	0.3215942863118323	0.6863337048822654
SNAI1	0.4211983935625418	0.5720338600233973	0.22289104873524568	0.7592345345623138
MAN1A1	0.6257382078828136	0.4579017172527913	0.21615149156803448	0.7742370519445585
RP1-101K10.6	0.5922897181334995	0.6800486574775805	0.41505819258722504	0.8099337949002758
KHDRBS3	0.39213386179773346	0.7540364884403046	0.02322648788242632	0.703078516241531
RP3-497J21.1	0.14769123170565648	0.1441344791024792	0.05576172252745816	0.1658397361818271
ALAS1	0.9151206059167728	0.8187362580739026	0.7081433720177515	1.0559578552159519
PPM1F	0.5249631741049571	0.6573857346563841	0.5529860520550028	1.010289766966787
TRPA1	0.048819111285891836	0.3136627458189093	0.03801568076181616	0.3424893551570973
CCDC28B	0.38785452719571906	0.764315131458555	0.2505303375800219	0.6428102103703697
HHIP	0.06275003630892123	0.2357250034541165	0.0164220040094072	0.4125052631523123
SLC4A8	0.22356765274746135	0.6548844536655053	0.024253492941266577	0.4095402419996572
C20orf197	0.07071929752238239	0.19669935930529492	0.12220566105762401	0.1238613874416903
DVL1	0.9164376184434171	0.812456382579254	0.7629230186355588	1.0656161380162652
KCTD17	0.43762216174641255	0.7494943578640754	0.3809740033964527	0.8842588895274498
PDLIM4	0.07001241192703093	0.24942208123077447	0.5829981069344734	0.9787447041997769
SPRY2	0.8101330428923802	0.4807766673445693	0.33724418535605033	1.0799491575580988
STEAP1	0.8245048215612032	0.15153626271673326	0.5024063870053729	1.0407724947197277
LINC00094	0.5112057878592849	0.7912578129191244	0.5740209440103726	0.8828709315854059
EEF1A1	0.9801729080135174	0.929056165486096	0.8628869224244629	1.1920399230575307
FERMT3	0.36585413190064653	0.3578344194401729	0.16305032281502502	0.5507522815831835
LIPT2	0.4780399975568529	0.5460485199038595	0.3194501846140504	0.4700850161005709
GLT8D1	0.688974967015205	0.7647383356955446	0.6423431043881973	1.0524836464408118
VGF	0.4466777366765787	0.876859558873982	0.03544462546624774	0.45208453979727
GALNT1	0.8382345994257602	0.7766423889229422	0.7392410747103441	1.0716282256148661
CCDC74A	0.3494389962968027	0.6912671377144926	0.12411219437883646	0.5840850999924402
RP4-765A10.1	0.8649319616301817	0.807213683459962	0.7439872826759304	1.024039580083989
PPAT	0.797906068549869	0.8983106126133477	0.5855725920328757	0.8536495273761571
HAS2	0.3109829502846488	0.004044489764367471	0.14516727904155102	0.8674851517989793
AC112721.2	0.009282099568011638	0.07443785526445412	1.8930834961287365e-21	0.39302889737791663
MAP4K4	0.7843166673227312	0.8305700247773758	0.7778777446479026	1.1788147723772597
AGPAT9	0.7920266566721473	0.204861583472634	0.4773153749440744	0.9232512660961878
TSPYL2	0.6324286306257348	0.9339892445407056	0.5248887926360972	0.8837276042980254
NRP1	0.6047667901525675	0.284911349733133	0.4948530723412723	1.1995431478430447
ACN9	0.6983847686052292	0.7863973818918939	0.49305456572189715	0.7770315794994329
DNAJB5	0.1903991296795961	0.6169215808911106	0.27151918982725337	0.7215423002036228
ACSS3	0.07395780560221613	0.4548433527320829	0.07141870071677256	0.4531546560052954
CTD-3199J23.2	0.24534842209500077	0.33802118922599284	0.059517353961063446	0.18329066259323698
FXC1	0.8010378895745563	0.8019604459609944	0.5674958095171393	0.9166727011827746
IRF4	0.15360815998762795	0.2648737482972478	0.04126540841069998	0.33019824114719953
RP11-40H20.2	0.7656742948067573	0.6679733012157992	0.6743150726641844	1.0182638758958
CPSF3L	0.82929358467549	0.8365918332883986	0.7304823617918117	0.997576081184472
RP11-210M15.1	0.07572975156613264	0.14349638914499754	9.031630529143428e-22	0.14294535342001347
CAPRIN2	0.5869962340937005	0.6435598312488598	0.4433277069979042	0.8949096847772171
PDE2A	0.1949100156137437	0.42156745467692414	0.1032625191059449	0.31400921106070245
E2F4	0.9197903200895384	0.8536478402909609	0.8071272806325689	1.087880535895721
CDH11	0.07450841166691183	0.20882858502495305	0.12215999697362412	0.801837832681219
RP11-291L15.2	0.13123566003449233	0.33321666575467407	0.0758843438112243	0.5041671840966941
RP11-77K12.4	0.23395110911217892	0.28769814785589454	0.09870639972557106	0.28687098350364454
ITGAX	0.13098123087992222	0.06347252623623688	0.1253500595285357	0.3710842012458418
CCDC147	0.13120800097441218	0.14955624589024036	0.14096857543507418	0.41773057961104626
STK10	0.5485307257112183	0.44633768023135667	0.5737094151656622	1.0152437061786512
C17orf79	0.8500152485759279	0.8402755266683573	0.6890001417442253	1.10167335485826
CDCA5	0.8709894239321795	0.9203415141452196	0.7537900187222694	1.0004167240987965
RARA	0.6317796766226038	0.646357844904891	0.4951206953873373	0.8758599293735976
HAS2-AS1	0.2250565668754837	2.245538059360384e-21	0.07313982871871257	0.5967625047505803
TLE3	0.7013942222480357	0.8305086264616311	0.5435300535871227	0.6751684408924453
FKBP7	0.3440468071059516	0.6250389155210101	0.14836687447239744	0.8661373577202891
PDLIM3	1.3331912912158927e-14	0.6172918111904353	0.20083393973269578	0.6009985589841969
PAX8	0.438752534978906	0.13467002285334065	0.24492088882844185	0.5897953454411176
GTF2H2C	0.5719473790196026	0.683974021529829	0.3677831830481893	0.8018014733802162
NLK	0.6443141340748803	0.746191289775365	0.45433094847001465	0.7745547003678649
RP11-122A3.2	0.02682620957149338	0.7820366736971351	0.1251378094939926	0.962768256458672
FMNL1	0.37058315957048876	0.4730196756706724	0.5055842373378939	0.784332236120956
TTL	0.650419403012656	0.8859760131105744	0.5060220187187447	1.0268367274556738
ZNF736P9Y	0.07431032104797684	6.088417467645733e-19	0.07122118436162529	0.09152291518130956
MMP1	0.4195557012809463	0.13880223521282367	0.4421436741795069	0.990522430541639
EIF3H	0.9488012379260369	0.8905375725647681	0.8185740721351674	1.1001188603002336
RP1-224A6.3	0.21924369082300516	0.15654979909882838	0.011097448255232088	0.2614588128334409
RP11-1136L8.1	0.20033521920635555	0.15305335155484046	0.05483865288535273	0.12399759768278341
CCDC74B	0.2716705857689655	0.7244915475831184	0.1581721657811859	0.5343672987856637
SLC25A6	0.9663292628488063	0.923640855782881	0.8296994377846415	1.1682006293482685
SNHG10	0.6088266783259719	0.705096527103363	0.4823129216875719	0.6425143427557387
METTL9	0.8737052985472339	0.8830260444948868	0.7029338108108198	1.0655703296663785
TIMP1	0.8942614363121657	0.3350091288665336	0.771540970276519	1.397497860885088
SYT1	0.2950640629887408	0.8010132385830832	0.2527612338151866	0.4321589908354918
CYP2C9	0.2722063284157396	0.023927396060709157	1.5641122609047327e-21	0.07895092118651202
STAMBPL1	0.6571199567069509	0.30849890569616895	0.21260471436646897	0.8505247384001149
RTN2	0.45682101406097947	0.8210773246365274	0.31281365775145636	0.6385677182477112
RPL6	0.9765340741290163	0.926146910729804	0.8567092035026119	1.1807054198997107
PNPLA3	0.3243466714994405	0.5611847416911401	0.28821548186467427	0.6756660173724661
STMN3	0.6466386208120375	0.9623090479295681	0.42528796672933145	0.8790860921520334
SFR1	0.62170122894256	0.4962925277637221	0.42202095250267135	0.7080612373323915
CBLN1	0.14361811216378034	0.6903716940960241	0.006640497209903247	1.683585198651823e-15
NT5E	0.7549562476550103	3.082767856589384e-19	0.6808612694429876	1.350377850418518
CALB2	0.5907874510010966	0.28427060123409464	0.3612104303577419	0.5901076048184543
CDYL2	0.3162873982238999	0.2650885879415126	0.29632814271758234	0.5111241696912618
PITPNC1	0.6634396110380065	0.700756644090935	0.31238964485478754	0.7240772931571247
CTD-2165H16.1	0.9088096680822635	0.7855141053129537	0.7586975162630217	1.1137098008167032
NUDT6	0.5034700419048505	0.5193739273502376	0.3049065990745459	0.695972542553133
TRAC	0.1137209670038033	0.20632780414023003	0.09911797753799075	0.4378738512889201
HS3ST3B1	0.11506741331125463	0.32825614462389135	0.21660431812467063	0.5624531631833221
ZG16B	0.6519188028234264	0.07291266105792357	0.2700665643652863	0.2670803639640213
RP11-394J1.2	0.5020259241317219	0.31198842185857417	0.5697636432447959	1.150805248201157
RP11-124N14.4	0.18187961410598388	0.20758553034959618	0.19191125138948095	0.7771673583795445
STXBP1	0.5346360886388691	0.9535452054440274	0.44676961369370644	0.9257999752086051
STRADB	0.6645931936012387	0.7238323648851397	0.4498895470699762	1.0057788433068853
MCL1	0.9469836446045466	0.9046973421910064	0.846179547661705	1.153046228739784
RENBP	0.3248325258004607	0.47318472836999115	0.01682201650238813	0.41845727427960683
ACO1	0.8071793141228145	0.6646861633334709	0.6307069770233564	1.1390673632304313
IFNGR2	0.7532536532627954	0.7463551518919613	0.6251476922482396	1.0357520520441479
CHRNA9	0.023757560582383742	0.27768564301211446	0.05518648025086842	0.237322764917575
ITPRIP	0.40225812812863687	0.2835278108944088	0.6169028806077846	1.1001050965464885
NOVA2	2.098059690187645e-21	0.6121930332837724	0.027328485626186734	0.12119352566483291
MTHFD2L	0.4919266653071439	0.5286594716708996	0.2599851839510879	0.5376317631850522
CHPT1	0.737150854436164	0.6783645445605666	0.3911883393938695	0.9956851658815313
SH2D2A	0.5116980095948693	0.3386593755796018	0.16969818392087024	0.26249145520337436
FAR2	0.5436086484227562	0.4512847062378098	0.18182115038148342	0.5912283797029827
SHC3	0.2915677587452766	0.23645986543074998	0.13312457603564246	0.5290177153000943
HMGA2	0.5179437604888784	0.04634752550415846	0.4771478649809027	1.0279994552515104
TEAD2	0.4951927821242476	0.5112933134872624	0.6433034105729127	0.9748796158276734
PPP1R14A	0.17577908560784516	0.4436047250482111	0.24220172499970907	0.4816211072945637
CD99	0.6627767399306322	0.4700619798889289	0.6358786244799614	1.1957025488775344
RGL2	0.7750184363490872	0.8007222211360142	0.696649938100258	0.9062338002761672
RNF175	2.6855621195358676e-21	0.22673222772461207	0.09526244875055614	0.2424385466587872
RP11-629O1.2	0.35140203794764135	0.24429934734027323	0.31775495027294665	0.5356837734888044
KCTD14	0.5499285970930108	0.1640379722495436	0.007090301046525229	0.5153645416429105
TRMT5	0.598661059828859	0.6714298703125319	0.5169378292245763	0.7333050180099104
AC010091.1	0.033298041235875334	0.10414660560723303	1.25060502749924e-21	0.16491068915345208
RP11-46H11.12	0.16361800834986423	0.381354348558126	0.159240572402863	0.24922457937877884
RP11-18F14.2	0.32718405550119345	0.2625002476046961	0.29117922408636654	0.5002704225258473
AP000783.1	1.583810745275229e-21	0.39864621989635657	0.11582180115463082	0.42384628999721663
FOXL1	0.3082002557970437	8.805385989076237e-22	0.2659235824604394	0.714244429638056
FAM131C	0.3083976618549495	0.42565952465792106	0.306606119606838	0.38174991131680164
TBX3	0.5795102669655466	0.6796850612323309	0.19412414992089336	0.7339396820393901
VIM	0.3247688502724871	0.6229403504675982	0.5620166748576712	1.5056706383733496
SKA3	0.7683806530732483	0.7865795598453946	0.572806915509277	0.9067308463316752
AC012379.1	0.8938399730553672	0.9296096555424794	0.837895272685686	1.1721527105973544
FLI1	0.028159406620722055	0.2861612407828652	0.18820826726529788	0.6246240083976675
CXXC1	0.7666859531088589	0.9269946683560749	0.5629589033590364	0.9289650279306644
RP11-169D4.2	0.10937603907402633	0.3081203951284976	0.0906928391354107	0.2908132081899594
BCL6B	0.1520991178100868	0.23183163093684456	0.01637738918035959	0.09706571510831094
VAT1	0.887441294431941	0.8687900127397439	0.7828827411352004	1.1816452819640335
CUBN	0.10903318341806582	0.2189152992792183	2.1567257679221388e-11	0.46290812815110133
GLT25D1	0.9033555263996155	0.8671400268809387	0.8269826152356855	1.1674427159530043
CTD-2323K18.1	0.6186579844731771	0.6160318645629261	0.4835274351520743	0.8160301898126432
IRAK2	0.600417093056295	0.12978282538331534	0.4402314471854434	0.8897240848336072
GDF11	0.4374166858804957	0.837739661263263	0.3600526742868982	0.804791946373295
IPO5	0.8968544227912937	0.8987453493525238	0.7478774409418626	1.107079623212491
AC003092.1	0.13191754577961864	0.02753278118175369	0.0407558976747367	0.6628658097339682
ARL2	0.9032000355911484	0.8729092391303884	0.7902324736996339	1.1455607876663358
PSD	0.23534668655906574	0.716027817902968	0.045194348981941655	0.1761905606808802
TSPAN18	0.05657894136208723	0.46509783653925685	0.17215247791270138	0.35833053060984044
FMNL3	0.33449070902986333	0.6456741620603598	0.24517193439345525	0.9474442946741829
GLCE	0.6708122628194478	0.6617031637143173	0.45685135544439914	0.7911268568607908
FXYD2	0.37774064603451535	0.22974573571466553	0.005706811107838022	0.21752650122036182
LTBP1	0.372847310837496	0.4254527354258532	0.5877196150902338	0.9255917688535463
HJURP	0.8579063520367075	0.8699447977894528	0.7225958822637462	1.0644844386936652
PCDH12	0.27672362275330137	0.37967382223801777	0.11847812570293746	0.3204482694506466
ARMC9	0.3984967396271469	0.5851487942152805	0.3209412890533829	0.8723304740819376
DLX1	0.08760022194821158	0.8277338068502846	0.28988873287831846	0.6629326004137298
RP11-158I13.2	0.7215597586087645	0.8848277849925882	0.6439925857621513	0.993083462736634
IGFBP4	0.777253562255534	0.5156776608069596	0.7936287373584249	1.1305615834448022
RP11-124N14.3	0.3295538211016303	0.6272221340654741	0.5575773745733326	1.503324261159382
PHLDA1	0.8761694861048692	0.36775797374639885	0.659789863218344	1.2385759415987407
RP11-101E7.2	0.37151191769360414	0.42949147510113606	0.2530279287493897	0.5640309238440373
AFAP1L1	0.12300177273672179	0.27653904172017196	0.6285561768468101	0.9323772126567867
RPSAP52	0.2595714779647559	4.1944246845203106e-18	0.2297247632891447	0.7053216699495823
U2AF2	0.9569869150152773	0.9247814211321516	0.8312309005078468	1.1447125584797804
ARAP3	0.38183430888121095	0.22680462969247833	0.5557197385907099	0.7807923431171452
AMPD2	0.6820856747398072	0.7820297281487382	0.5418623968315657	1.0493130950524538
RBM19	0.7276150575454902	0.747495926104508	0.5306961336625619	0.8810651962763981
ANO7	0.3808248835301058	0.3550771492082618	0.06934038355572145	0.3839120044592491
TRPV3	0.241127366062584	0.13899414523328293	0.21346295146910432	0.1919470872375473
CAPN5	0.7050555706135969	0.5039315935549453	0.2299332291414402	0.8716347914419414
CCDC110	0.25220131992139894	0.3753135497447065	0.07378512578612073	0.25419286899151783
PRSS3	0.8224117437593262	0.14113526189347983	0.06960448012730587	0.522216194227933
RP11-87M1.1	0.5963117230233019	0.5524983455063431	0.43479837221983336	0.7092791334543893
PAQR3	0.5183145296923043	0.7538489764407164	0.40120168069987466	0.7927768084013078
CDKN2AIPNL	0.7977921778367087	0.8634656680392331	0.6500644773097709	1.0101907529603436
RP5-1142A6.3	0.30058301076394933	0.3919092539341938	0.11363218473510837	0.43209905145335425
CCDC85B	0.8643703271540218	0.709694568713436	0.7514273457270193	1.190554837657121
MT1E	0.7208216885689771	0.1391031926559087	0.5669318291260739	1.1026333356243496
KCNIP4	0.2886799422824737	0.4336842800449833	0.10401885537408606	0.33772373810831907
NTRK1	0.05172141216146418	0.478870967445151	0.021712297159556714	0.19779413099370532
PRMT3	0.7905175232765149	0.7741267793391234	0.6309025165308774	0.9055756082854207
PTPN22	0.27952517789523923	0.03995172421165635	0.029635801143571564	0.4823526720744496
RP11-72M17.1	0.2580063400312577	0.182046472151199	0.056355327884842855	0.13811929755868493
RP11-544I20.2	0.2722083682280316	0.4308404537952109	0.1646431485149607	0.23717289755632462
RNMTL1	0.758829794417584	0.7645297066276422	0.5393798238510953	0.896004688478431
RP11-867G2.8	0.7231102020694641	0.321478045227477	0.21234924626367194	0.5885693514084829
STK16	0.8399906637763485	0.79612915760706	0.6917049066990333	1.0148146480100848
PIH1D1	0.9404372762631933	0.9033578500340189	0.7998365512404763	1.0888037357225082
IL31RA	0.07062875895543648	0.003022877288037954	0.24295247380381005	0.5835246988627105
EFCAB4B	0.3463821948447882	0.2886762788797252	0.14018131656920377	0.340467014502015
JARID2	0.48914743690115264	0.8239803855616895	0.6384986542777951	0.7330011392938492
SULT1B1	0.22662620907275763	0.02580781419882207	0.03598132898174847	0.14178522067240323
GCK	0.07217607176964315	0.3354698478729126	0.0013423330704526602	0.164153508197761
TSHZ1	0.5249247938842899	0.7910043095060166	0.24338242345968986	0.6880021460366076
FAM65A	0.633454081891603	0.7047715611508795	0.6777230447182758	1.0549835667095309
TFB1M	0.6179712528882609	0.5854978194084896	0.43319028771549467	0.8195734129458236
KRT79	0.06787189416891204	0.020391859835863512	0.09951191778742792	0.27067499954535806
ANKRD20A1	0.18053022073507566	0.3901868340236174	0.035241460023756804	0.24985360251166144
RCOR2	0.3539843986871668	0.9400570714601334	0.17488823841752238	0.32444464853289456
AIG1	0.7042803683834232	0.4933345854136882	0.6821780690530891	0.8347012136891816
LYAR	0.8724808594459486	0.7714413920527224	0.6808103174625064	1.0198099543436712
CCDC78	0.5414516320038091	0.5756592719389244	0.19675362367201993	0.4857043062272997
MTRF1L	0.6438847458740277	0.6916349836410682	0.47108632250331955	0.8899737968528951
POLR3GL	0.7835965884525712	0.833185894059883	0.6303610913328285	1.0522853690704168
ACOX2	0.4218785784610892	0.14708394736122776	1.6454997815849032e-21	0.5749371522377749
ARHGEF1	0.8460424691250372	0.7585411129909301	0.7090019937343629	1.0547416859577958
FOXP1	0.5085283325000585	0.4459492270618374	0.25525298521889267	0.6291564416838373
C21orf119	0.5381525839312424	0.6960721986754558	0.49775319623028197	0.7074676813378644
LRRC33	0.23243835719929204	0.40880209353852426	0.07558388162015815	0.4733883758371746
DNER	0.08092478962736836	0.6218013159784731	0.26973471704361696	0.693615086192023
ARPC3P5	0.08983365124965675	0.07040223586224836	0.021299535211393602	0.05597384807221943
HMGB1	0.9634261093893473	0.9259706972638629	0.8278483185423753	1.1407247501008944
RP11-352D13.6	0.13813274555188657	0.1683744957335052	2.1898397522782798e-21	0.10130079432422817
SMAGP	0.9564004810094451	0.28754116066996416	0.6596090670857916	1.0409824492157953
SLC39A10	0.6753469982475162	0.7539636483317654	0.5149738379721166	0.9058196687662554
MAML3	0.5039602260681505	0.6733470293909356	0.04620395361225866	0.38056695244844074
GLYCTK	0.6699650863655823	0.4575737179494202	0.10821986440859957	0.6383430344279764
HPCAL1	0.7611119242308473	0.5871582719898889	0.4173048116470577	1.0629309955021642
PCDH10	1.115817875511601e-21	0.478836940227055	0.06716254062276371	0.5399059394027846
RPGRIP1L	0.38803469490805875	0.5357934712021651	0.29290214186635577	0.6157188742554768
ITPKA	0.6311729223430004	0.43830326502070394	0.16758885734566212	0.6305901914443061
DGAT2	0.7353309680965171	0.6382731718186726	0.3246673275172048	0.5572322466912903
RP13-530H6.2	0.12016554851934463	0.35951217285963905	0.03992169737678729	0.7003786544842492
RP11-94I2.1	0.1377068541282447	0.23567082112693813	0.06240108209830599	0.30623407627676774
ID1	0.8951041371656792	0.8592482482312395	0.8855710080156634	1.0910705732495245
AGPAT6	0.8240031851006235	0.8596853866398356	0.5598767414501034	1.0420188612054693
ANGEL1	0.6835937353724703	0.7755736474192066	0.5417048813184022	0.6553104704615335
RP11-342D11.2	0.6315299126819995	0.318613423325336	0.5607885907242046	1.2361820009388924
RP11-689N19.3	0.6746604706053843	0.4739618476878398	0.19947254005175896	0.8154079469495236
HMGA1P2	0.3945798581644412	0.3825829933074068	0.18105734340472152	0.3896403964003922
RP11-603J24.7	0.5573000881012292	0.5281812887283629	0.5084712123895477	0.9724765380418986
BEGAIN	0.17696985356156428	0.5061753304683925	0.08739043557066258	0.19071521795599655
GLYCTK-AS1	0.5598316444379148	0.4366303027668874	0.07680604247723351	0.5520355589245503
BATF	0.647013260059269	7.993256651978149e-20	0.21113507080427873	0.26117439945276005
DBF4	0.7632902196339234	0.8401224665080912	0.5882894539324237	0.8605755227070863
C11orf41	0.11635943863891836	0.3804798000865118	0.24275841316433497	0.7392727021927166
ANKRD26P1	0.07524335710732409	0.08256043809836494	0.015386659371168367	0.13352744335858163
SLC17A9	0.6924695864195566	0.06295515426983543	2.2739201624266085e-16	0.5806151273736531
NPM1P6	0.4906382946782403	0.471770255383531	0.3384536965719031	0.6547689954655695
AJ239321.3	0.1545012906088345	0.0050872512165768165	2.0132396150705337e-21	0.054896927529866475
PRPF19	0.9581220637044682	0.9249663752623234	0.8311755131440255	1.1316828547212767
HABP4	0.560535887913217	0.6136085213590132	0.3759078093007197	0.999641456558028
CPNE7	0.7048067326769655	0.4802408396428719	0.3296187295742302	0.751216055669656
CAMKMT	0.4869940701289435	0.5243536335236118	0.25780788855628656	0.4856479474381135
IVNS1ABP	0.8377430532976792	0.9305994635004501	0.7150652122964102	0.9864969247257113
AC021218.2	0.5447619540801627	6.966014190932024e-22	1.693181949110615e-21	0.3059392336394863
CTD-2012K14.2	0.4748520428166358	0.5781957193576261	0.5005051487269738	0.8734900589175306
ZNF385D	2.649855251151197e-11	0.1675581818954094	4.886942044636072e-21	0.37895120771815166
HIST1H4H	0.4926150406795892	0.5436601080919528	0.5282981346056652	0.6391222418873018
ENTPD6	0.9069784205633935	0.7918979255719396	0.6607519456043548	1.020211712714578
MPP6	0.5183147739590026	0.7132090664257713	0.4290416670509284	0.8068357399785319
AC138150.4	0.3716855255097341	0.42342152242220255	0.47576637996918497	0.765785364890113
RPS24	0.9745630126322746	0.9136089669359659	0.8515875217626461	1.1691038205162516
RP5-885L7.10	0.5616478012388982	0.2855201468889923	0.025427985764298694	0.12141953806334678
RP11-114H23.1	0.39824981202720366	0.07235371574513527	0.11188034437075141	0.36373789984744087
DNMBP-AS1	0.3332406243075937	0.3075735439801292	0.18141979622560156	0.5991245876721697
TRIM65	0.740093686291395	0.7589908457089976	0.5621695220922	0.8946255223395296
CHST11	0.1850470578449281	0.4837599343052819	0.5837537051547247	0.9121047189218168
RP11-3L21.2	0.09472221973145695	0.24425008856034405	5.062990055304749e-17	0.5211940004935717
RP11-133O22.6	0.7042519011733127	0.16947089126317091	0.06372665606169053	0.45365095156813107
RP11-396F22.1	0.11264483768852364	0.1566981219763155	0.250374042232258	0.5080827842109128
GART	0.9055700711416417	0.8875138211526044	0.7560959497295341	1.0483989127489717
AC114788.2	0.10661865916773547	1.8024859856114283e-21	3.718745362669989e-21	0.1683880929285835
GPX8	0.3895318034515992	0.138838397789532	0.8690712734239063	1.3860894709131293
STON1	0.039888494014213356	0.5625602699331346	0.3232965382138318	0.5219443056338328
ROBO4	0.056415779541574146	0.008327934616833794	0.06107397731880374	0.48430264985215304
FNDC4	0.14620140411704002	0.437184601927833	0.30814951527181716	0.8345715507975854
LYRM2	0.587111965082727	0.7686459733015495	0.5099895600758527	0.8458242573233914
RP11-434O22.1	0.3240794082827366	0.29449186903505187	0.16847220289510076	0.38121377367742737
AC137932.6	0.2321261521905129	0.12267174717604874	0.03730152990210273	0.45059769625854634
PAK3	0.03534491586277817	0.37497178345223936	0.025661225405084885	0.3915967080527309
CD320	0.9287262791311669	0.9189880729468443	0.665821168541099	1.142202018703797
FAM40B	0.5234807162013236	0.49613210643743383	0.3630105070866088	0.7726578504162639
LTK	0.2978548476529078	0.4617939238222231	0.039266749663239724	0.2635255104310995
AC010170.1	0.21148725122545536	0.2622255563620422	0.1267547533249346	0.912075176110216
SPARC	0.158133028936465	0.5535738280806305	0.5337194537397753	1.382861961461217
AC016738.4	0.5635240360695003	0.1030809895911611	0.18913046915966858	0.6838928600280825
RP11-335I12.2	0.08187151531035138	0.11073966805170411	0.09725934205129794	0.19950108659252935
ATP11C	0.5446372671863173	0.6695215050115831	0.4235497391294551	0.8883615621434408
AC079922.3	0.36088602540102427	0.46333635358349706	0.17688309129081284	0.6312468255169862
RP1-89D4.1	0.1822252360080203	0.25708595188242633	0.07038545898368524	0.2735187139893181
MAPRE2	0.4588196059132937	0.8543420380847839	0.2794063795294605	0.8437621301571369
C20orf20	0.8974906107034651	0.8384565781683379	0.7999519380979802	1.0817977827632879
CTU2	0.6805753403314864	0.6964304878002273	0.5274315901956114	0.8738519223659237
GLI1	0.12904879543683426	0.38266911045085433	0.11546069337868935	0.49220125777115675
C11orf21	0.1928646974576398	0.08939162136128198	1.7724968903914325e-21	0.1765393666709565
ENTPD1	0.4406745014501012	0.6603075990979267	0.23546910294105397	0.5732715482923929
GRAP	0.16385110323220498	0.17964291762003734	0.03870923012550664	0.1392875469205458
NFATC2	0.4397211490599007	0.34230515661130906	0.10936814087515899	0.5231484060616335
RP1-1J6.2	0.608713758933227	0.6644014913104597	0.42714920488723623	0.7142700328363714
PPM1N	0.414949021580361	0.4886111605371844	0.18825933559430205	0.43198315400739046
RAP2A	0.6458578781864158	0.8881776596344603	0.49631909972016214	0.874881704938393
NPW	0.3508971318013949	0.5755216888733744	0.12349965891175674	0.2905655169629871
ZNF512	0.6143114567145584	0.8556258299297539	0.5297956649907479	0.922191079075142
LINC00313	0.17464804152849203	0.1478357209015029	0.26291022374919293	0.3699277442501153
NOP56	0.9443636537330997	0.9282132708388797	0.8020361328936357	1.1059349536470138
PEX5L	0.15110379896158763	0.5938547316464421	0.006558508099102375	0.2084975777848512
MAP3K8	0.5561331494629563	0.20927032034803986	0.5032289911315755	0.594286559148181
KRT5	0.20408473241839295	0.2923041544343129	0.9589111270235086	0.3840223984739666
KREMEN1	0.45499035096124346	0.7792845852730766	0.4945944805525932	0.5954006203938079
TYMP	0.5651718656741189	0.2206474398461644	0.7382590599213533	0.7554083064943848
PEX14	0.6534463421089128	0.7187720627611567	0.6314630483280502	0.884239462613622
GPR87	0.18368228739010772	0.03122348338704541	1.189322653159354	0.24585757584942497
LINC00086	0.2130482378212329	0.46827322319302817	0.1747113230907319	0.15878965994635605
CTSH	0.8791386115266427	0.4025359850613779	0.8348708219241188	0.6514789116218015
CCDC85C	0.5582013407568944	0.6441708422300503	0.5898752599405769	0.6285564756732658
DSG2	1.0803172900671358	0.4518791446653201	0.9345592942982588	0.7969594688014777
FBLN1	0.022234903700623785	0.7784757711590357	1.043429971959491	0.7481990046198412
LINC00365	0.25376447992613654	0.1477595157693164	0.11548138512204517	0.028933879473432202
MLLT3	0.5062965723218203	0.5242635828042226	0.21365264601414974	0.5298166179760962
RDM1	0.4311881820334103	0.562016107936773	0.29866267174427547	0.37301964875988414
DST	0.49931468933557993	0.5924305236378883	0.7115160678411963	1.0651751022096845
MFSD9	0.7400124146566842	0.6978178685271159	0.423053266907826	0.6122765781598617
CD93	0.07483039783243813	0.06038261658588711	0.05171548405405006	0.16833348734857617
ITPK1	0.8630617137521805	0.7679478110666158	0.6707531848473316	0.8433596717582503
ALOX12P2	0.18101817899916084	0.19801742733782943	0.3708927645808859	0.1552559530553251
DLG1	0.7697966883904752	0.7368150242509648	0.8037390063646866	0.9831233024776243
PPP1R16B	0.11218147465177147	0.5180694600534643	0.0484864984462801	0.07769954527996355
TNK1	0.6228315725597439	0.3611774698979249	0.608503729974143	0.2949213108964631
DHTKD1	0.6926344985124776	0.8539836466476829	0.6877650186883905	0.7340100974294899
GAB2	0.5901843482411356	0.8290111063800942	0.24612340740114186	0.6423290719018058
MAP7D2	0.3478531517815872	0.6782720605336661	0.1661862852626603	0.29347038787256496
SH2D3A	0.9911665815778289	0.24732367065111333	0.8991644203134598	0.3143994436336483
PPP2R2C	0.29705947070882494	0.6425623527720481	0.5841781511063068	0.2754474267316573
RP11-54F2.1	0.07820330469003318	0.33262929727863955	0.5501175946730441	0.7450925481952368
GLS2	0.6327920188738709	0.6150721410883057	0.21021385943038934	0.1365600102274587
AIFM2	0.8021490460338131	0.41209480955445693	0.5265202988496953	0.9193707531632049
RP11-774O3.3	0.17275113725110844	0.39205449730284675	0.2676122730920177	0.349367637395571
PTPRJ	0.7316013360857265	0.4766375590516874	0.47120660353262067	0.9668225169197259
GPC1	0.6634571283331454	0.6504732362821174	0.946225562012672	1.1217158127002598
EPB41L4A	0.4754128021330942	0.5726667549003102	0.44220185946887514	0.4722927765087729
RP11-404P21.2	0.3104872347722227	0.12610499538822179	0.42136741327325894	0.46619898812635274
CDKL2	0.2232042189810239	0.38785456655786726	0.11566209017821427	0.22042185822020854
FAT2	0.061754820606809695	0.26763766415629403	0.7309930613153285	0.20888343071402773
PARP12	0.7140872037149353	0.3959893475241805	0.6523725985791643	0.8035954725432928
LRRC1	0.7585303111524753	0.5371280223664643	0.6081062204957495	0.5635428229855445
AL391137.1	0.10669666533212133	9.708009367979495e-22	0.9176040735159534	0.18364709620010433
KIAA0284	0.8617354683109298	0.6236285687395418	0.7374000798061324	0.8695646073001484
GRB7	1.0557691400257168	0.3720986317384065	0.7431588976759886	0.17551371185411122
SRGAP3	0.20568129236418095	0.5138232984176313	0.39377295561592707	0.20056466880858145
MSLN	0.659083127009222	0.022022947940724475	0.6777477119211386	0.3857079420567521
NDST1	0.5613464969504002	0.7432202397242935	0.8534184536533038	1.116058687396519
RAB30	0.34290631052885745	0.5657036711541246	0.2335811414681572	0.5862894940124859
RP11-688G15.3	0.7748752255807063	0.8179480746572869	0.7987474476841513	0.8005274156115166
RP11-290L7.3	0.019811533013356232	0.22317563035573998	0.21070693826010686	0.2745775515523822
RIMS3	0.3168241834496059	0.8931874880634019	0.23926056053458725	0.31345649232586686
MTSS1L	0.6793119188088259	0.8197273287483312	0.7793703670956853	0.9628390536067399
MYO5B	0.9507208881655625	0.4172500532953241	0.5534015555005012	0.27018882177122494
FAM189A2	0.22604462925341612	0.37929017104745416	0.2239425717720226	0.1982145593455277
LITAF	0.7642923036798704	0.6061202350635475	0.9404833829354926	1.0302036070958471
DUSP14	0.7439342779633066	0.722793263578037	0.8123741534923973	1.1009217380967067
GPR37L1	0.2807497711779626	0.20787145954984956	0.14398404403860615	0.030026815423942883
RP1-71H24.1	0.10255462147957516	0.024765510835701915	0.032377906652962356	0.07741930558846465
SEMA3B	0.715101418677731	0.3334621392485255	0.5450266087652805	0.7834834264994464
FIGN	0.06230378750660321	0.5090035679348961	0.4563287102317412	0.6216720480854839
EPB49	0.7895202124227226	0.5999799154576654	0.40161035963960046	0.4574037894587444
RP11-388P9.2	0.4484738325000201	0.5388477205403244	0.41496908128668514	0.3032551644535873
GMPR	0.38332488287265015	0.5410727977457204	0.20052862542046065	0.7218250249249292
PITPNM3	0.39383393344358025	0.22698104151585874	0.4145932338344464	0.40655746295543793
GFOD1	0.31996942618615193	0.5397043365510644	0.5093021926925081	0.4647207270985817
TMEM63B	0.7754852725652006	0.7970918607116378	0.7272500940240227	0.9545751975651846
SEMA5B	0.01565379743289421	0.3669819701506598	0.16463318758780288	0.13256305047912226
SCIN	0.5391211612607494	0.4002153130240846	0.14935681930517752	0.27143082274578223
CUEDC1	0.6720829196415968	0.7618125534050916	0.6396720480917276	0.9933819444588455
WNT4	0.19708233942344322	0.46915681967445017	0.5063604703680682	0.07191932906100311
TMCC1	0.5291118638981163	0.5955545938165019	0.5018508236622268	0.6289675267318765
RP1-313L4.3	0.07825684452693055	0.06388691107848833	0.24508453594552582	0.32524474832638517
C4orf49	1.5766632473412883e-21	0.1565239020091629	0.07901178287461653	0.4571048330537294
C8orf47	0.34448975878316906	0.41366863496201317	0.24419899644544726	0.2225816016751227
C1QTNF2	0.09009074044402991	0.2506687963625262	0.15114355742946023	0.4898124731162614
KLC3	0.3970395855849563	0.4290549715679608	0.8644744670903862	0.2926414158332119
TP53I3	0.6929174874856243	0.6143026306789834	0.5138914691285877	0.9690572517287644
LLGL2	1.1370490380851552	0.6824484076937308	0.7826984954163276	0.28397334408238994
SLC40A1	0.7130630567053913	0.4681024524194395	0.23190291148841094	0.3536642686824212
CHMP4C	1.1597992658224956	0.36549246916795	0.793722567815054	0.27406616761994695
DDAH1	0.8945826907387572	0.6142044823530509	0.41669890899812667	0.9203751359561764
LHX6	0.18303801385355023	0.5380672312252102	0.2577348439023563	0.14323639361496718
RABGGTA	0.7101937596881135	0.7262956185118467	0.6423783478255071	0.8072578229892122
SPINT2	1.1378535494118578	0.6711755736145745	0.9898741470751027	0.557499132583416
GOLGA2	0.8485010591157687	0.8280005262256382	0.8251406387236666	1.0734485466909383
MARK2	0.8109091415978055	0.776811547601055	0.6971813614634702	0.7588336724964259
CYP4F3	0.5552483693050468	0.1656197635645564	0.3994625527173451	0.07720500502244028
GNAI1	0.381655169486774	0.7274560993953778	0.6813573023577089	0.9230264990565344
SGMS1	0.6211458052115277	0.4881816243657179	0.6038886927747853	0.8428031508416206
MX2	0.35161683590268833	0.16108234159272827	0.38360636509619084	0.5602713315387531
USP18	0.5742352528048236	0.6786254479781616	0.531387717381523	0.5667974228598375
FBXL18	0.4994490233384166	0.5985555044782996	0.5286079851235916	0.7282154407501404
CNTNAP2	0.27121380042021215	0.6498999289827676	0.06555493571038859	0.02812372549027547
CELSR1	0.53178529232746	0.4214202171267801	0.9124761795230196	0.6810578497510777
RP11-407N17.5	0.3427863768468668	0.2879920454576541	0.1622608512997853	0.33159022898128765
ALDH2	0.9176499128652403	0.7198276318631883	0.5809672788955386	0.8144634278646405
AP001615.9	0.6093848371264182	0.30893423340266285	0.7449467808050906	0.459162263962512
COL16A1	0.19254139179976196	0.26087095392490683	0.45565900853063585	0.866801920675493
GSTZ1	0.7001896201869384	0.7713071889497308	0.6018364566373058	0.7642908098044877
AP001610.5	0.4650819351267133	0.1379004106785993	0.6583754131100978	0.59867098517781
SUSD1	0.6492676190552221	0.46021299890586576	0.44243481356982495	0.7504992849834168
CHDH	0.8903696185197887	0.5035482824793456	0.06917420502983121	0.18302408732911407
CASK	0.7247145982726465	0.6567923419431377	0.4747954923117389	0.7387900654269829
ISM2	0.17022100446075164	0.3919894371600567	0.10725013422655892	0.13192625283288895
ANXA3	1.0125299573520097	0.05096904414756996	1.0315564559937147	0.7275060024569224
RASGRP3	0.3019010353128027	0.13110674849995005	0.13104044025847297	0.47509429244385953
PHLDA3	0.5731137847183196	0.3826389584022114	0.9357651577710938	1.0837328884755473
LEPROT	0.7223696744220278	0.6978755045646533	0.7803732095941687	1.0852362429282691
TXNDC11	0.7363396254858912	0.6439946995694554	0.6466001306104256	0.9042226646482766
RP4-724E13.2	0.7482781691171952	0.47740090650756734	0.08139019134379935	0.016482684151148695
ERBB3	1.1080707052047563	0.476021513428536	0.5869292343940146	0.34300230218156963
SYTL2	0.6641733866878855	0.23828084882733744	0.2903862225091091	0.7722984740710239
ARTN	0.24046134730436947	0.39933684921086793	0.5914158683360689	0.3508067468976762
HGSNAT	0.6245721799880743	0.6866619675796889	0.6069349197237464	0.93191842998587
C19orf21	1.092179499377619	0.2612146238891188	0.8962455694446653	0.21188089645072655
CUX2	0.05749308273354559	0.4263873026654091	0.018133645575678814	0.02022906336561872
CTD-2377D24.8	0.4209177809639316	0.0340507673408034	0.030708461363277584	0.22980711454847838
DFNA5	0.06599280498685892	0.3933562780650399	0.6895767572846327	1.1271185301619548
DENND1C	0.5903614220048701	0.27619024829823996	0.2162619381021854	0.12471417434874923
RP11-706C16.8	0.17354865096068547	0.047543329556623486	0.5121655990000209	0.07233757760176418
CTD-2544N14.3	0.6111004123277616	0.4653653276116966	0.6479984815689296	0.9416778962384782
CST6	0.482501011735066	0.044713996518209356	0.8844848443366965	0.38606713550703375
CCDC120	0.6864033195817366	0.6112716760199989	0.5476799837615617	0.36846851652035023
DNAJB2	0.6919367323298168	0.7827897032566942	0.7516998367447656	0.9862364518917668
SLC41A2	0.5981761027416662	0.41090629591567596	0.33318129611204594	0.6860517357178179
C2	0.2695882100505615	0.23233089445204191	0.21399663667968777	0.3460288886665349
MFSD6	0.7765943562496305	0.689441468129357	0.6010934369925341	0.6043228471981121
SYT15	0.21496591437884646	0.2658993220324866	0.3511975520716737	0.46141944517203004
RNF39	0.45101233424082393	0.1573336856145467	0.4321240255876796	0.05689444211145722
TG	0.12559067135084548	0.11531241711016241	0.07399772902359805	0.1891585865941544
PDGFB	0.5661581705581771	0.22402468366997874	0.7699901765248753	0.44257761657750266
KIAA1324	0.4135640681910124	0.679589939616182	0.07656672549051417	0.25058123625085466
AIF1L	0.6605766438750225	0.8519416088784024	0.6697097884030265	0.34372635573949506
C2orf15	0.6669300280733199	0.5796470280381782	0.30944592657642805	0.2214978743913609
COBLL1	0.506244433371327	0.46550779252567887	0.47515600584919787	0.5654569483056863
RP11-74C13.4	0.23206790865790441	0.7585912798450798	0.6040811397928579	0.5760141451412375
GSTT1	0.64313637281719	0.33909532871154896	0.404675156246547	0.6568561023471859
NEXN	0.12422267523878354	0.13707974456694055	0.34005378351150123	1.0745780409305683
HEG1	0.15717370988687362	0.47606124507521225	0.709909494480147	1.2074925754107504
PPP1R14C	0.420225522108523	0.4210493312473222	0.7904810204402402	0.35989153168225035
RP11-134G8.8	0.2746473684178196	0.2175899506339867	0.47708284533297113	0.6474076048413817
EPS8L1	0.8207012775396563	0.3880329906717869	0.6776201789372285	0.3135517982646734
CLN8	0.5090127243954914	0.6373423022443525	0.40424210814651945	0.7104105041367594
PRRG2	0.6950023260757028	0.36168581613368506	0.5624861224075719	0.1974292319912888
C1orf106	0.8975217966898632	0.21893776666841827	0.7390428738029317	0.3142902450338666
RP11-48O20.4	0.38037449939815604	1.0232843903095357e-21	0.515442738739095	0.3572652096577917
CHST9	0.16100083558955972	0.4066513123123698	0.055122196749190916	0.10422757962664866
DKK3	0.06745691176227077	0.42987849135400524	0.6969665578284853	1.2082990537031058
CDC42BPG	0.8081451390555998	0.5582905177562184	0.7830664618278348	0.11321133936109284
CDS1	0.8250184454576007	0.4146117721817989	0.7813368677146961	0.23243443328501795
KIF1A	0.13534170259416958	1.2400534228880846	0.12515432753829075	5.699223959296403e-12
PWWP2B	0.7656413347252514	0.6067233594471104	0.6598891097304789	0.5856423948715169
KIAA1244	0.722340296919504	0.6097636867585214	0.3017790946323781	0.3191865316576995
MAN2B2	0.5789340420479923	0.4718900211788914	0.5784026537033323	0.8876785199227829
IL12RB2	0.1875133746132238	0.4359117402213341	0.1328837420527553	0.18539359103810563
LRSAM1	0.5660741096267483	0.6202997234596385	0.500612826252611	0.6787494360876354
EIF3EP1	0.09459653352095715	0.5125538076599252	0.33027190233376624	0.46328041999715797
RASSF6	0.6654705780695436	0.30487007997465015	0.29053086186511573	0.03963990618384787
RP11-475N22.4	0.4201088970080994	0.6608282201309938	0.5549162910116217	0.35901633402474303
STK32A	0.18071609972970518	0.43547290267004385	0.052218556579076376	0.31038271724147204
ACOT4	0.43399100968691684	0.2454012854104622	0.41267170951112514	0.2669344955022289
CHODL	0.01418629804280044	0.46676184359378076	0.1280891545668728	0.11451526023047359
FAM82A2	0.7620381815963537	0.7226959087956107	0.6801799152922295	0.9778192979907493
GPR1	0.041658906178488726	0.10336183201231611	0.41518987710133665	0.6579399177552026
TMEM117	0.3866404772107723	0.47690162225948396	0.3334388209051248	0.5836479193775632
CXADR	0.782636904159528	0.8451296805271808	0.5599589474481881	0.2591561743390142
GSK3B	0.7499026539266279	0.8524927132528448	0.6889313421347583	0.921383542966214
SIGIRR	1.0027166771638203	0.5013658429766092	0.5158873293831172	0.5464267264455811
EPHB3	0.5235788403530584	0.6336579544530709	0.5182690410929714	0.3723794234027616
STAC	2.6876586017736548e-21	0.3677600029593114	0.4084477013824562	0.7489267665658825
MPP7	0.5962598217790009	0.35111994280615066	0.4541470075948929	0.29836617476144545
SLC22A23	0.42512354711465195	0.5047687347262543	0.3605795802528431	0.45006821864251945
RALGPS2	0.6989802219236095	0.5057135821543988	0.6359648218417053	0.8655043921689272
RIMS2	0.03245086681162025	0.6758454967072381	0.26852518838651324	0.16168654819558728
ADAP2	0.36049190535790426	0.23745104275374582	0.2442717339663221	0.30937501975846005
GRTP1	0.7770885512382805	0.5230009917473156	0.5380835807736025	0.3264500533310631
HNF1B	0.8355193968271964	3.2332320283849236e-15	1.3808480606971458e-21	0.27615820950833564
CDH16	0.3143554565543549	0.016885509386476753	0.07116615476464959	0.14422990789187246
LACC1	0.526501744718797	0.2560185525180198	0.36551087732790344	0.7173025072590034
PLEKHA2	0.626936517684713	0.4777137893036677	0.6556046164059106	0.9680941769024128
C2orf18	0.7835983675608873	0.70723311972175	0.7209697720283349	0.9921725098054265
URGCP	0.6890146542867199	0.6538379753259844	0.6133549720617502	0.8349191793256318
MITF	0.32794244849726806	0.2564170754435026	0.39413776026196246	0.8319098162476755
CXADRP1	0.2528327340030468	0.26706797904813706	0.07520385133433867	0.07565115340813086
SMO	0.025626673596503457	0.8304785938814451	0.5611359157263899	0.8096675433735333
COL17A1	0.627117416887219	0.10437526030695014	0.8174970838673009	0.3649269848022697
CDC14B	0.660157828412818	0.4882962588661521	0.47912773265541114	0.8051133882374237
CTB-11I22.2	0.046559142903400894	0.1728132046959552	0.1881215427036643	0.039665650850906606
CELF2	0.24129759988313823	0.4599445871945148	0.0948300571469032	0.4726038594089133
SLC22A5	0.67106118081655	0.5520902478710001	0.6361727655801263	0.6622113820544386
RP11-116G8.5	0.10412471591309577	0.2291390395025592	0.44640418907273144	0.027118084836396616
IL28RA	0.5191777179977162	0.40139361133847756	0.43896846013041757	0.22436861629261481
RP11-388M20.2	0.891241287409475	0.14719479879410255	0.7945619073886119	8.671135382394645e-19
SLC15A3	0.2152366831703759	0.05051756695580184	0.45217374088405643	0.6397702436572276
RP11-538I12.2	0.6106201439109938	0.6129125861524889	0.5086940195167768	0.6922401674733316
TTLL7	0.11779565305370439	0.8063055754803532	0.23453858722463333	0.56765710148101
FAM59A	0.5312207756001507	0.5491194757606849	0.29691349048796345	0.4097301203507398
RP11-597D13.9	0.3170436936329747	0.15926692493365008	0.26804358371399883	0.5927982343868997
TCF7L1	0.1743840685161079	0.5202021870648419	0.5464712963868578	0.6345347837464258
RAB3B	0.36927342962224596	0.628507141190404	0.14166423813894208	0.7739834508082104
PRKCZ	0.6490018992072176	0.5866619931736509	0.5140056420130211	0.3731126353753337
NHS	0.4089624254890415	0.3162571142161234	0.3742696010253953	0.5660337504020161
MPP5	0.6973925569578003	0.5988372803347873	0.7142596082564853	0.9478512270017703
ERP44	0.7667456523695809	0.707898882149436	0.7655197129288597	0.9778528800367382
C1orf198	0.7763099746380024	0.8604353657552269	0.556541907266073	0.8988856019312291
ZXDB	0.5101929343114474	0.6029393619717691	0.3717813798012495	0.6300629771336448
CTAGE9	0.5413493440525672	1.0171953693114447e-06	0.249068826863687	0.1874417426258076
AC034220.3	0.404451422990665	0.3948436308551959	0.389517997739195	0.4183222995177974
SLC44A5	0.3187507825008843	0.6235006809108261	0.37448794009952796	0.16062885466576837
SCAMP2	0.9210827579379038	0.7885491859104995	0.7980047690802351	1.0360639821544029
COL5A1	0.00010482762615391286	0.26097551905290794	0.6280183578467393	1.1199758440879661
DMD-AS1	0.05874098958515013	0.33698163854858826	0.2132094561561726	0.4514680200161897
HOOK2	0.8962123568241942	0.7713414669705246	0.7396057217805059	0.6700525253240509
JPH1	0.631687318943211	0.764138927574395	0.3597104879731279	0.2648789194779214
C6orf47	0.752377856581932	0.7368256782937577	0.657512286890137	0.8936688071962453
MX1	0.5362482159941643	0.17877819143742404	0.7050536632103429	0.6674990805588059
RHOD	0.8966105499098146	0.04499044069646128	1.1207537256363471	0.5754885275083315
SLC16A14	0.3319391769727331	0.534966256538795	0.45743212219022555	0.229107075852271
AC004889.2	0.7685451890746983	8.71444917032511e-06	0.4535337313613663	0.3203976560163107
FAM46B	0.3044119985322725	0.3432708821670719	0.5935405896290353	0.592769623745589
C1S	0.13651356541504958	0.2881104230324783	0.5843816520947236	1.036019992024852
HOXA10	0.6704531864507165	0.46223241956593164	0.4671628767096204	0.6013207972194583
PVRL4	0.581888646230427	0.1589887845936363	0.8521426203250055	0.17861689854428234
RP11-890B15.3	0.3667690852323957	0.418659610626387	0.25575758319358866	0.5030894668688557
OVCH2	0.0073803821578140175	0.0474414907590118	0.25178559972392867	0.14770292002256805
RHBDD2	0.8687954405777999	0.8951902355055985	0.7544367877833692	0.9979134432287531
RNF144B	0.29042974753181316	0.39226782390795917	0.7607875803836526	0.4379537829916773
BAIAP2L1	0.9930727909892835	0.6449146206935661	0.8291907261091298	0.7851278024944199
SLC27A2	0.9554494636401254	0.5187286985086594	0.33442137921093584	0.1261644091767299
DDRGK1	0.9141000194885317	0.8750772486285708	0.7902923767241001	1.0602693756036836
ELOVL2	0.027880755830722897	0.927945364874792	0.07941348341773201	0.5191880973519162
MEST	0.8279854930764077	0.6829864588371769	0.6847089661567839	0.6747376022520845
CTAGE15P	0.6380520525487424	2.3053630877080075e-11	0.34764201136705764	0.2761586859020146
TSPAN2	0.19672631224749532	0.22988544751129614	0.5989031639364302	0.47359596239225926
CTAGE4	0.7705145311399849	2.6716796219121295e-05	0.4557543098496918	0.32210876510646563
GPR56	0.8540282245704869	0.5799856303179682	0.8398238153986337	0.6584020849265919
IRX2	0.16659709638185594	0.40737024752162676	0.5984673238054803	0.138714545641544
DNAJC6	0.2946782082548496	0.8395176785114601	0.3246024363131776	0.5012768729040034
LRRK2	0.055420315221333144	0.2578672529903393	0.07457856399010204	0.4516037280486903
SCN3B	0.09228481022951915	0.5780941265353208	0.025871880102714507	0.10564389696866665
CFLAR-AS1	0.5215809083819813	0.29476185947779554	0.31555827159306216	0.6798816414090364
RGL3	0.9339087077597925	0.3381081107699643	0.21207408081194212	0.47307276618682487
RP11-429J17.6	0.9464733222146479	0.37053760841398625	0.7376851472805245	0.09093952077822123
SLC20A2	0.7705177442881451	0.6063346630450482	0.724365802552847	0.889666350401799
MYO6	0.9194111329491308	0.6456118199316769	0.6795411026561199	0.7280166868292293
RP11-713N11.4	0.18493026498259793	0.19712276027382875	0.10339974633687385	0.11630126498064976
PON3	0.597798237055355	0.13522381502565334	0.3266923835171973	0.09433220306659548
DSC3	0.15023416405147685	0.1454273024204733	0.8128568952151902	0.17532077513073593
FGF1	0.06318165958320639	0.11689024330165677	0.17040906708324566	0.7001632947587008
PROC	0.3806254261297304	0.34757494335702455	0.2265663903818707	0.1745456361182737
CDH4	0.05327140260282171	0.3071186273788898	0.15817008106016	0.5437734026478165
RIC3	2.2324681036434283e-09	0.5703655802466444	0.12030471954380836	0.019105435522002428
LSR	1.159893173978731	0.645848608551852	0.9535390504749292	0.4431821385452708
RARG	0.642444229396913	0.41318526120297544	0.8196052137261025	0.9497448531019657
STXBP2	1.0143204193424529	0.5661184446654143	0.8494508090197896	0.5904429822160577
RP11-44F14.8	0.41591847749276284	0.06801597420979989	0.23492093131853373	5.692006228731224e-22
DUOX2	0.13032527876552027	0.16285010057994767	0.31589722576657	0.07037106255242828
FGD4	0.5590187794964733	0.4914200630580098	0.32795315235088474	0.46966135178899
SORT1	0.7452879718263137	0.8832423408315484	0.6413376212451929	0.8754516277944346
SHROOM3	0.768790199073133	0.49799963858444085	0.4822416249207603	0.49868480583793573
RP11-64D22.1	0.09017089131638746	0.0587773438348837	0.0505066943301556	0.040539398696386515
AADACL2	0.06678310375562012	0.058815591209423604	0.05172484652122779	0.0315232709728767
PACSIN3	0.7071639992611362	0.572378503368846	0.8751634377618396	0.9325053706704718
TMOD3	0.8163690760649034	0.6394245258654294	0.8298713158555867	1.0114748900853823
DAB2IP	0.6431176363629094	0.7234237178184622	0.6950256765901826	0.6720419104493776
BACH2	0.12601172124119134	0.4767507321726037	0.2064369901865069	0.27523051465214515
CYTH3	0.5882895397459317	0.6216203039592157	0.7969257688372701	1.0394233602010645
RP11-502I4.1	0.42091598733781094	0.4092871431890333	0.1921677212674982	0.3218907918528789
HSPG2	0.7085810861338306	0.34685208054086486	0.7830343273155497	1.1235342845644223
NXN	0.4331695890321435	0.5600189972881772	0.8838202701446033	0.9041010954428943
RNF223	0.5794894124205198	0.05769455586674685	0.4748777626801702	0.00830219618833997
C10orf54	0.45682965329897346	0.012233290726461432	0.8292787403418639	0.7438549294745097
ADPRHL2	0.8018018812335043	0.8217700643736183	0.7496645388038601	1.0526608527390213
CAP2	0.31953343458968236	0.6003699299750452	0.6241826803641513	1.090651510925524
AP3B2	0.04022790463952298	0.9273702488633532	0.15176059736642367	0.12541378967024458
MAB21L3	0.21885352458323099	0.10910048060288162	0.2678977775605867	0.166928396483817
CNKSR1	0.7699908796659163	0.39051414061938433	0.713133433425546	0.19614837989942951
AMOTL1	0.18716106522366083	0.8331732400911859	0.8759492907933251	0.8707480693400224
MAP3K9	0.6140706588945138	0.6636470344127469	0.6459521080614012	0.39805950372743665
NT5C2	0.8319460615067785	0.6660715820766252	0.7433846230589313	0.9634958861939035
MUC19	0.07991217071708372	0.19754081155427008	0.0022015654734578822	0.03808623820364392
CDX2	0.6318523635349076	0.18694594497468828	0.021857317660523245	0.0660746151917797
FZD5	0.7842210251006616	0.5392972256801546	0.33035238680275003	0.4892362902352536
GRHL1	0.6056937592366143	0.5298816080605848	0.628471145693438	0.2525929447535388
TGFBR1	0.5069040786487821	0.8013105360062771	0.6493955082054252	0.9112753541623099
EXOC6B	0.41257213841005247	0.5736982873428684	0.6460342484677625	0.7368333181882483
UBE2H	0.8875467413093917	0.7790412798811608	0.8334259495490608	1.1101417748412516
CMTM4	0.9072582327778784	0.7518969826157218	0.6403746013769873	0.719314041580262
GAS6	0.6736095176193889	0.44060168155575813	0.6856526126223071	1.0857932455921686
WWC1	0.8667654708108821	0.5420187717866237	0.7629321715561455	0.5954081087126297
AC008738.2	0.6704837900810328	0.5734962079618472	0.4737277924331466	0.2508817526449019
PLXNB1	0.8512883646063453	0.7440401711336898	0.656736099374282	0.6075469132706902
C1orf168	0.1744116968568481	0.22879280484691544	0.010398876223744063	0.0448396236794213
FAM160B1	0.5313556534555258	0.5489301370039745	0.49330907549107855	0.8700402173762151
RSAD2	0.28197312059996127	0.23427399631093096	0.3862258576947119	0.29368300573759465
EXPH5	0.6800045981633714	0.2892958172065387	0.3622195804695348	0.2033861733697585
SSH1	0.60284281440599	0.6698196893041407	0.6521295080676625	1.04236945103343
PHLDB2	0.40244881270569854	0.27914509281398825	0.8625545470932554	0.9391934239204173
TMEM125	0.934362392411345	0.1535035117958207	0.5922053609292584	3.1128679631319392e-21
CCDC80	0.1393836649214903	0.14396121928590286	0.858488098774	1.2462230323577086
CDH3	0.7248437166522598	0.34705252342735643	1.1193592730215427	0.19351311194742393
GBP1	0.24168623636789088	0.07047590568488078	0.6381991025128821	0.943322385273719
ABAT	0.2932131184606408	0.5983319546361578	0.3016340709441103	0.24791472799634207
LRP11	0.7991675012266879	0.7312960791238097	0.7648352003542948	0.9267791499586795
HLA-P	0.23745196297303015	1.6339631658722017e-21	0.5249681498526116	0.19840854394515714
IL18	0.8442069067000598	3.1756230687814456e-21	1.0263120254121842	0.6423458878054285
TGM1	0.27070948341714385	0.3697296662376355	0.5677999618244692	0.3320784919507364
ARHGEF10L	0.6652521095704421	0.5319147585796233	0.3696505240948981	0.633483526028378
GYLTL1B	0.6956980110229181	0.72319624024028	0.459471891778524	1.7721132182633333e-08
EVPLL	0.2752529290320582	0.10834594208760397	0.3155048892549716	1.7106333813287232e-21
GGT6	0.4030432241520929	0.11183180371246039	0.3500410730993502	1.2371344631596046e-21
VANGL2	0.0822634795309208	1.0230752356344701	0.5942486005525817	0.19280033426137452
DENND2D	0.7187493103453307	0.21656452306838686	0.4438936629335361	0.2547914666866539
DMD	0.07869582552974276	0.38756556384595314	0.21978955954769103	0.4747906707233873
SRCRB4D	0.27461153715221387	0.456878620499631	0.29697968973261085	0.40841330657317915
CLIC3	0.41232812086097353	0.0856415916804178	0.831935244919976	0.46880904717264626
ARHGEF16	0.9399970739797445	0.47325341092261347	0.7115067452253643	0.20938207481774257
DAAM1	0.5546430602115829	0.7098478816991756	0.7256392923470444	0.6160890100613813
OXSR1	0.7859007888772774	0.756678805916128	0.686426887625356	1.048910212680088
OSBPL2	0.8390890352115057	0.7514635773175876	0.7411170214278026	0.8500634784850417
MSRA	0.3976145299748205	0.37210522290311704	0.20910902000183304	0.6886378788600089
EDN2	0.24831943467285655	0.31661934856740653	0.5036241826080972	0.19819621793913036
GAS6-AS1	0.39647792870706605	0.180020589374177	0.2353034844367875	0.6479544855903419
RIPK4	0.7247311423644702	0.4133551573992654	0.85408558661156	0.5764620580548596
EDAR	0.44906630759018834	0.09908291685256597	0.19594777452684245	0.04812152913016764
KAZN	0.3036531624393559	0.547822879480699	0.4561905486812827	0.5751994861906831
ARHGEF5	1.0048031938284903	0.06944619077867965	0.7653855397130078	0.5120741011527649
ZDHHC23	0.6894737009686938	0.6354731255849014	0.37709906917946967	0.419250689564951
VWA2	0.5307855320974519	0.1896742706035384	0.23679375157678978	0.04975977364130425
CELSR2	0.390067077105037	0.9332494829529836	0.711112492545042	0.44692906028483864
CTAGE6P	0.6162518130725101	2.8313715403151043e-09	0.32867675563220816	0.27696927555698386
LPCAT2	0.4959702124353862	0.20939251561274122	0.6998139887300239	0.8769759556058373
ZNF503-AS1	0.2330387458646611	0.05634806190964781	0.08712997586935868	0.11548795859618044
GRIP1	0.2163844022591844	0.6694219203460802	0.37186707834101845	0.20791700911426236
MR1	0.3093972328282982	0.22876439862812473	0.6515772467921407	0.7351287999561916
IRF5	0.4739759326897234	0.39111677786457655	0.4376647158501379	0.29984720619480704
PRRG4	0.6412397271726099	0.28869008988321515	0.7126595011729734	0.32817398600698416
TMCO4	0.6484236300882212	0.22054647401699465	0.5035337717636962	0.7666915013340774
TPD52L1	0.7627808312025008	0.34597177100412924	0.8769571362180089	0.6023871483109222
TPD52	0.921520646991971	0.9610087354424962	0.6770923446429321	0.516648576619461
DUOX1	0.175994223434381	0.3235742007966682	0.4898611117773269	0.15861564331099665
CCL28	0.4257856844412993	0.1395035201822255	0.41076365124692593	0.4429499159750257
F11R	1.0801172141624473	0.6884678427092575	0.964639976018227	0.5699441068329103
PLCD1	0.4331948056273919	0.3667480129468267	0.34455022891702913	0.6807529944464831
PDYN	0.022384016430495767	0.11423903409382605	0.007819774475481659	0.038326921179177666
CTDSPL	0.8187127532367174	0.5318094551159868	0.6112233811468607	0.8167280355357964
CEBPA	0.6514389696413699	0.5545491289456127	0.44443819782951555	0.2365555363850957
ETNK2	0.20786148465658189	0.745679346940018	0.5750968045567556	0.5606930292424057
ELOVL7	0.7316708955062408	0.5199484946726638	0.545996129848263	0.36005589029631874
AC006050.3	0.019961875880444464	0.0641338002949379	0.376444021759225	0.025813412027061864
ETV7	0.37010311582408156	0.12014088395368239	0.34522537412520554	0.2838974277010651
ATP8B1	0.9065562207969219	0.2833076206996984	0.6992519305661722	0.7987730252716032
CHRNB1	0.5304063511466126	0.5015076960602678	0.5097354313588472	0.7219580376375078
SH3YL1	0.7389947099925196	0.5194776580121508	0.445822571964679	0.4744540336892875
PRSS8	0.9827230085316297	0.2827587615375089	0.946539450851313	0.09706576952557118
CABYR	0.28381917431655945	0.6855073585611672	0.5651758666139434	0.5382339358267315
CDH1	1.1258178815582895	0.44198058034364107	1.000512053425445	0.17353772171870926
PLEKHA1	0.5944370047218257	0.5851795129232306	0.4522388059236655	0.6235155433718987
TMEM40	0.14268057230419162	0.11828320337687939	0.9656249689991764	0.1915703786065491
MFNG	0.4147976395545572	0.35352849026155936	0.34336225572324997	0.32281253703081864
TRIM17	0.27845729973798816	0.45360612533296013	0.26814332308028593	0.28525049069760877
ZBTB4	0.6175667110708944	0.6330992532618097	0.7617533556739693	1.0139701145135
CTD-2319I12.1	0.18149512287745329	0.09662923125213017	0.4444193181156265	0.6236391318058228
FBXO32	0.398870395486618	0.42453786448123043	0.5255868523088527	0.7819952306098995
FAM160A1	0.4885634106787606	0.3092081301886181	0.5004998390492917	0.35696505771820053
GOLT1A	1.0503893701303153	0.14027255253093912	0.1510709019453148	0.17842377135317672
RHPN2	0.9408755646791065	0.6519730098468102	0.6785534876764233	0.7045356718554928
RASSF9	0.22673415498335478	0.1365493797484726	0.390703793949509	0.35828536546405837
CREG1	0.8996083230461734	0.6994121028492338	0.8723982691821844	0.9529961895334992
MKL1	0.48442187138581	0.6612961406752803	0.6529519395602822	0.8329071179592008
ABLIM1	0.9678917039425923	0.6598508735549629	0.692375491869513	0.6037524280948097
GSDMA	0.31130513620714495	0.05104530873570732	0.055956604898067655	0.0739757180952616
RP11-486L19.2	0.009335569296724461	0.11355279812394993	0.2595267246883155	0.009418888045458434
USP2	0.2657128578552581	0.669034438518464	0.20668639103555111	0.3288047859366608
GALNT3	0.9182013587655626	0.2803702051992078	0.8493520248600429	0.3270356326165076
POU2F3	0.3271637133672984	0.129960285701367	0.24449117046158098	0.08624786261143173
RP1-124C6.1	8.74806438265764e-18	0.07453105660157336	0.394082520780835	0.0878006008243898
FAAH2	0.7213922093282517	0.36626941899966586	0.3329896639453237	0.05302230716797041
UBL3	0.743306829110735	0.7144561596231215	0.6115759466414248	0.9349703623647287
SOX6	0.14457699495456705	0.4835438768412459	0.061477873149787296	0.30281519131541584
ANK3	0.42878885044370235	0.5222159769415093	0.3670715860339899	0.30130450007077914
KIF13A	0.4733833458265386	0.49298488634684595	0.6473638767236519	0.956093075492613
SLC30A2	0.16055792147589257	0.22281236083836056	0.10919952035851443	0.06911119000924856
SGPP2	0.8107820938998964	0.5586744102633964	0.24288341492139	0.3436931472170479
C11orf80	0.5955844407125103	0.6576329066858906	0.6246193491378865	0.6096359096683268
LYPD6B	0.30265555462306337	0.26000204390271203	0.7003040007881429	0.3137354794176631
MTMR1	0.7157362483822712	0.766021532323966	0.6876263505827249	0.8233045063702489
CALML3	0.13064884607817526	0.2423078295056076	0.4652849964887402	0.035082607205358704
TP53I11	0.5093930708126844	0.6615879319453775	0.2511284198379416	0.4769983471169631
HOOK1	0.9694657290360019	0.7212680336848861	0.5236830297523243	1.4360882537108285e-14
BCAM	0.7141496231672178	0.6209899129943914	0.9893409231467756	0.788883537716541
PDP1	0.6491019053001723	0.5411942420158236	0.7302416157920398	1.0211297979507912
EPS8L2	1.1001250357339005	0.2685144893746817	0.9445429809035266	0.7232749841254038
TTC7A	0.6954106807870373	0.4538759155556129	0.7390242115807112	0.8268500651928861
TTTY16	0.02707588228153721	0.021744442219531833	0.03919468574861553	0.046220807174755324
SPAG1	0.6733252608323869	0.47859746076617266	0.5432873087865504	0.6466264071292832
LANCL2	0.5840857177478124	0.7233050218578911	0.509357463295747	0.7798422519605559
PALLD	0.45494640690390437	0.5660408987062143	0.8106179495006935	1.037153698116224
KCP	0.3230655244889632	0.17932651562221572	0.20078437568210455	0.23081624939701317
CTAGE8	0.7564232842428782	3.2313621721168985e-07	0.44345158689431663	0.3133685871588837
C6orf132	0.7868848834628042	0.06003117728660507	0.7965584915865842	0.2905993266466367
INSIG2	0.7279474685902158	0.5634801731675614	0.594328001836818	0.8663794078279159
PDE5A	0.3680471907159918	0.44190238852025726	0.3352167649518987	0.6773159205354558
SMPDL3B	0.8977013185700089	0.44147214522851386	0.34963291226568816	0.1661125367944135
SLC44A2	0.848890201098324	0.700265392670277	0.921137353220712	1.0276239408928067
DSG3	0.20301228228483695	0.08104425343122315	0.6733818422525866	0.07847121427696636
SH3BGRL2	0.8856360310701907	0.6540279272127293	0.33413444127955455	0.41210695501538397
CCDC64	0.7135208323341435	0.8884325654651619	0.4316190090583344	0.09114582973604451
LPAR2	0.6949570950998792	0.6554654897361645	0.6146115907566009	0.4579147315516641
RAB11FIP1	0.9682751980406598	0.6489324753304829	0.6246770842763627	0.5898506028092613
UPK3B	0.49313378140447783	0.2849350619476961	0.778468434222355	0.3836900068772102
PRSS16	0.6602305982008272	0.3996089563705708	0.5368878718507459	0.1625583314862063
RP11-44F14.2	0.4658505734269389	0.08495790607364125	0.2939260865609814	6.712482820853514e-22
INADL	0.7950166523782429	0.5234661755543156	0.6573753205480048	0.44502451525229636
DUOXA1	0.06961963472009691	0.1782855570791696	0.4302899520023277	0.07779024645957139
SAMD12	0.6250278438506808	0.1999311170456101	0.43221305502412694	0.3460973349381702
PTPN3	0.7810605899764815	0.5326335649666312	0.5518712794802272	0.5055263618577428
BAIAP2	0.6546696768480981	0.5791544566103052	0.8022067496927898	0.8131170080120614
AL353997.5	0.015582885144588986	0.08752577491572663	0.23446045645447777	0.03180276372699044
DENND2C	0.16221128101931212	0.2196206674168716	0.44363110593266714	0.4112230658469843
TMEM184A	0.8776613919728368	0.43356682059005364	0.7447620490112069	0.27004122695554406
KIAA1217	0.681461178958532	0.18334873493740342	0.6978637124060573	0.692891513777174
LIMK2	0.7172410943477247	0.7881005662227663	0.7661014749690379	0.7370679532455039
TC2N	0.9640158164148875	0.35490460565106213	0.6044515555836707	0.04649809267131663
RASAL1	0.5937424091690882	0.44033029924320577	0.24284024262336207	0.03172455596922805
RP4-798C17.5	0.9744777266852561	0.05064972177660889	0.7197088197983167	0.49560723418797425
FGFR2	0.35283670477676626	0.5006336966309571	0.6811177322059174	0.14854987428990135
CXCL16	0.9000833942479298	0.39319809661580724	0.862763145307194	0.5471958646300769
DLL1	0.21438028085983815	0.7127532822276136	0.5245902903641672	0.20548533457560794
FAAH	0.7751699287573831	0.5702275512646539	0.43274982199558604	0.2398052996757883
PRKCH	0.34929391769806095	0.443527638300189	0.609387621303446	0.3452336092042389
SLC2A9	0.2405714254671606	0.10770463057994902	0.3693330241724693	0.2120334531081933
CRYAB	0.12443083251327945	0.34439403005159797	0.40156587704717106	0.7791154799221011
RP11-314P12.2	0.05736939341464727	1.549408118816857e-21	0.6320318359755747	0.41081826644706154
RP11-615I2.2	0.4943626515392186	0.22565648222169318	1.007639429025815	0.04481183751010179
RP11-354M1.2	1.0373426411557816	0.2861731130543253	0.9313657712100436	0.09018588172100245
SYK	0.8530015588901386	0.48738748943064397	0.4935736809983588	0.06588713603206009
PLCB4	0.4788804870937971	0.6816512245462112	0.13427580208469772	0.7920584731696025
BLNK	0.3660748726619481	0.1283124450759692	0.3043294202272125	0.0366041077605462
CCDC149	0.3834877545863926	0.503669435053841	0.3408511054503396	0.5742872325289266
DSC2	0.89480140314417	0.28059940361453256	0.7550517616756622	0.19019337476449838
RP3-406A7.7	0.5637949937183493	0.3428173455785487	0.2223247164341912	1.1631046941152029e-21
CTSL2	0.6738649508857478	0.7882949502490246	0.9240604297787759	0.5322997196179469
CASZ1	0.5357495253664827	0.6487629193429884	0.38125987811707074	0.2185037830921774
RP11-44D15.3	0.26481065150185756	0.16522022063550526	0.11415679655009572	0.07679444173783088
EFEMP1	0.10748897913632986	0.22262639992294636	1.1762201323931396	1.0008374772528843
NPM2	0.39156088338505946	0.4204301569027365	0.1537415475812996	0.1754775611933736
ESRP1	1.0233961420003395	0.5597809501149926	0.8606601918694747	0.04227185431210236
OCLN	0.8483533043655599	0.44699853805308754	0.5220278147810273	0.3503135667963697
RP11-417L14.1	0.06185483850991185	0.04446359357501218	0.1562867708224138	0.06457194874404858
RP11-517C16.2	0.6329905326336613	0.2330816693991036	0.4030990461941363	0.38140114324882857
DSP	1.0793121927882285	0.5367827964708268	0.9620128917659998	0.5322155682366326
MUC16	0.15209410271657728	0.042479019634036996	0.6263742852118174	0.046150977022450794
ATP2A2	0.9352348081817706	0.912941343002153	0.8239472679220013	1.1132841647773386
MAP7	0.9948459393864121	0.6199757376670856	0.7226816677188748	0.2149188669471793
NEURL1B	0.4439910291944521	0.8254244632102451	0.49004407731883753	0.4906585639172959
EPSTI1	0.39901290607771955	1.422858669394959e-08	0.4951689670915726	0.5181239224348375
MMP28	0.2951174662763325	0.048709505091413384	0.561935127587132	0.2381666231448865
KRT17	0.36314906400779595	0.26066584873554505	1.1867772805492947	0.4569520924669975
CTB-79E8.2	0.4398337288448595	0.8195655173141654	0.5063328433844172	0.48849968853652853
ARHGEF37	0.39883796554229217	0.38151843255199835	0.5617016988781882	0.3680755708525426
ABCA12	0.2698324967661075	0.23718187988113976	0.4677637039804289	0.08720907843702619
MARVELD2	0.8886268619188942	0.342418008826591	0.5906638448672645	0.20332819595252508
CRB3	1.2112841262395084	0.2750406602113665	0.783381809508667	0.02887468381051089
RP11-22C11.2	0.5574345371750583	0.11730774821394155	0.30701709884524714	3.3507946380060565e-22
ST6GALNAC2	0.3449368174155973	0.4839410514665406	0.7935482009277994	0.42659988207729715
NCKAP5	0.16136604533387486	0.3464837445466888	0.13518527172828282	0.36423892583429124
RP11-195E2.1	0.8546950428035969	0.4703884001583576	0.5400207017906488	0.39797563975717953
RCAN1	0.550742987484907	0.6383328374281038	0.5249004836893252	1.0342642040092576
SHANK2	0.5408484371890306	0.25583285639583636	0.3420390298190728	0.2242080923446655
LIMCH1	0.3348821774918977	0.7263750119649527	0.7144261814597846	0.7224774233801214
USP43	0.6344982684448248	0.23467999991497945	0.5435442248655736	0.29039716212404065
OVOL2	0.7732436169743395	0.31294547252786387	0.4851783973180378	5.60345002542624e-22
FAM181B	5.567345093401142e-22	0.3992744664221702	0.31483249273529323	0.0239832964083384
ARHGEF35	1.0014009541471018	0.04650139432274689	0.7275865253730323	0.48455449050678595
GLP2R	0.04866211721073346	0.01916583161355542	0.2300564954276977	0.2935160349077395
C1orf210	0.9123291731776393	0.17614460691863348	0.4896780932345332	7.526929964955984e-22
TMEM56	0.5417547275798313	0.5813001194592967	0.3803429369274371	0.5899831178354893
CLDN1	0.8527256584433842	0.13813073482589042	0.9724797174037789	0.8443530070115998
LEPREL1	0.31621027042353095	0.057703250365668084	0.8977778842163167	1.181552203213547
ESRP2	1.085969812331184	0.29389563892156023	0.8113387650302436	0.1434962506757317
AL162759.1	0.41925752699500607	1.4408987564035827e-21	0.2757385643997821	0.18415135527815718
LY6D	0.2949830785298297	0.09814355159860573	0.6668364175017719	0.16836593429484348
KIAA1598	0.8357197040914519	0.7974805939226175	0.6717312982114353	0.7626492647597756
MARVELD3	0.8015729067612817	0.25443868243109624	0.5978803039219888	1.7233288326034127e-21
GPRIN2	0.4082200216154782	0.1465162734135962	0.44731791687290107	0.07870610575376497
FBXO2	0.4290942259737025	0.42456282247813876	0.738295367624971	0.47091299191364017
AC025627.9	0.013553402010208281	0.08594770792800492	0.15703007033558897	0.019720753740150837
SLC7A4	0.14795866017054957	0.3616955832276076	0.08129998326952532	0.13457527060389843
GRAMD2	0.3155439606956242	0.2727293135403248	0.5380320728052244	0.05119461806551973
TMC4	0.9386267760568703	0.38895493659462205	0.6953938117492545	0.14228291019706135
JPH2	0.09140590591871904	1.9560478170876802e-10	0.5910571186502314	0.6289965699856873
SUCLA2P3	0.035769571559032286	0.10637877094179371	0.002263952979850975	0.02788266013952934
GRHL2	0.8491027531253558	0.20840158402575745	0.8469618839605473	4.526088914523604e-21
COL4A4	0.21428801409128662	0.30060589747155025	0.33428290510881226	0.2713331420061148
ATP2C2	0.8087637553231265	0.18423219080990455	0.4574838207271737	0.21638686860267126
TTC9	0.6030262156883293	0.5182028721121734	0.638368024076023	0.2236083399099268
AC011330.12	0.15699998040887472	0.24782311725784364	0.03599461139470523	4.623738120408855e-22
AJAP1	1.8694010145146322e-21	0.21434789639089352	0.16624540044723402	0.2774602471539362
COBL	0.8927365225702134	0.6106387800563567	0.16409667139659925	0.05389475861471401
CCDC64B	0.8076876919283937	0.10199425776625853	0.5828444814627085	0.03484871151866197
KRT8P30	0.07376692404916192	0.4782672459852701	0.020606942257159012	0.05292776650142005
